1 0 0 0 0 1 0 0 0 0 1 0
0.998445 0.00183738 -0.0557238 -0.0756851 -0.00206876 0.999989 -0.00409493 -0.00520673 0.0557157 0.00420384 0.998438 0.63217
0.991174 -0.00108852 -0.132564 -0.210689 0.000525252 0.999991 -0.00428394 -0.015029 0.132567 0.0041765 0.991165 1.25091
0.977848 0.00945431 -0.209101 -0.403844 -0.0114636 0.999899 -0.00839918 -0.0333298 0.209001 0.0106102 0.977858 1.77809
0.95359 0.0138812 -0.300787 -0.659493 -0.0167054 0.999837 -0.0068194 -0.0444367 0.300644 0.0115277 0.953667 2.33983
0.929735 0.0184174 -0.367769 -0.871048 -0.0218184 0.999749 -0.00509162 -0.0498158 0.367583 0.012758 0.929903 2.71362
0.899888 0.0219573 -0.435569 -1.11561 -0.0262172 0.999649 -0.00377189 -0.0531273 0.435333 0.0148137 0.900147 3.08082
0.86028 0.0123046 -0.509673 -1.38709 -0.0173576 0.999836 -0.0051599 -0.0564996 0.509526 0.0132857 0.860353 3.45324
0.806581 0.0203069 -0.590774 -1.7402 -0.0233973 0.999723 0.00241977 -0.0719638 0.59066 0.0118708 0.806833 3.80279
0.737883 0.0226213 -0.67455 -2.15229 -0.0259005 0.999651 0.00519149 -0.0785073 0.674432 0.0136404 0.738211 4.14197
0.654987 0.0146934 -0.755497 -2.62013 -0.0144577 0.999872 0.0069118 -0.078042 0.755502 0.00639565 0.655115 4.47748
0.561522 0.0148027 -0.82733 -3.17387 -0.00933582 0.99989 0.0115538 -0.072869 0.827409 0.00123611 0.561598 4.77665
0.457821 0.0168103 -0.888886 -3.81311 -0.00717755 0.999859 0.0152121 -0.061572 0.889016 -0.000584413 0.457877 5.02212
0.403514 0.0193455 -0.914769 -4.16451 -0.00592643 0.999811 0.0185298 -0.0592629 0.914954 -0.00205571 0.403553 5.12095
0.293568 0.0244442 -0.955625 -4.92866 -0.00264827 0.99969 0.0247578 -0.057084 0.955934 -0.00473735 0.293542 5.27514
0.189536 0.0266272 -0.981513 -5.77353 0.00497747 0.999593 0.0280789 -0.0539087 0.981861 -0.0102074 0.189327 5.38902
0.141743 0.0278805 -0.989511 -6.22181 0.0032304 0.999585 0.0286271 -0.0506223 0.989898 -0.0072542 0.141594 5.40692
0.0615148 0.0267117 -0.997749 -7.19425 0.000357719 0.999641 0.0267844 -0.0316077 0.998106 -0.00200455 0.0614832 5.4111
-0.00458706 0.0215083 -0.999758 -8.22945 0.00143973 0.999768 0.0215019 -0.0182187 0.999988 -0.00134075 -0.00461696 5.36874
-0.0521176 0.0173059 -0.998491 -9.29864 0.000453413 0.99985 0.0173058 -0.0040542 0.998641 0.000449206 -0.0521176 5.27762
-0.0819578 0.0172003 -0.996487 -10.4542 0.00121703 0.999852 0.0171583 0.016149 0.996635 0.000193497 -0.0819666 5.15832
-0.0984349 0.0198491 -0.994946 -11.6783 -0.00186301 0.999796 0.0201302 0.0143208 0.995142 0.0038351 -0.0983778 5.01558
-0.103676 0.0236793 -0.994329 -13.6097 0.00219458 0.99972 0.0235788 0.0437029 0.994609 0.000262412 -0.103698 4.80768
-0.100703 0.0262182 -0.994571 -14.9021 -0.00112789 0.999649 0.0264662 0.0571789 0.994916 0.00378698 -0.100638 4.65151
-0.0973245 0.0233124 -0.99498 -16.1715 -0.00415394 0.999707 0.0238295 0.0819211 0.995244 0.00645227 -0.0971992 4.51404
-0.0935702 0.0297602 -0.995168 -17.5481 -0.00511148 0.999526 0.0303711 0.110359 0.9956 0.00792861 -0.0933737 4.36337
-0.0898915 0.0313138 -0.995459 -19.006 -0.00714457 0.99946 0.0320848 0.13754 0.995926 0.00999628 -0.0896192 4.21334
-0.0864357 0.0276828 -0.995873 -20.4821 -0.0104995 0.999533 0.0286959 0.172696 0.996202 0.0129365 -0.0861047 4.06627
-0.0849704 0.0300338 -0.995931 -21.3108 -0.00782938 0.999495 0.0308093 0.188056 0.996353 0.0104154 -0.0846923 3.99624
-0.0837854 0.032305 -0.99596 -22.1677 -0.00574069 0.999442 0.0329009 0.201015 0.996467 0.0084741 -0.0835532 3.92748
-0.0820641 0.0294858 -0.996191 -23.7932 -0.00451748 0.999541 0.0299571 0.226315 0.996617 0.00695868 -0.0818932 3.78791
-0.0817725 0.0224746 -0.996398 -24.6129 -0.00299425 0.999736 0.0227956 0.237439 0.996647 0.00484751 -0.0816836 3.72041
-0.082279 0.0187681 -0.996433 -26.2315 0.00107099 0.999824 0.0187435 0.25755 0.996609 0.000475026 -0.0822846 3.58338
-0.0823415 0.0262414 -0.996259 -27.0387 0.000574902 0.999654 0.0262834 0.263495 0.996604 0.00159146 -0.0823281 3.50928
-0.0829712 0.0387337 -0.995799 -28.7483 -0.00274048 0.999232 0.0390955 0.28859 0.996548 0.00597277 -0.0828013 3.3518
-0.0833285 0.0389782 -0.99576 -29.6089 -0.00448326 0.99921 0.0394884 0.302545 0.996512 0.00775476 -0.0830879 3.27273
-0.0837679 0.0355573 -0.995851 -30.4762 -0.00447807 0.99934 0.0360586 0.31741 0.996475 0.00748003 -0.0835533 3.19739
-0.08402 0.0327472 -0.995926 -31.3537 -0.00465594 0.999436 0.0332554 0.334979 0.996453 0.00743109 -0.0838202 3.11911
-0.0841176 0.0340158 -0.995875 -32.2213 -0.00621935 0.99938 0.0346609 0.35047 0.996436 0.00910928 -0.0838538 3.03656
-0.0838245 0.0365668 -0.995809 -33.0543 -0.00724299 0.999278 0.0373039 0.361701 0.996454 0.0103396 -0.0834991 2.95447
-0.083728 0.0349516 -0.995875 -33.9104 -0.00801893 0.999329 0.035747 0.372753 0.996456 0.0109789 -0.0833915 2.87439
-0.0833914 0.0297713 -0.996072 -34.7521 -0.00888652 0.999492 0.0306175 0.384874 0.996477 0.0114048 -0.0830844 2.79706
-0.0830311 0.0256213 -0.996218 -35.5896 -0.0102421 0.999595 0.0265618 0.399176 0.996494 0.0124088 -0.082735 2.71663
-0.0824068 0.0264391 -0.996248 -36.4505 -0.00998588 0.999576 0.0273534 0.407446 0.996549 0.0122025 -0.0821078 2.63873
-0.0818264 0.0288471 -0.996229 -37.2835 -0.00894652 0.999519 0.0296772 0.417227 0.996606 0.0113412 -0.0815291 2.56892
-0.0808973 0.0393717 -0.995945 -38.9617 -0.00791687 0.999163 0.0401419 0.44656 0.996691 0.0111321 -0.0805178 2.42984
-0.080857 0.0424574 -0.995821 -40.6076 -0.00816725 0.999031 0.0432574 0.478946 0.996692 0.0116308 -0.0804318 2.28888
-0.0803108 0.0338127 -0.996196 -42.2146 -0.00904713 0.999359 0.0346494 0.512734 0.996729 0.0117954 -0.0799533 2.14779
-0.0801046 0.0310661 -0.996302 -43.0517 -0.0130174 0.999396 0.0322092 0.522997 0.996701 0.0155494 -0.0796518 2.07197
-0.0812295 0.0275781 -0.996314 -44.7116 -0.0141141 0.999485 0.0288166 0.544314 0.996595 0.0164028 -0.0807985 1.92044
-0.0831559 0.0225335 -0.996282 -46.3524 -0.00611761 0.999714 0.0231218 0.561698 0.996518 0.00801757 -0.0829942 1.78528
-0.0868381 0.0324053 -0.995695 -48.0131 -0.00328899 0.999456 0.0328145 0.575323 0.996217 0.00612438 -0.0866843 1.63958
-0.090045 0.034974 -0.995323 -49.633 -0.00137825 0.999378 0.0352411 0.598682 0.995937 0.00454509 -0.0899408 1.48874
-0.0911041 0.0310395 -0.995358 -50.3935 -0.00450983 0.999491 0.0315812 0.609355 0.995831 0.00736607 -0.0909177 1.4043
-0.0923881 0.0272374 -0.99535 -51.1838 -0.00917334 0.99956 0.0282041 0.619921 0.995681 0.0117364 -0.0920976 1.3242
-0.0938371 0.0257078 -0.995256 -51.97 -0.0130946 0.999548 0.0270533 0.629713 0.995501 0.015571 -0.0934581 1.24368
-0.0948741 0.0268341 -0.995128 -52.7691 -0.0145749 0.999492 0.0283413 0.6337 0.995383 0.0171927 -0.0944349 1.15933
-0.0958264 0.0282628 -0.994997 -53.5861 -0.0139951 0.99946 0.0297374 0.641555 0.9953 0.0167747 -0.0953791 1.07318
-0.0967032 0.0278077 -0.994925 -54.3836 -0.0159999 0.999437 0.029489 0.649873 0.995185 0.0187704 -0.0962039 0.98209
-0.0971072 0.0277047 -0.994888 -55.1709 -0.0169713 0.999421 0.0294874 0.657858 0.995129 0.019748 -0.0965808 0.895463
-0.0974499 0.0295436 -0.994802 -55.9544 -0.0152819 0.999397 0.0311771 0.667868 0.995123 0.0182407 -0.0969397 0.812422
-0.0976369 0.0324257 -0.994694 -56.736 -0.0146527 0.999314 0.0340146 0.679763 0.995114 0.0178961 -0.0970948 0.727969
-0.0983208 0.0387279 -0.994401 -58.2754 -0.0149834 0.999072 0.0403913 0.702933 0.995042 0.0188708 -0.0976492 0.562433
-0.099095 0.0386882 -0.994326 -59.0253 -0.0149783 0.999073 0.0403656 0.716979 0.994965 0.0188933 -0.0984236 0.485461
-0.0995087 0.0331822 -0.994483 -60.531 -0.0139469 0.999299 0.0347384 0.741433 0.994939 0.0173268 -0.0989762 0.325538
-0.0980669 0.0280296 -0.994785 -61.9811 -0.0148527 0.999451 0.0296253 0.762836 0.995069 0.0176805 -0.0975968 0.167629
-0.0916995 0.0282898 -0.995385 -63.3671 -0.0175037 0.999396 0.0300163 0.772629 0.995633 0.0201754 -0.0911489 0.0299565
-0.0784406 0.0313985 -0.996424 -64.6776 -0.015977 0.999336 0.032748 0.784366 0.996791 0.0184887 -0.0778869 -0.0806957
-0.0576449 0.0344147 -0.997744 -65.9454 -0.0193199 0.99918 0.0355804 0.797614 0.99815 0.0213273 -0.0569328 -0.167759
-0.0243549 0.0373062 -0.999007 -67.1519 -0.024127 0.99899 0.0378938 0.813187 0.999412 0.0250259 -0.0234303 -0.203941
0.0231667 0.0385919 -0.998986 -68.2502 -0.0247155 0.998971 0.0380182 0.824987 0.999426 0.0238097 0.0240967 -0.169171
0.0864446 0.0382574 -0.995522 -69.2481 -0.0221386 0.999089 0.0364721 0.835763 0.996011 0.0188866 0.0872129 -0.0587988
0.164857 0.0383518 -0.985572 -70.1689 -0.0214488 0.999147 0.0352923 0.846018 0.986084 0.0153211 0.165539 0.122832
0.258125 0.0380609 -0.965362 -71.0362 -0.0171345 0.999247 0.0348153 0.851182 0.96596 0.00755434 0.258582 0.394287
0.359452 0.0280749 -0.932741 -71.8257 -0.00410632 0.999585 0.0285044 0.852376 0.933154 -0.00641585 0.359419 0.768399
0.463367 0.0228356 -0.885872 -72.5827 0.000822501 0.999656 0.0261989 0.865339 0.886166 -0.0128684 0.463189 1.21341
0.556338 0.0173235 -0.830776 -73.2719 0.00975401 0.999578 0.0273753 0.877311 0.830899 -0.0233333 0.555934 1.74849
0.641718 0.00587014 -0.766918 -73.8821 0.0212847 0.999449 0.0254599 0.878536 0.766646 -0.0326617 0.641239 2.37187
0.72329 -0.00571832 -0.690521 -74.4206 0.0147998 0.999864 0.00722208 0.88446 0.690386 -0.0154432 0.723276 3.03517
0.76198 -0.00799641 -0.647551 -74.6234 0.00992925 0.99995 -0.000664228 0.882121 0.647524 -0.00592357 0.762022 3.40191
0.799124 -0.00908108 -0.601098 -74.865 0.00858609 0.999956 -0.00369214 0.880619 0.601105 -0.00221059 0.799167 3.8103
0.863924 -0.00900133 -0.503543 -75.3385 0.00577503 0.999952 -0.00796697 0.873975 0.50359 0.00397487 0.863934 4.70401
0.911614 -0.000887613 -0.411047 -75.7672 -0.00157569 0.999983 -0.00565391 0.853136 0.411045 0.00580186 0.911597 5.69989
0.942854 0.00873111 -0.333092 -76.1378 -0.0114955 0.999914 -0.00632931 0.838829 0.333009 0.00979669 0.942873 6.78625
0.960459 0.00837059 -0.278295 -76.4609 -0.00960371 0.999949 -0.00306799 0.818033 0.278255 0.00561934 0.960491 7.97515
0.970933 0.0110149 -0.239098 -76.7507 -0.0109634 0.999939 0.00154546 0.806701 0.239101 0.00112078 0.970994 9.22703
0.977458 0.0195974 -0.21022 -77.0466 -0.0191281 0.999808 0.00426577 0.793973 0.210263 -0.000148508 0.977645 10.563
0.982882 0.017832 -0.183373 -77.2976 -0.0174278 0.999841 0.00381592 0.783654 0.183412 -0.000554823 0.983036 11.9243
0.987846 0.0197764 -0.154171 -77.5144 -0.0192649 0.999803 0.00481088 0.775185 0.154236 -0.00178232 0.988032 13.3477
0.991271 0.0203025 -0.130271 -77.7079 -0.0209133 0.999776 -0.00332191 0.754186 0.130175 0.00601731 0.991473 14.8282
0.993474 0.0182239 -0.112595 -77.8914 -0.0194537 0.999762 -0.00983315 0.73674 0.112389 0.0119594 0.993592 16.3861
0.994182 0.0199155 -0.105852 -77.9687 -0.0204206 0.999785 -0.00368948 0.723331 0.105756 0.00582957 0.994375 17.1264
0.994631 0.0245349 -0.100537 -78.0496 -0.0242158 0.999697 0.00439299 0.708018 0.100614 -0.00193482 0.994924 17.8999
0.995327 0.0242424 -0.0934734 -78.2094 -0.0236696 0.999694 0.00723167 0.689877 0.0936201 -0.0049854 0.995596 19.4239
0.995922 0.0226157 -0.0873324 -78.3391 -0.0219547 0.999723 0.00852186 0.673995 0.0875009 -0.00656975 0.996143 20.9566
0.996484 0.0185766 -0.0816973 -78.4607 -0.0175945 0.999764 0.0127243 0.655418 0.0819144 -0.0112421 0.996576 22.4942
0.996709 0.0178911 -0.0790663 -78.5295 -0.0172213 0.99981 0.00914614 0.645998 0.0792149 -0.00775442 0.996827 23.2742
0.99677 0.0205459 -0.0776318 -78.5989 -0.0204647 0.999789 0.00184168 0.635955 0.0776533 -0.000247023 0.99698 24.0486
0.996889 0.0210606 -0.0759508 -78.6662 -0.0215506 0.999752 -0.00563807 0.621352 0.0758133 0.00725731 0.997096 24.8167
0.996971 0.0219702 -0.0746017 -78.7373 -0.0227557 0.999694 -0.00969563 0.605825 0.0743659 0.0113639 0.997166 25.613
0.997091 0.0231014 -0.0726376 -78.8052 -0.0237563 0.999684 -0.00816424 0.589851 0.0724261 0.00986608 0.997325 26.4027
0.997178 0.0265045 -0.0702359 -78.8624 -0.0268622 0.999631 -0.00415355 0.571144 0.0700999 0.00602852 0.997522 27.1516
0.99724 0.0301384 -0.0678558 -78.9205 -0.0301416 0.999545 0.000977333 0.552903 0.0678544 0.00107064 0.997695 27.9128
0.9975 0.0276301 -0.065043 -78.976 -0.0275058 0.999618 0.00280471 0.540259 0.0650957 -0.00100864 0.997879 28.6783
0.997646 0.0246678 -0.0639841 -79.0265 -0.0245519 0.999695 0.00259762 0.52752 0.0640287 -0.00102057 0.997948 29.433
0.997839 0.0225041 -0.0617271 -79.1261 -0.0225003 0.999747 0.000756389 0.501926 0.0617285 0.000634127 0.998093 30.9427
0.997935 0.0200865 -0.0610134 -79.1715 -0.0201509 0.999797 -0.000440837 0.492351 0.0609921 0.0016694 0.998137 31.7118
0.997994 0.0190964 -0.0603519 -79.2172 -0.019146 0.999817 -0.000243777 0.480149 0.0603362 0.00139878 0.998177 32.4792
0.99797 0.0221462 -0.059704 -79.2688 -0.0221438 0.999755 0.000702425 0.469856 0.0597049 0.000621073 0.998216 33.2478
0.997983 0.0218828 -0.0595926 -79.3203 -0.0219358 0.999759 -0.000235759 0.458816 0.0595731 0.00154249 0.998223 34.0359
0.9979 0.0216708 -0.0610412 -79.3734 -0.0217291 0.999764 -0.000291045 0.446353 0.0610204 0.0016168 0.998135 34.8205
0.997804 0.0194185 -0.0633302 -79.4206 -0.0194386 0.999811 0.000298781 0.435915 0.063324 0.000932927 0.997993 35.5899
0.997567 0.0211341 -0.0664332 -79.4766 -0.0211716 0.999776 0.000138852 0.424455 0.0664213 0.00126799 0.997791 36.3799
0.997112 0.0251328 -0.0716595 -79.6063 -0.0255528 0.999661 -0.00495022 0.397397 0.0715108 0.00676702 0.997417 37.9538
0.996909 0.0257893 -0.0742103 -79.6732 -0.0264847 0.999614 -0.00840282 0.384981 0.0739649 0.0103423 0.997207 38.775
0.996628 0.0248512 -0.0782048 -79.8249 -0.0255918 0.999636 -0.00848227 0.350703 0.0779656 0.0104551 0.996901 40.4536
0.996349 0.0225068 -0.0823481 -79.9614 -0.0230637 0.999717 -0.00581723 0.315924 0.0821939 0.00769524 0.996587 42.0928
0.996268 0.02225 -0.083397 -80.0346 -0.0225032 0.999745 -0.00209788 0.301141 0.083329 0.00396675 0.996514 42.918
0.996209 0.0219417 -0.084175 -80.111 -0.0217979 0.999759 0.00262737 0.287565 0.0842124 -0.000782573 0.996448 43.7638
0.996274 0.0218709 -0.0834299 -80.1902 -0.0215537 0.999757 0.00470095 0.276149 0.0835124 -0.00288521 0.996503 44.6265
0.99636 0.0248872 -0.0815328 -80.2721 -0.0245775 0.999686 0.00480007 0.267428 0.0816266 -0.00277873 0.996659 45.486
0.996512 0.0250448 -0.0796046 -80.3486 -0.0248456 0.999685 0.00349117 0.258242 0.0796669 -0.00150117 0.99682 46.3596
0.996699 0.0226053 -0.0779812 -80.4222 -0.0225762 0.999744 0.00125474 0.246645 0.0779896 0.000509922 0.996954 47.239
0.996913 0.0187769 -0.0762418 -80.4917 -0.0188588 0.999822 -0.000354781 0.233594 0.0762216 0.00179152 0.997089 48.1349
0.997062 0.0174235 -0.0745858 -80.5562 -0.017522 0.999846 -0.000665551 0.221026 0.0745627 0.00197049 0.997214 49.0106
0.997177 0.015128 -0.0735511 -80.6194 -0.0150263 0.999885 0.00193544 0.205715 0.073572 -0.000824775 0.99729 49.8738
0.997252 0.0123404 -0.0730458 -80.6796 -0.0120477 0.999918 0.00444574 0.192726 0.0730947 -0.00355349 0.997319 50.7423
0.997336 0.0120288 -0.0719485 -80.745 -0.0117104 0.99992 0.00484601 0.17831 0.072001 -0.00399055 0.997397 51.6134
0.997405 0.0160955 -0.0701699 -80.8821 -0.0164258 0.999857 -0.00413371 0.147127 0.0700933 0.00527558 0.997526 53.3456
0.99745 0.0176996 -0.0691431 -80.956 -0.0183923 0.999787 -0.00939547 0.126966 0.068962 0.0106432 0.997563 54.2139
0.997392 0.0225249 -0.0685695 -81.0232 -0.0236115 0.999608 -0.0150767 0.101291 0.068203 0.0166565 0.997532 55.0344
0.997474 0.0222557 -0.067461 -81.0821 -0.0233739 0.999601 -0.0158309 0.0744162 0.0670818 0.0173677 0.997596 55.8377
0.997557 0.0188986 -0.0672552 -81.1362 -0.0196128 0.999758 -0.00997506 0.0554216 0.0670504 0.0112698 0.997686 56.6676
0.997528 0.0183061 -0.0678414 -81.2 -0.0184115 0.99983 -0.000927685 0.0320674 0.0678129 0.00217445 0.997696 57.5526
0.99746 0.0172138 -0.0691135 -81.2662 -0.0167814 0.999836 0.00683311 0.0113326 0.0692198 -0.00565594 0.997585 58.4191
0.997327 0.0150396 -0.071503 -81.3297 -0.0147475 0.999881 0.00461136 -0.00139777 0.0715638 -0.00354455 0.99743 59.2689
0.997232 0.00997618 -0.0736755 -81.391 -0.00991984 0.99995 0.00113064 -0.0152063 0.0736831 -0.000396661 0.997282 60.131
0.997057 0.00847479 -0.0761927 -81.4591 -0.00852175 0.999964 -0.000291296 -0.0322687 0.0761874 0.000939734 0.997093 60.9603
0.996831 0.0106384 -0.0788389 -81.5296 -0.0108745 0.999938 -0.00256485 -0.0515465 0.0788067 0.00341405 0.996884 61.7363
0.996519 0.012189 -0.0824664 -81.6031 -0.012714 0.999902 -0.00584429 -0.0715482 0.0823871 0.00687243 0.996577 62.5536
0.99618 0.0127991 -0.0863748 -81.6791 -0.0136458 0.999864 -0.00921978 -0.0907815 0.0862451 0.0103632 0.99622 63.3716
0.995886 0.0146097 -0.089428 -81.7619 -0.0158368 0.99979 -0.0130274 -0.115108 0.0892188 0.0143901 0.995908 64.1859
0.995524 0.0191537 -0.0925454 -81.8493 -0.0204472 0.999706 -0.013049 -0.14031 0.0922682 0.0148829 0.995623 64.9777
0.995113 0.0227201 -0.0960924 -81.9376 -0.023908 0.999651 -0.0112285 -0.160362 0.0958038 0.013471 0.995309 65.7584
0.994674 0.0258362 -0.0997779 -82.0279 -0.0264981 0.999635 -0.00531361 -0.181854 0.0996042 0.00792924 0.994996 66.5538
0.99423 0.0264607 -0.103952 -82.1181 -0.0265659 0.999647 0.000372232 -0.202013 0.103925 0.00239149 0.994582 67.3524
0.993708 0.0257749 -0.108993 -82.21 -0.0255023 0.999667 0.00389422 -0.215896 0.109057 -0.00109015 0.994035 68.1606
0.993005 0.0252339 -0.115341 -82.3113 -0.0248289 0.999679 0.00494704 -0.228099 0.115429 -0.00204865 0.993314 68.9609
0.992356 0.0230179 -0.121246 -82.4087 -0.0221167 0.999717 0.00877359 -0.238231 0.121414 -0.00602496 0.992584 69.7445
0.991519 0.0235657 -0.127808 -82.5118 -0.022676 0.999707 0.00841166 -0.24849 0.127969 -0.00544213 0.991763 70.4938
0.990638 0.0283895 -0.133533 -82.6312 -0.0276095 0.999589 0.00768952 -0.259406 0.133697 -0.00393074 0.991014 71.2629
0.989775 0.0305033 -0.139336 -82.7554 -0.030247 0.999535 0.00395753 -0.268936 0.139392 0.000297427 0.990237 72.0473
0.98895 0.0291234 -0.145357 -82.8777 -0.0292608 0.999571 0.00119309 -0.279487 0.14533 0.00307337 0.989378 72.8406
0.988126 0.0305471 -0.150577 -83.0067 -0.0309132 0.999522 -9.08014e-05 -0.291668 0.150502 0.00474453 0.988598 73.6172
0.987361 0.0322666 -0.155166 -83.1418 -0.0318996 0.999479 0.00485534 -0.297689 0.155242 0.000155779 0.987876 74.3775
0.986341 0.0329371 -0.161392 -83.2736 -0.0318886 0.99945 0.0090832 -0.306992 0.161602 -0.00381258 0.986849 75.1264
0.985284 0.0323563 -0.167835 -83.4021 -0.0308617 0.999457 0.0115062 -0.322522 0.168116 -0.00615716 0.985748 75.8945
0.984167 0.029964 -0.174694 -83.5425 -0.0290641 0.999548 0.00770806 -0.330234 0.174846 -0.0025087 0.984593 76.6527
0.982703 0.0279895 -0.18306 -83.6886 -0.0283454 0.999598 0.000672741 -0.336764 0.183005 0.00452778 0.983102 77.3917
0.981083 0.0253606 -0.191918 -83.8423 -0.0260414 0.99966 -0.00102566 -0.349193 0.191827 0.00600407 0.98141 78.1386
0.978942 0.0249788 -0.202605 -84.0054 -0.0251011 0.999683 0.00196604 -0.362438 0.20259 0.00316097 0.979259 78.8815
0.976584 0.0248293 -0.213697 -84.1765 -0.0236501 0.999688 0.00807323 -0.367692 0.21383 -0.00283024 0.976867 79.6157
0.973915 0.0266826 -0.22534 -84.3568 -0.0237128 0.999593 0.0158758 -0.374936 0.225672 -0.0101182 0.974151 80.335
0.97129 0.0272477 -0.236333 -84.5461 -0.0232976 0.999539 0.0194911 -0.382335 0.236755 -0.0134256 0.971477 81.055
0.968378 0.0304468 -0.247621 -84.7492 -0.0275815 0.999507 0.0150328 -0.389787 0.247957 -0.00772768 0.96874 81.7743
0.965252 0.0299774 -0.259597 -84.956 -0.0294256 0.999549 0.00601214 -0.395912 0.25966 0.00183556 0.965698 82.4778
0.961912 0.0275074 -0.271971 -85.1656 -0.028267 0.9996 0.00112506 -0.398101 0.271893 0.0066056 0.962305 83.1719
0.955106 0.0275484 -0.294982 -85.6202 -0.0246733 0.999605 0.013465 -0.408479 0.295236 -0.00558229 0.955408 84.5956
0.951392 0.0275475 -0.306749 -85.8618 -0.0228994 0.999562 0.0187423 -0.411696 0.307131 -0.0108069 0.951606 85.3117
0.943436 0.0234143 -0.330726 -86.3613 -0.0204541 0.999714 0.0124286 -0.413881 0.330922 -0.00496091 0.943645 86.7083
0.940319 0.0193771 -0.339741 -86.6189 -0.0185553 0.999812 0.00566769 -0.420806 0.339787 0.000974576 0.940502 87.4065
0.93476 0.0155914 -0.354939 -87.1563 -0.0175101 0.999844 -0.002194 -0.434191 0.354849 0.00826586 0.934887 88.8271
0.931667 0.0207203 -0.362722 -87.4433 -0.0231195 0.99973 -0.00227429 -0.447698 0.362577 0.0105048 0.931895 89.5351
0.928576 0.020735 -0.370562 -87.7342 -0.0223362 0.999751 -2.97379e-05 -0.460162 0.370469 0.00830455 0.928808 90.2414
0.925397 0.0215123 -0.378388 -88.0241 -0.0205878 0.999767 0.00648925 -0.464421 0.37844 0.00178504 0.925624 90.942
0.922563 0.0235701 -0.385126 -88.3286 -0.0194124 0.999704 0.0146808 -0.468316 0.385358 -0.00606768 0.922747 91.657
0.919858 0.0334639 -0.390822 -88.6499 -0.0271573 0.999397 0.021654 -0.476726 0.391311 -0.00930494 0.920211 92.3642
0.917175 0.0403558 -0.396436 -88.9709 -0.0358131 0.999181 0.0188575 -0.480018 0.396872 -0.00309801 0.917869 93.0472
0.914855 0.0368739 -0.402095 -89.2821 -0.0353848 0.999312 0.011133 -0.479691 0.402229 0.004043 0.91553 93.7381
0.912955 0.0290661 -0.407024 -89.5941 -0.0301946 0.999537 0.0036516 -0.48227 0.406942 0.0089562 0.91341 94.4363
0.911181 0.0297733 -0.410929 -89.9193 -0.0312371 0.999507 0.00315383 -0.487942 0.41082 0.00996251 0.911662 95.138
0.908957 0.0357866 -0.415351 -90.2496 -0.0355354 0.999334 0.00833663 -0.494827 0.415373 0.00718205 0.909623 95.8191
0.906431 0.038116 -0.42063 -90.5879 -0.0361141 0.999267 0.0127265 -0.502721 0.420807 0.00365494 0.907143 96.5332
0.904239 0.0345229 -0.425628 -90.9272 -0.0330937 0.999394 0.0107545 -0.512133 0.425742 0.00436095 0.904834 97.2372
0.901866 0.032779 -0.430771 -91.2624 -0.0341467 0.999406 0.00455868 -0.520228 0.430664 0.0105981 0.90245 97.9127
0.899663 0.0299975 -0.435553 -91.612 -0.0343001 0.99941 -0.00201754 -0.525769 0.435235 0.0167546 0.900161 98.6204
0.897266 0.0305867 -0.440429 -91.9637 -0.0357287 0.999356 -0.00338578 -0.536194 0.440042 0.0187739 0.897781 99.3217
0.895272 0.0335306 -0.444256 -92.3136 -0.0370031 0.999315 0.000854893 -0.549599 0.44398 0.0156735 0.8959 99.9965
0.893234 0.0352582 -0.448208 -92.6692 -0.0378687 0.999278 0.00313948 -0.562967 0.447995 0.0141688 0.893924 100.68
0.890873 0.0360382 -0.45282 -93.0264 -0.0384693 0.999252 0.00384266 -0.574519 0.45262 0.0139963 0.891594 101.36
0.888648 0.0339427 -0.457332 -93.3726 -0.0365998 0.999325 0.00305125 -0.586693 0.457127 0.0140268 0.889291 102.019
0.886685 0.0320177 -0.461264 -93.7274 -0.0347983 0.999391 0.00247814 -0.598055 0.461062 0.0138539 0.88726 102.689
0.884525 0.0316464 -0.465418 -94.086 -0.0341028 0.999413 0.00314356 -0.610075 0.465244 0.0130915 0.885086 103.353
0.882361 0.0330636 -0.46941 -94.4495 -0.0355073 0.999363 0.0036478 -0.621592 0.469232 0.0134488 0.882973 104.014
0.880188 0.0334988 -0.473442 -94.8234 -0.0359743 0.999345 0.0038287 -0.634973 0.473261 0.0136618 0.880816 104.686
0.877849 0.0303904 -0.477972 -95.1926 -0.034732 0.999397 -0.000245565 -0.647643 0.477677 0.0168165 0.878375 105.353
0.875617 0.0271772 -0.48224 -95.5561 -0.0335516 0.999426 -0.00459674 -0.664194 0.481839 0.0202049 0.876027 106.004
0.873508 0.0257195 -0.48613 -95.9223 -0.0334431 0.999415 -0.00721691 -0.677549 0.48566 0.0225617 0.873857 106.649
0.871613 0.0273052 -0.489434 -96.2957 -0.0332249 0.999442 -0.00341068 -0.689746 0.489068 0.0192342 0.872034 107.298
0.869729 0.0312388 -0.49254 -96.664 -0.032864 0.999445 0.0053573 -0.70179 0.492434 0.0115275 0.870273 107.938
0.866794 0.0327332 -0.497591 -97.3858 -0.0264528 0.999457 0.0196673 -0.722621 0.497964 -0.00388479 0.867189 109.183
0.863394 0.0276475 -0.503772 -98.0819 -0.0229148 0.999616 0.0155872 -0.730407 0.50401 -0.00191402 0.863696 110.367
0.860437 0.0239953 -0.508991 -98.7551 -0.0210239 0.999712 0.0115888 -0.74005 0.509123 0.000729587 0.860694 111.48
0.857914 0.0229435 -0.51328 -99.3951 -0.0193982 0.999737 0.0122652 -0.753272 0.513426 -0.000565782 0.858133 112.533
0.855428 0.0211562 -0.517489 -99.9929 -0.0160829 0.999769 0.0142873 -0.765409 0.517672 -0.00389906 0.85557 113.507
0.852789 0.0186432 -0.521922 -100.548 -0.0135615 0.999816 0.0135551 -0.778056 0.522079 -0.00448157 0.852885 114.415
0.850226 0.0163332 -0.526164 -101.076 -0.0154015 0.999862 0.00615057 -0.79406 0.526192 0.00287436 0.850361 115.245
0.845485 0.00868224 -0.533928 -101.554 -0.00749754 0.999962 0.00438795 -0.802458 0.533946 0.000293204 0.845518 116.008
0.835203 0.0195811 -0.549593 -102.231 -0.0154262 0.999807 0.0121787 -0.81732 0.549726 -0.00169358 0.835343 116.98
0.821593 0.0238285 -0.569576 -102.824 -0.0120017 0.999628 0.0245079 -0.825345 0.569948 -0.0132997 0.821573 117.808
0.796433 0.0210255 -0.604361 -103.344 -0.00534353 0.999601 0.0277339 -0.83 0.604703 -0.0188588 0.796227 118.476
0.756332 0.0189396 -0.653913 -103.841 -0.00777652 0.99977 0.0199623 -0.837409 0.654141 -0.010013 0.756306 118.989
0.710831 0.0195895 -0.70309 -104.322 -0.0189075 0.999783 0.00874031 -0.833253 0.703109 0.00708079 0.711047 119.398
0.655476 0.0192574 -0.75497 -104.819 -0.0154779 0.999807 0.0120644 -0.82483 0.755057 0.0037774 0.655648 119.781
0.609695 0.0257519 -0.792217 -105.176 -0.0187619 0.999661 0.0180558 -0.819917 0.792414 0.00385494 0.609972 119.997
0.560105 0.0326871 -0.827776 -105.547 -0.0221338 0.999455 0.0244898 -0.813768 0.828126 0.00460496 0.560523 120.19
0.508503 0.0405524 -0.860105 -105.932 -0.0290533 0.99913 0.0299305 -0.811305 0.86057 0.00976915 0.509238 120.348
0.451617 0.043532 -0.891149 -106.318 -0.0295198 0.998991 0.0338399 -0.814031 0.891724 0.0110238 0.452446 120.478
0.385966 0.0368099 -0.921778 -106.749 -0.0281746 0.999208 0.0281047 -0.81104 0.922082 0.0151232 0.386698 120.589
0.30705 0.0342662 -0.951076 -107.252 -0.0260961 0.999279 0.0275779 -0.800356 0.951336 0.0163516 0.307723 120.674
0.216936 0.0304364 -0.975711 -107.83 -0.0229597 0.999396 0.0260705 -0.784707 0.975916 0.0167465 0.217504 120.726
0.11788 0.0286832 -0.992614 -108.48 -0.0201309 0.999446 0.0264899 -0.767476 0.992824 0.0168596 0.118392 120.727
0.0129145 0.0321708 -0.999399 -109.213 -0.0147569 0.99938 0.0319795 -0.74694 0.999808 0.014335 0.0133813 120.684
-0.0951471 0.0366849 -0.994787 -109.983 -0.00560521 0.999285 0.0373869 -0.728594 0.995447 0.00913324 -0.0948734 120.569
-0.20138 0.039907 -0.9787 -110.789 0.00137604 0.99918 0.040459 -0.705485 0.979512 0.00680088 -0.201269 120.357
-0.299436 0.0427365 -0.953159 -111.656 0.0115711 0.999086 0.0411606 -0.679334 0.954046 0.00129587 -0.299657 120.052
-0.34619 0.0444719 -0.93711 -112.105 0.0175142 0.999008 0.0409393 -0.667976 0.938001 -0.00223994 -0.346625 119.859
-0.432674 0.0482343 -0.900259 -113.027 0.0277693 0.998807 0.040168 -0.642531 0.901123 -0.00761996 -0.433497 119.39
-0.471661 0.0489416 -0.880421 -113.488 0.0304513 0.998767 0.0392069 -0.628146 0.881254 -0.00831755 -0.47257 119.118
-0.505908 0.0495052 -0.861165 -113.934 0.0318498 0.998743 0.0387032 -0.612615 0.861999 -0.00784769 -0.506849 118.822
-0.556979 0.0477772 -0.829151 -114.856 0.0305021 0.998847 0.0370658 -0.580747 0.829966 -0.00464599 -0.557795 118.153
-0.589048 0.0454289 -0.80682 -115.811 0.0282751 0.998966 0.0356046 -0.547517 0.807603 -0.00184004 -0.589724 117.409
-0.609876 0.0474403 -0.791076 -116.824 0.0304348 0.998872 0.0364382 -0.513356 0.791912 -0.00185343 -0.610632 116.597
-0.624156 0.0486598 -0.779783 -117.92 0.0307096 0.998815 0.0377472 -0.478003 0.780696 -0.000386694 -0.624911 115.7
-0.633794 0.0492127 -0.771935 -119.069 0.0310211 0.998788 0.0382054 -0.437477 0.77288 0.00026802 -0.634552 114.741
-0.6396 0.0513729 -0.766989 -120.261 0.0333037 0.998679 0.0391192 -0.396011 0.767986 -0.00052298 -0.640466 113.736
-0.641125 0.0515323 -0.765704 -121.513 0.0340398 0.998671 0.0387095 -0.351642 0.766681 -0.00124676 -0.642027 112.671
-0.642624 0.0508138 -0.764495 -122.797 0.0352052 0.998703 0.0367879 -0.306659 0.765372 -0.00327337 -0.643579 111.579
-0.643795 0.0527706 -0.763376 -124.158 0.034153 0.998607 0.0402286 -0.258662 0.764435 -0.000172603 -0.6447 110.418
-0.64554 0.0541526 -0.761804 -125.529 0.0338663 0.998532 0.0422825 -0.213958 0.762975 0.00149556 -0.646426 109.247
-0.646785 0.052797 -0.760842 -126.943 0.03582 0.998603 0.0388457 -0.161323 0.76183 -0.00212853 -0.647773 108.039
-0.64828 0.0550485 -0.759409 -128.357 0.0403639 0.998465 0.0379202 -0.112233 0.760331 -0.00606978 -0.649507 106.827
-0.649463 0.0531247 -0.758535 -129.09 0.0403877 0.998558 0.0353548 -0.0904708 0.75932 -0.00767383 -0.650672 106.197
-0.650509 0.0496422 -0.757875 -129.82 0.0401652 0.998714 0.0309425 -0.0685628 0.758436 -0.0103119 -0.651666 105.565
-0.651489 0.0460134 -0.757261 -130.542 0.0387593 0.998874 0.027349 -0.0498954 0.757667 -0.0115334 -0.652539 104.934
-0.651622 0.0437898 -0.757279 -131.27 0.0361454 0.998991 0.0266646 -0.0341446 0.757682 -0.00999691 -0.652547 104.295
-0.651659 0.0442553 -0.75722 -131.994 0.0347775 0.99899 0.0284561 -0.0210183 0.757715 -0.00779056 -0.652539 103.661
-0.651555 0.0460976 -0.7572 -132.657 0.0342305 0.998922 0.0313588 -0.00885194 0.757829 -0.00548734 -0.65243 103.072
-0.651617 0.0486741 -0.756985 -133.395 0.0352496 0.998804 0.03388 0.00626707 0.757729 -0.0046066 -0.652553 102.423
-0.651953 0.051053 -0.756538 -134.079 0.0366525 0.998686 0.0358081 0.0210304 0.757373 -0.0043838 -0.652968 101.822
-0.652156 0.0521016 -0.756292 -134.775 0.037203 0.998633 0.0367162 0.0366157 0.757171 -0.00419171 -0.653203 101.207
-0.652227 0.0527274 -0.756188 -135.54 0.0377015 0.9986 0.037112 0.0555723 0.757086 -0.00430399 -0.653302 100.537
-0.652338 0.0516801 -0.756165 -136.339 0.0357344 0.99866 0.0374257 0.0772575 0.757086 -0.00260686 -0.65331 99.8333
-0.652442 0.052374 -0.756027 -137.086 0.0357923 0.998625 0.0382918 0.0970123 0.756993 -0.00207679 -0.65342 99.1771
-0.652673 0.0529283 -0.755789 -137.842 0.0349675 0.998598 0.0397357 0.118297 0.756832 -0.00049367 -0.653609 98.5126
-0.653486 0.0537765 -0.755026 -139.347 0.035393 0.998553 0.0404885 0.160358 0.75611 -0.000263874 -0.654444 97.1975
-0.653968 0.0537922 -0.754607 -140.099 0.0362444 0.998551 0.0397711 0.18171 0.755654 -0.00134125 -0.65497 96.5366
-0.654821 0.05365 -0.753877 -140.835 0.0367584 0.998558 0.0391342 0.200722 0.754889 -0.00208541 -0.655849 95.8868
-0.655728 0.0542355 -0.753047 -141.596 0.0372537 0.998526 0.039476 0.220831 0.754078 -0.00216831 -0.656782 95.2186
-0.656568 0.0534175 -0.752373 -142.349 0.0365741 0.99857 0.0389803 0.239725 0.753379 -0.0019241 -0.657583 94.5519
-0.657128 0.0524414 -0.751953 -143.091 0.0358777 0.998622 0.0382908 0.258756 0.752925 -0.00181642 -0.658104 93.8928
-0.657657 0.0510559 -0.751585 -143.836 0.0350002 0.998694 0.0372161 0.277124 0.752504 -0.00183019 -0.658585 93.2339
-0.657884 0.0504471 -0.751428 -144.591 0.034088 0.998726 0.037205 0.296551 0.752348 -0.00113818 -0.658765 92.5665
-0.657972 0.0485718 -0.751474 -145.334 0.0307207 0.998818 0.0376608 0.314636 0.752415 0.00169393 -0.658687 91.9066
-0.657289 0.0475441 -0.752137 -146.081 0.0293814 0.998866 0.0374641 0.332849 0.753065 0.00252597 -0.657941 91.2469
-0.656358 0.0461049 -0.75304 -146.835 0.0284016 0.998933 0.0364047 0.350617 0.753915 0.00250701 -0.656967 90.5821
-0.655094 0.0437299 -0.754281 -147.577 0.0264815 0.999039 0.0349207 0.368008 0.755083 0.00290181 -0.655623 89.924
-0.653817 0.0446469 -0.755334 -148.322 0.027495 0.999 0.0352501 0.386199 0.756153 0.00227923 -0.654391 89.2748
-0.652873 0.0469164 -0.756013 -149.061 0.0287589 0.998896 0.0371537 0.404104 0.756922 0.00251452 -0.653501 88.6325
-0.651675 0.0525036 -0.756679 -149.815 0.0315626 0.998614 0.042108 0.427425 0.757842 0.00355793 -0.652429 87.9839
-0.650915 0.0591749 -0.756841 -150.553 0.0341294 0.99823 0.0486956 0.451385 0.758383 0.00586617 -0.651782 87.3485
-0.650333 0.0609255 -0.757202 -151.292 0.0346716 0.99812 0.0505319 0.475962 0.758857 0.00660923 -0.651223 86.7063
-0.65013 0.0576009 -0.757637 -152.034 0.0345823 0.998332 0.0462251 0.504476 0.759036 0.00385147 -0.651038 86.0623
-0.65019 0.0538938 -0.757858 -152.768 0.0344766 0.998546 0.0414314 0.532399 0.758989 0.000809898 -0.651103 85.4238
-0.650116 0.0540063 -0.757914 -153.507 0.0347244 0.99854 0.041367 0.557162 0.759041 0.000575244 -0.651042 84.7835
-0.650228 0.0559443 -0.757677 -154.261 0.0338682 0.998428 0.0446553 0.581316 0.758984 0.00337494 -0.6511 84.1259
-0.650457 0.0575698 -0.757358 -155.016 0.034801 0.998335 0.0459985 0.605413 0.758745 0.00356324 -0.651378 83.4749
-0.650983 0.0571157 -0.75694 -155.769 0.0358986 0.998366 0.0444592 0.630206 0.758243 0.00176909 -0.65197 82.8239
-0.651582 0.0560555 -0.756504 -156.498 0.0362047 0.998428 0.0427983 0.654376 0.757714 0.000497557 -0.652587 82.1892
-0.652164 0.0567357 -0.755952 -157.23 0.0357654 0.998388 0.044076 0.678523 0.757234 0.00170788 -0.653142 81.549
-0.652599 0.059951 -0.755328 -157.965 0.0360408 0.998193 0.0480883 0.703365 0.756846 0.00415973 -0.65358 80.9061
-0.653003 0.0628774 -0.754741 -158.702 0.0369727 0.998006 0.0511549 0.730195 0.756453 0.00549949 -0.654025 80.26
-0.653534 0.064187 -0.75417 -159.435 0.0382516 0.997925 0.0517855 0.758874 0.75593 0.00499532 -0.654634 79.6199
-0.654147 0.0636927 -0.753681 -160.151 0.0392947 0.997964 0.0502315 0.786447 0.755346 0.00324311 -0.655318 78.9946
-0.654731 0.0626833 -0.753259 -160.871 0.0398303 0.998032 0.048432 0.814565 0.754812 0.0017074 -0.655939 78.3638
-0.654751 0.0604051 -0.753427 -161.583 0.0375189 0.99817 0.0474221 0.841692 0.754913 0.00278195 -0.655819 77.7345
-0.654189 0.0584365 -0.754071 -162.306 0.0353478 0.998284 0.046696 0.867554 0.755505 0.00389326 -0.655131 77.094
-0.653806 0.0573073 -0.754489 -163.011 0.0339569 0.998345 0.0464039 0.891844 0.7559 0.00471901 -0.65467 76.4768
-0.653457 0.0562123 -0.754874 -163.723 0.0321867 0.9984 0.0464843 0.917568 0.756279 0.00607861 -0.654221 75.852
-0.652963 0.0558733 -0.755326 -164.421 0.0310426 0.998412 0.0470193 0.941856 0.756753 0.00725461 -0.653661 75.2365
-0.652361 0.056348 -0.755811 -165.118 0.0316608 0.998388 0.0471055 0.965566 0.757247 0.00680019 -0.653093 74.628
-0.651898 0.0548108 -0.756324 -165.817 0.030583 0.998473 0.045999 0.989416 0.75769 0.00685597 -0.652579 74.0166
-0.651413 0.0535303 -0.756833 -166.516 0.0301246 0.998546 0.0446979 1.01316 0.758125 0.00631748 -0.652078 73.4057
-0.651105 0.054067 -0.75706 -167.236 0.0309738 0.998521 0.0446726 1.03833 0.758356 0.00563753 -0.651817 72.7836
-0.65033 0.057313 -0.757487 -167.953 0.0342476 0.998348 0.0461342 1.06326 0.75888 0.00406041 -0.651218 72.1671
-0.650059 0.0578372 -0.757679 -168.643 0.0347778 0.998319 0.0463684 1.08469 0.759087 0.00379179 -0.650978 71.5693
-0.649493 0.0558479 -0.758314 -169.318 0.034428 0.998436 0.0440449 1.10402 0.759588 0.00249959 -0.6504 70.9798
-0.649055 0.0539658 -0.758825 -169.998 0.0361076 0.998542 0.0401295 1.12594 0.759884 -0.00135311 -0.650057 70.3929
-0.648159 0.0526195 -0.759685 -170.679 0.0363067 0.998611 0.038192 1.14597 0.760639 -0.00282713 -0.649169 69.8028
-0.647624 0.0516974 -0.760205 -171.366 0.0335685 0.998663 0.0393164 1.16195 0.761221 -5.66957e-05 -0.648493 69.2061
-0.647459 0.0521826 -0.760312 -172.056 0.0329105 0.998637 0.040514 1.17771 0.761389 0.0012089 -0.648294 68.6135
-0.647484 0.0517919 -0.760317 -172.726 0.0325374 0.998657 0.0403185 1.19277 0.761384 0.00136684 -0.6483 68.0361
-0.64746 0.0515045 -0.760357 -173.375 0.0327777 0.998672 0.0397364 1.20725 0.761394 0.000804922 -0.648288 67.4766
-0.647261 0.0515847 -0.760521 -174.024 0.0329205 0.998668 0.03972 1.22304 0.761557 0.000672404 -0.648097 66.9173
-0.647372 0.0512408 -0.760449 -174.661 0.0324933 0.998686 0.0396321 1.23785 0.761481 0.000947216 -0.648187 66.3656
-0.647288 0.0507292 -0.760556 -175.286 0.0313157 0.99871 0.0399623 1.2509 0.761602 0.00204974 -0.648042 65.8245
-0.647531 0.0504559 -0.760367 -175.915 0.03123 0.998724 0.039677 1.2672 0.761399 0.0019458 -0.648281 65.2836
-0.647825 0.053072 -0.759938 -177.127 0.032097 0.998586 0.0423768 1.29991 0.761113 0.003061 -0.648613 64.2432
-0.647946 0.0571124 -0.759542 -178.32 0.0335022 0.998357 0.0464898 1.33254 0.760949 0.00467655 -0.648795 63.2183
-0.648298 0.0592328 -0.759079 -178.897 0.0352399 0.998235 0.0477977 1.3501 0.76057 0.00423729 -0.649242 62.7224
-0.648681 0.0614037 -0.758579 -179.47 0.037517 0.998108 0.0487107 1.36808 0.760135 0.0031381 -0.649758 62.2348
-0.650141 0.0621273 -0.757269 -180.575 0.038291 0.998064 0.0490083 1.40497 0.758848 0.00286567 -0.651261 61.2793
-0.653206 0.0633145 -0.754529 -181.616 0.0420224 0.997993 0.0473649 1.43909 0.756013 -0.0007681 -0.654556 60.3772
-0.661706 0.0659159 -0.746861 -182.612 0.0482327 0.997807 0.0453304 1.46997 0.748211 -0.00602768 -0.663434 59.4959
-0.67788 0.06957 -0.731873 -183.544 0.0538594 0.997537 0.0449374 1.49973 0.733197 -0.00895608 -0.679957 58.6306
-0.699776 0.0735618 -0.710565 -184.409 0.0594638 0.99723 0.0446782 1.52489 0.711884 -0.0109882 -0.702212 57.7715
-0.729105 0.0791846 -0.679806 -185.205 0.0682129 0.996746 0.0429425 1.54781 0.680994 -0.0150619 -0.732134 56.9092
-0.765914 0.0796085 -0.637995 -185.912 0.068117 0.996767 0.0426012 1.57036 0.639324 -0.0108294 -0.768861 56.0194
-0.806605 0.0763404 -0.58614 -186.545 0.0632274 0.997079 0.042853 1.58943 0.587699 -0.00249462 -0.809076 55.0926
-0.850557 0.0762766 -0.520321 -187.072 0.0632924 0.997081 0.0427047 1.60553 0.52206 0.00339045 -0.852902 54.1713
-0.895858 0.0647048 -0.439604 -187.451 0.0531229 0.997841 0.0386133 1.61454 0.441154 0.011239 -0.897361 53.2765
-0.933993 0.0440475 -0.354566 -187.713 0.035057 0.998881 0.0317438 1.6164 0.355567 0.0172185 -0.934492 52.3731
-0.964555 0.034374 -0.261632 -187.921 0.0290829 0.999287 0.0240701 1.6181 0.262273 0.0156079 -0.964867 51.4297
-0.98608 0.0329846 -0.162967 -188.045 0.0294669 0.999279 0.0239561 1.62869 0.163639 0.0188206 -0.986341 50.4741
-0.997962 0.0154567 -0.0619074 -188.037 0.0135504 0.999425 0.0310956 1.63597 0.0623524 0.0301934 -0.997597 49.5271
-0.999032 0.0153811 0.0412007 -187.937 0.0167513 0.999311 0.0331222 1.65197 -0.0406629 0.0337803 -0.998602 48.616
-0.989373 0.0260898 0.143037 -187.761 0.0303086 0.999165 0.0273947 1.65836 -0.142203 0.0314388 -0.989338 47.7379
-0.970106 0.0261172 0.241272 -187.478 0.0322444 0.999249 0.0214816 1.66038 -0.24053 0.0286191 -0.97022 46.883
-0.940366 0.0321236 0.338643 -187.124 0.0401922 0.99905 0.0168387 1.67328 -0.337781 0.0294454 -0.940764 46.0706
-0.905558 0.028775 0.423244 -186.673 0.0392167 0.999103 0.0159808 1.67142 -0.422405 0.0310698 -0.905875 45.2684
-0.868605 0.0246626 0.494891 -186.144 0.0413639 0.998883 0.0228208 1.66716 -0.493776 0.0402929 -0.868655 44.4953
-0.83557 0.0249058 0.548819 -185.579 0.0459257 0.998642 0.0246022 1.66555 -0.547461 0.0457617 -0.835579 43.7351
-0.808469 0.0211565 0.588158 -184.962 0.0434763 0.99877 0.0238349 1.67022 -0.586931 0.0448408 -0.808394 42.9866
-0.789863 0.0191856 0.612983 -184.312 0.0413635 0.998901 0.0220348 1.67451 -0.611887 0.0427596 -0.789789 42.2215
-0.777622 0.0172088 0.628497 -183.628 0.0370365 0.999143 0.0184669 1.67869 -0.62764 0.0376376 -0.777593 41.4243
-0.769312 0.019943 0.638562 -182.931 0.0394382 0.999089 0.0163108 1.68565 -0.637654 0.0377318 -0.769398 40.6105
-0.764431 0.0216859 0.644341 -182.211 0.0404653 0.999077 0.0143822 1.68483 -0.643435 0.0370676 -0.764603 39.783
-0.761836 0.0164745 0.647561 -181.432 0.0328609 0.999372 0.0132349 1.68695 -0.646936 0.0313623 -0.761899 38.9184
-0.761054 0.0181225 0.648435 -181.03 0.0358139 0.999259 0.0141066 1.69235 -0.647699 0.0339588 -0.76114 38.4567
-0.761476 0.0218534 0.647824 -180.634 0.0407057 0.999071 0.0141447 1.69403 -0.646914 0.037141 -0.761658 37.984
-0.761954 0.0228157 0.647229 -180.224 0.0411889 0.999063 0.0132716 1.69099 -0.64632 0.036771 -0.76218 37.5057
-0.762408 0.0219073 0.646726 -179.8 0.036563 0.999289 0.00925313 1.69065 -0.646063 0.0307009 -0.762666 37.0244
-0.762624 0.0248838 0.646364 -179.369 0.0346285 0.999397 0.00238215 1.69387 -0.645915 0.0241993 -0.763026 36.5258
-0.763207 0.0295012 0.64548 -178.475 0.036966 0.999315 -0.00196479 1.6884 -0.645096 0.0223613 -0.763775 35.4755
-0.76361 0.0266572 0.645127 -178.007 0.0351935 0.99938 0.000361787 1.68268 -0.644718 0.0229805 -0.764075 34.9342
-0.763952 0.0201886 0.644957 -177.531 0.02891 0.999578 0.00295498 1.67726 -0.644625 0.0209032 -0.764213 34.3936
-0.763844 0.0167657 0.645183 -177.032 0.0254615 0.999667 0.0041671 1.67168 -0.644898 0.0196104 -0.764017 33.8196
-0.763615 0.0152187 0.645492 -176.523 0.0247584 0.999677 0.00571986 1.66927 -0.645197 0.0203491 -0.763745 33.2242
-0.763897 0.0112865 0.645239 -175.481 0.0256763 0.999587 0.0129134 1.67234 -0.644827 0.0264319 -0.763872 32.001
-0.763512 0.00674464 0.645758 -174.385 0.0193234 0.999736 0.0124053 1.67066 -0.645504 0.0219498 -0.763441 30.7326
-0.762622 0.0110343 0.646751 -173.268 0.0230493 0.999683 0.010123 1.67942 -0.646434 0.0226271 -0.762634 29.4201
-0.762715 0.00915362 0.64667 -172.71 0.0252596 0.999559 0.0156436 1.67909 -0.646241 0.0282662 -0.762609 28.7698
-0.7629 0.0104795 0.646432 -172.129 0.0289425 0.99942 0.0179551 1.68236 -0.645869 0.0324073 -0.76276 28.0788
-0.762706 0.0123223 0.646628 -171.546 0.030813 0.999375 0.0173 1.68274 -0.646011 0.0331194 -0.762609 27.3986
-0.762578 0.0169236 0.646675 -170.955 0.0337786 0.999336 0.0136799 1.6861 -0.646014 0.0322757 -0.762643 26.7046
-0.762292 0.022569 0.64684 -170.357 0.0375288 0.999252 0.00936222 1.68769 -0.646145 0.0314119 -0.762568 25.9959
-0.762389 0.0243957 0.646659 -169.753 0.0380029 0.999252 0.00710663 1.6856 -0.646002 0.029993 -0.762746 25.2896
-0.763055 0.0241697 0.645882 -169.15 0.0370731 0.999292 0.00640404 1.68159 -0.64527 0.0288315 -0.76341 24.5848
-0.763511 0.0223183 0.645409 -168.544 0.0364706 0.999298 0.00858843 1.6763 -0.644765 0.0300958 -0.763789 23.8726
-0.764316 0.0185081 0.644576 -167.324 0.0367585 0.999213 0.014896 1.66638 -0.643793 0.0350789 -0.764395 22.4452
-0.764352 0.0262713 0.644264 -166.116 0.0491747 0.998635 0.0176191 1.66318 -0.642922 0.0451486 -0.7646 20.9889
-0.764539 0.0256108 0.644069 -164.896 0.0559873 0.998072 0.0267721 1.66855 -0.642142 0.0565279 -0.764499 19.5389
-0.764271 0.024672 0.644423 -164.305 0.0592609 0.997727 0.0320837 1.67366 -0.642167 0.0627098 -0.763995 18.8362
-0.764496 0.0271717 0.644056 -163.695 0.0611617 0.997661 0.0305093 1.68239 -0.641721 0.0627158 -0.76437 18.1099
-0.764769 0.0305311 0.643581 -163.102 0.0590716 0.997992 0.0228508 1.68659 -0.641591 0.0554929 -0.765037 17.4192
-0.765375 0.0361195 0.642571 -162.511 0.058986 0.998158 0.0141516 1.68966 -0.640876 0.048734 -0.766096 16.7223
-0.765876 0.0380737 0.64186 -161.927 0.0591854 0.998182 0.0114109 1.68888 -0.640258 0.0467281 -0.766737 16.0321
-0.766617 0.0365376 0.641065 -161.341 0.0591851 0.99815 0.0138866 1.68331 -0.639372 0.0485872 -0.767361 15.3388
-0.767147 0.0353586 0.640496 -160.738 0.0598524 0.998069 0.0165892 1.67989 -0.638672 0.0510616 -0.767783 14.6184
-0.767791 0.0341716 0.639789 -160.156 0.0593257 0.998078 0.0178868 1.67755 -0.637948 0.0516893 -0.768343 13.9239
-0.769976 0.0316895 0.637286 -159.577 0.0562773 0.998246 0.0183564 1.67764 -0.635587 0.0499987 -0.770409 13.2305
-0.774247 0.0290737 0.632215 -158.994 0.0529561 0.998417 0.0189389 1.67738 -0.630664 0.048143 -0.774562 12.5248
-0.780031 0.0276326 0.62513 -158.425 0.0510729 0.998503 0.0195915 1.67575 -0.623653 0.0472092 -0.780275 11.8228
-0.796047 0.0298744 0.604497 -157.331 0.0530685 0.99838 0.0205445 1.67738 -0.602904 0.0484342 -0.796342 10.3967
-0.818553 0.0319837 0.57354 -156.294 0.0583999 0.997909 0.0276991 1.68527 -0.571455 0.0561679 -0.818709 8.9236
-0.832192 0.0338872 0.553451 -155.816 0.0604101 0.99773 0.0297452 1.69256 -0.551187 0.0581877 -0.83235 8.18407
-0.863651 0.0411058 0.502411 -154.928 0.066592 0.997238 0.0328814 1.71619 -0.499672 0.0618547 -0.864003 6.67278
-0.879706 0.0446799 0.473415 -154.511 0.0691541 0.997012 0.034407 1.72814 -0.470463 0.0630066 -0.880167 5.88799
-0.894516 0.0479884 0.444453 -154.139 0.0706658 0.9969 0.0345865 1.739 -0.441415 0.0623457 -0.895134 5.11606
-0.908497 0.0549213 0.414266 -153.791 0.0725494 0.997001 0.0269254 1.74933 -0.411545 0.0545164 -0.909757 4.33278
-0.921623 0.0596811 0.38347 -153.485 0.0723463 0.997205 0.0186762 1.75665 -0.381284 0.044955 -0.923364 3.57197
-0.933999 0.0591267 0.352349 -153.195 0.0681686 0.997585 0.0132978 1.76105 -0.350712 0.0364393 -0.935774 2.78377
-0.944949 0.0555441 0.32247 -152.925 0.0634096 0.99789 0.0139297 1.76194 -0.321016 0.0336106 -0.946477 1.97655
-0.954007 0.0542647 0.294831 -152.679 0.0613358 0.998008 0.0147821 1.76008 -0.293441 0.0321859 -0.955435 1.15968
-0.96124 0.056403 0.26988 -152.452 0.0625232 0.997944 0.0141279 1.7585 -0.268529 0.0304541 -0.96279 0.33255
-0.966686 0.0604158 0.248733 -152.238 0.0656227 0.997764 0.0126877 1.76315 -0.24741 0.0285875 -0.968489 -0.518556
-0.971415 0.0592224 0.229881 -152.033 0.0643518 0.997816 0.014874 1.76823 -0.228498 0.0292421 -0.973105 -1.38559
-0.975917 0.0556466 0.210925 -151.836 0.0614477 0.997888 0.0210444 1.77091 -0.209309 0.0334984 -0.977276 -2.25415
-0.979707 0.0553837 0.192631 -151.667 0.0611259 0.997842 0.0239909 1.7763 -0.190886 0.0352788 -0.980978 -3.11878
-0.983026 0.0552838 0.174941 -151.52 0.06042 0.99788 0.0241675 1.78666 -0.173234 0.0343272 -0.984282 -3.98446
-0.985775 0.0550354 0.158805 -151.371 0.0589872 0.998053 0.0202756 1.79391 -0.15738 0.0293546 -0.987102 -4.88872
-0.987678 0.0590426 0.144933 -151.24 0.0622433 0.997905 0.017646 1.80135 -0.143587 0.0264497 -0.989284 -5.80162
-0.988743 0.0647927 0.134868 -151.125 0.0682658 0.99744 0.0212833 1.81548 -0.133144 0.0302506 -0.990635 -6.71429
-0.989309 0.0692806 0.128329 -151.017 0.0737952 0.996799 0.0307606 1.82816 -0.125787 0.0399018 -0.991254 -7.63629
-0.989485 0.0718411 0.12553 -150.91 0.0773667 0.996212 0.0397056 1.84526 -0.122202 0.049 -0.991295 -8.5647
-0.989825 0.0700427 0.12386 -150.794 0.0755083 0.996343 0.0399924 1.86798 -0.120606 0.0489379 -0.991493 -9.47937
-0.990167 0.067158 0.122715 -150.668 0.0722418 0.996684 0.0374538 1.89079 -0.119793 0.0459506 -0.991735 -10.4231
-0.990609 0.0623213 0.121692 -150.54 0.0668019 0.997217 0.0330897 1.9121 -0.119291 0.0409082 -0.992016 -11.384
-0.991155 0.0542683 0.121103 -150.403 0.0584306 0.997807 0.0310847 1.93057 -0.11915 0.0378859 -0.992153 -12.369
-0.991419 0.0493932 0.121031 -150.266 0.0535132 0.998085 0.0310282 1.94882 -0.119267 0.0372387 -0.992164 -13.359
-0.991465 0.04688 0.121649 -150.133 0.0512792 0.998129 0.0332866 1.96723 -0.119861 0.0392406 -0.992015 -14.364
-0.991467 0.044663 0.122469 -150 0.049271 0.998177 0.0348578 1.98604 -0.120689 0.0405945 -0.99186 -15.3688
-0.991329 0.0442992 0.123711 -149.866 0.0489999 0.998178 0.0352157 2.00741 -0.121925 0.0409722 -0.991693 -16.38
-0.991291 0.0422151 0.124739 -149.726 0.0468097 0.99832 0.0341337 2.02687 -0.123089 0.0396755 -0.991602 -17.407
-0.991225 0.0407828 0.125739 -149.589 0.0451764 0.998457 0.0322897 2.04568 -0.124228 0.0376868 -0.991538 -18.4304
-0.991231 0.0389652 0.126264 -149.446 0.0431051 0.998613 0.0302219 2.06396 -0.124911 0.0353995 -0.991536 -19.4804
-0.991356 0.0360158 0.126156 -149.305 0.0400292 0.998765 0.0294225 2.07958 -0.124941 0.0342181 -0.991574 -20.514
-0.991642 0.0335961 0.124569 -149.165 0.0375475 0.998859 0.0295097 2.09499 -0.123435 0.0339403 -0.991772 -21.5563
-0.9919 0.0320678 0.122909 -149.028 0.0360517 0.99889 0.0303272 2.1074 -0.1218 0.0345126 -0.991954 -22.5986
-0.992074 0.0319495 0.121527 -148.895 0.0359522 0.998876 0.030887 2.1221 -0.120403 0.0350113 -0.992107 -23.6533
-0.992258 0.0309051 0.120284 -148.766 0.0348905 0.998905 0.0311693 2.13724 -0.119189 0.0351248 -0.99225 -24.6998
-0.992398 0.0305452 0.119218 -148.642 0.0347027 0.998854 0.0329541 2.15314 -0.118075 0.0368408 -0.992321 -25.7399
-0.992535 0.0300235 0.118209 -148.513 0.0344062 0.998787 0.0352112 2.16818 -0.117009 0.0390155 -0.992364 -26.7767
-0.992664 0.0288068 0.117421 -148.383 0.0333797 0.998751 0.0371657 2.18382 -0.116204 0.0408125 -0.992387 -27.8231
-0.992838 0.0278311 0.116182 -148.251 0.0321926 0.998839 0.0358345 2.19801 -0.11505 0.0393181 -0.992581 -28.8601
-0.992952 0.0279703 0.115166 -148.122 0.0320021 0.998933 0.0333096 2.21353 -0.114111 0.0367604 -0.992788 -29.8959
-0.993057 0.0274522 0.114386 -147.996 0.0312953 0.999 0.0319382 2.22916 -0.113395 0.0352962 -0.992923 -30.9356
-0.993175 0.027138 0.113429 -147.871 0.0309773 0.999001 0.0322223 2.24149 -0.112442 0.0355161 -0.993023 -31.9825
-0.993427 0.0260645 0.111458 -147.746 0.0299429 0.998998 0.0332652 2.25452 -0.11048 0.036384 -0.993212 -33.0167
-0.993766 0.0249618 0.108654 -147.625 0.028911 0.998972 0.034924 2.2689 -0.10767 0.0378475 -0.993466 -34.038
-0.994084 0.0243616 0.105847 -147.509 0.0282046 0.998991 0.0349632 2.28216 -0.104889 0.0377417 -0.993768 -35.0497
-0.994416 0.02339 0.10291 -147.398 0.0270269 0.999053 0.0340889 2.29837 -0.102016 0.0366799 -0.994106 -36.0704
-0.994735 0.022766 0.099918 -147.287 0.0262139 0.999101 0.033331 2.31245 -0.0990693 0.0357747 -0.994437 -37.0967
-0.995044 0.0220296 0.0969634 -147.178 0.0255314 0.99906 0.0350231 2.32611 -0.0961008 0.0373252 -0.994672 -38.1163
-0.995292 0.0219673 0.094397 -147.079 0.0255228 0.999003 0.0366242 2.34119 -0.0934983 0.0388611 -0.994861 -39.1272
-0.995512 0.0224902 0.0919215 -146.982 0.0260854 0.998933 0.0380981 2.35886 -0.0909666 0.0403249 -0.995037 -40.1586
-0.995753 0.023024 0.089138 -146.88 0.0265193 0.998917 0.0382284 2.37677 -0.0881613 0.0404299 -0.995285 -41.1955
-0.995967 0.022912 0.086751 -146.784 0.0262482 0.998951 0.0375143 2.39407 -0.0858005 0.03964 -0.995523 -42.2049
-0.996129 0.0237208 0.0846375 -146.693 0.0268967 0.998969 0.0365828 2.4113 -0.0836824 0.0387177 -0.99574 -43.1972
-0.996262 0.0230337 0.0832543 -146.602 0.026151 0.99899 0.0365484 2.42808 -0.0823283 0.0385889 -0.995858 -44.195
-0.9964 0.0218086 0.0819186 -146.513 0.0249346 0.998992 0.0373325 2.44379 -0.0810219 0.0392407 -0.99594 -45.1636
-0.996438 0.0216254 0.0815034 -146.426 0.0246237 0.99905 0.0359632 2.45767 -0.0806483 0.0378421 -0.996024 -46.1603
-0.996492 0.0213777 0.0809081 -146.337 0.0240011 0.999213 0.0315923 2.47135 -0.080169 0.0334233 -0.996221 -47.1586
-0.996526 0.0205524 0.080707 -146.249 0.0229406 0.999323 0.0287765 2.48528 -0.0800609 0.030528 -0.996322 -48.1469
-0.996481 0.021462 0.0810265 -146.165 0.0237685 0.999336 0.0276104 2.49631 -0.0803802 0.0294391 -0.996329 -49.129
-0.99639 0.0224475 0.0818678 -146.082 0.024876 0.999277 0.0287649 2.50527 -0.0811629 0.0306976 -0.996228 -50.1281
-0.996302 0.0239641 0.0825088 -145.995 0.0264805 0.999213 0.029541 2.51532 -0.0817359 0.0316166 -0.996152 -51.1153
-0.996188 0.0257633 0.0833397 -145.909 0.0283937 0.99913 0.0305324 2.5248 -0.0824806 0.0327824 -0.996053 -52.089
-0.996074 0.0267924 0.0843736 -145.822 0.0295341 0.99907 0.0314166 2.53423 -0.0834534 0.0337851 -0.995939 -53.0534
-0.99599 0.0272281 0.0852181 -145.733 0.0300543 0.999034 0.0320585 2.54563 -0.0842629 0.0344911 -0.995846 -54.0237
-0.995938 0.0262758 0.0861199 -145.644 0.0291589 0.99905 0.0323922 2.55632 -0.0851869 0.0347718 -0.995758 -54.995
-0.995867 0.0261993 0.0869631 -145.552 0.0290254 0.999086 0.0313942 2.567 -0.0860611 0.0337886 -0.995717 -55.9541
-0.995654 0.0285887 0.0886369 -145.463 0.0313635 0.999056 0.0300728 2.57774 -0.0876934 0.0327221 -0.99561 -56.9136
-0.995377 0.0293301 0.0914609 -145.37 0.0321056 0.999063 0.0290241 2.58637 -0.0905239 0.0318264 -0.995386 -57.8651
-0.99514 0.0279615 0.0944124 -145.274 0.0307841 0.999118 0.0285741 2.59382 -0.0935301 0.0313416 -0.995123 -58.8057
-0.994921 0.0280963 0.0966542 -145.176 0.0308418 0.999159 0.0270293 2.5998 -0.0958135 0.029873 -0.994951 -59.7475
-0.99474 0.0282221 0.0984681 -145.078 0.0309535 0.999174 0.0263226 2.60686 -0.0976439 0.0292321 -0.994792 -60.6835
-0.994675 0.0273234 0.0993685 -144.978 0.030121 0.999188 0.0267632 2.61447 -0.0985565 0.0296138 -0.994691 -61.6058
-0.994687 0.0257245 0.0996777 -144.879 0.028723 0.999173 0.028764 2.62148 -0.0988554 0.0314743 -0.994604 -62.5238
-0.994765 0.0247625 0.0991426 -144.78 0.0279411 0.999135 0.030802 2.6291 -0.0982941 0.0334109 -0.994596 -63.4459
-0.99486 0.0242776 0.0983051 -144.687 0.0275311 0.999113 0.0318755 2.63754 -0.097444 0.0344181 -0.994646 -64.3586
-0.99502 0.023023 0.0969821 -144.596 0.0262553 0.999137 0.032186 2.64675 -0.0961574 0.034572 -0.994766 -65.2639
-0.995244 0.0216341 0.0949852 -144.507 0.0247791 0.999179 0.0320565 2.65719 -0.0942137 0.0342576 -0.994962 -66.1564
-0.995613 0.0210102 0.0911798 -144.426 0.0240541 0.999185 0.0324146 2.66644 -0.0904245 0.0344657 -0.995307 -67.0203
-0.996099 0.0216265 0.0855544 -144.351 0.0244944 0.999168 0.0326151 2.67435 -0.0847779 0.0345835 -0.9958 -67.872
-0.996669 0.0223628 0.0784239 -144.282 0.0249989 0.999149 0.0327936 2.6827 -0.0776239 0.0346449 -0.996381 -68.7031
-0.997659 0.0269569 0.0628509 -144.176 0.0291902 0.998965 0.0348902 2.70105 -0.0618453 0.0366432 -0.997413 -70.3043
-0.998334 0.0323843 0.0477537 -144.103 0.034132 0.99876 0.0362491 2.7134 -0.0465205 0.0378187 -0.998201 -71.813
-0.998837 0.0347836 0.033386 -144.054 0.0360198 0.99866 0.0371683 2.7281 -0.0320484 0.0383277 -0.998751 -73.208
-0.999074 0.0373685 0.0213356 -144.029 0.0381322 0.998603 0.0365843 2.74199 -0.0199387 0.037364 -0.999103 -74.5137
-0.999108 0.0407179 0.0111886 -144.022 0.0410945 0.998514 0.0357915 2.75693 -0.00971464 0.0362194 -0.999297 -75.7023
-0.999074 0.0429344 0.00288872 -144.026 0.0430146 0.998307 0.0391619 2.76976 -0.00120244 0.0392499 -0.999229 -76.7945
-0.999015 0.0441989 -0.00389347 -144.034 0.0440031 0.998194 0.0409076 2.78226 0.00569451 0.040696 -0.999155 -77.7829
-0.998742 0.0492657 -0.00929679 -144.05 0.0488226 0.99788 0.0430339 2.79709 0.0113972 0.0425259 -0.99903 -79.0055
-0.998818 0.0477405 -0.00917198 -144.058 0.0472812 0.997865 0.0450512 2.8125 0.0113032 0.0445643 -0.998943 -79.6574
-0.999003 0.0441571 -0.00654577 -144.048 0.0438301 0.998083 0.0436952 2.82299 0.00846267 0.0433648 -0.999023 -80.201
-0.999123 0.0417778 0.00279553 -144.02 0.0418524 0.998448 0.0367551 2.83452 -0.00125565 0.0368398 -0.99932 -81.0309
-0.999111 0.0385475 0.0170794 -143.993 0.0391427 0.998585 0.0360034 2.84888 -0.0156673 0.0366399 -0.999206 -81.8712
-0.998211 0.0341768 0.0490588 -143.933 0.0358823 0.998767 0.0343161 2.85651 -0.0478255 0.036015 -0.998206 -82.487
-0.993533 0.0311656 0.109184 -143.831 0.0345848 0.998964 0.0295632 2.86303 -0.10815 0.0331481 -0.993582 -82.9713
-0.97918 0.0281173 0.201037 -143.68 0.0337689 0.999123 0.0247377 2.86097 -0.200165 0.0310115 -0.979271 -83.2752
-0.961993 0.025223 0.271905 -143.513 0.0326689 0.999204 0.0228914 2.86338 -0.271112 0.0309042 -0.962052 -83.6363
-0.932457 0.0207626 0.360683 -143.225 0.0333993 0.999026 0.0288372 2.86912 -0.359733 0.038936 -0.932243 -84.18
-0.897797 0.0210553 0.439907 -142.92 0.0398355 0.998644 0.0335012 2.87424 -0.438605 0.0476011 -0.897418 -84.6831
-0.863731 0.0204848 0.503537 -142.653 0.0425053 0.998574 0.0322868 2.87969 -0.502157 0.0492901 -0.86337 -85.0464
-0.816823 0.0166034 0.57665 -142.306 0.0390767 0.998882 0.0265913 2.88235 -0.575564 0.0442539 -0.816559 -85.4368
-0.753555 0.0192652 0.657102 -141.855 0.0432196 0.99886 0.0202787 2.88583 -0.655962 0.0436809 -0.753529 -85.8971
-0.678516 0.024132 0.734189 -141.267 0.047166 0.998829 0.010759 2.90101 -0.73307 0.041929 -0.67886 -86.404
-0.59696 0.0233803 0.80193 -140.51 0.0484367 0.998802 0.00693629 2.9115 -0.800808 0.0429835 -0.597377 -86.9148
-0.552877 0.022047 0.832971 -140.076 0.050024 0.998725 0.00676879 2.91648 -0.83176 0.0454109 -0.553275 -87.1631
-0.508054 0.0178877 0.86114 -139.603 0.0496943 0.998728 0.00857291 2.91792 -0.859891 0.0471493 -0.508296 -87.3904
-0.460685 0.0137973 0.887457 -139.102 0.0518061 0.998592 0.0113678 2.92029 -0.886051 0.0512126 -0.460751 -87.6015
-0.410685 0.0104943 0.911717 -138.58 0.0566355 0.998296 0.0140207 2.92509 -0.910017 0.0573937 -0.41058 -87.7885
-0.359121 0.00691691 0.933265 -138.02 0.0600566 0.998071 0.0157126 2.93003 -0.931357 0.0616915 -0.358844 -87.9606
-0.307743 0.00273103 0.951466 -137.427 0.0615185 0.997961 0.0170331 2.93336 -0.949479 0.0637746 -0.307283 -88.1059
-0.257394 -0.00159654 0.966305 -136.81 0.0634248 0.997814 0.018543 2.93558 -0.964223 0.0660606 -0.256731 -88.222
-0.208616 -0.00430473 0.977988 -136.161 0.0653071 0.997697 0.0183222 2.93815 -0.975815 0.0676919 -0.207854 -88.3183
-0.163246 -0.00403676 0.986577 -135.486 0.0683429 0.997543 0.0153901 2.94129 -0.984215 0.0699379 -0.162569 -88.3933
-0.123396 -0.00328277 0.992352 -134.787 0.0682204 0.997601 0.0117831 2.94323 -0.99001 0.0691526 -0.122876 -88.4378
-0.0893805 -0.0026872 0.995994 -134.049 0.0663575 0.997758 0.00864688 2.94551 -0.993785 0.0668645 -0.0890019 -88.4672
-0.0404212 0.0014043 0.999182 -132.496 0.0642007 0.997936 0.00119465 2.94302 -0.997118 0.0641964 -0.040428 -88.5058
-0.0231856 0.00181145 0.99973 -131.676 0.0646655 0.997907 -0.000308439 2.93807 -0.997638 0.0646409 -0.0232542 -88.5097
-0.00778438 0.00289424 0.999966 -130.845 0.0660563 0.997813 -0.00237378 2.93121 -0.997786 0.0660355 -0.00795853 -88.508
0.00654508 0.00495005 0.999966 -129.986 0.0678647 0.99768 -0.00538293 2.92016 -0.997673 0.0678977 0.00619396 -88.4982
0.0213497 0.00851719 0.999736 -129.119 0.0688652 0.997576 -0.00996943 2.90874 -0.997398 0.0690598 0.0207114 -88.4792
0.0355597 0.0114765 0.999302 -128.231 0.0685152 0.997553 -0.0138945 2.89436 -0.997016 0.0689614 0.0346863 -88.4394
0.0484294 0.0121975 0.998752 -127.317 0.0652305 0.997752 -0.0153483 2.87754 -0.996694 0.0658924 0.0475249 -88.3856
0.0572759 0.0119839 0.998286 -126.369 0.0608148 0.998029 -0.01547 2.85489 -0.996504 0.0615966 0.0564343 -88.3159
0.0624873 0.0122946 0.99797 -125.396 0.0564009 0.998283 -0.0158299 2.83229 -0.996451 0.0572756 0.0616866 -88.239
0.0647443 0.0126948 0.997821 -124.417 0.0538341 0.998419 -0.0161954 2.80967 -0.996449 0.0547654 0.0639585 -88.1605
0.0658547 0.0117607 0.99776 -123.434 0.0529959 0.998478 -0.0152671 2.78986 -0.996421 0.0538826 0.0651312 -88.0865
0.0672912 0.0105177 0.997678 -122.427 0.0538359 0.998449 -0.0141569 2.7662 -0.99628 0.0546635 0.0666206 -88.0093
0.0701049 0.0101957 0.997488 -121.377 0.0543552 0.998423 -0.0140255 2.74352 -0.996058 0.0552019 0.0694401 -87.9263
0.0743077 0.00991661 0.997186 -120.305 0.0550729 0.998384 -0.0140324 2.72082 -0.995713 0.0559606 0.0736414 -87.8395
0.0789046 0.0103795 0.996828 -119.231 0.0548455 0.998386 -0.0147371 2.69651 -0.995372 0.0558343 0.078208 -87.748
0.0833011 0.0105727 0.996468 -118.145 0.0549421 0.998374 -0.0151859 2.66972 -0.995009 0.056013 0.0825848 -87.6435
0.0883625 0.0101376 0.996037 -117.028 0.054104 0.998423 -0.0149617 2.64269 -0.994618 0.0552117 0.0876747 -87.5361
0.0933006 0.00779165 0.995607 -115.877 0.0551989 0.998391 -0.0129862 2.61752 -0.994107 0.0561681 0.0927204 -87.4228
0.0981264 0.00376141 0.995167 -114.742 0.0567881 0.998342 -0.00937288 2.59226 -0.993552 0.0574334 0.0977501 -87.3045
0.101972 0.0015037 0.994786 -113.592 0.0568153 0.998358 -0.00733306 2.56911 -0.993163 0.0572669 0.10172 -87.1778
0.103854 0.0019127 0.994591 -112.406 0.0572814 0.998327 -0.00790112 2.54766 -0.992942 0.0577921 0.10357 -87.0468
0.103919 0.00399056 0.994578 -111.2 0.0555495 0.998408 -0.00981006 2.52618 -0.993033 0.0562677 0.103532 -86.9141
0.102273 0.00427726 0.994747 -109.989 0.0557479 0.998395 -0.0100246 2.50292 -0.993193 0.0564803 0.101871 -86.7813
0.101731 0.00194268 0.99481 -108.782 0.0566555 0.998364 -0.00774333 2.47893 -0.993197 0.0571492 0.101455 -86.6567
0.101055 -0.00011114 0.994881 -107.586 0.0579208 0.998304 -0.00577181 2.45218 -0.993193 0.0582076 0.100891 -86.5347
0.100723 -0.00169936 0.994913 -106.401 0.0594199 0.998224 -0.00431056 2.42562 -0.993139 0.0595518 0.100645 -86.411
0.100314 -0.00234919 0.994953 -105.205 0.0596086 0.998215 -0.00365303 2.39765 -0.993169 0.0596742 0.100275 -86.2867
0.0995068 -0.00242023 0.995034 -104.006 0.0597627 0.998206 -0.00354853 2.37048 -0.993241 0.0598191 0.0994729 -86.1654
0.0988971 -0.000844698 0.995097 -102.807 0.0590249 0.998244 -0.00501878 2.34078 -0.993346 0.0592319 0.0987733 -86.041
0.0980585 0.00128847 0.99518 -101.625 0.059047 0.99823 -0.00711053 2.31072 -0.993427 0.0594596 0.0978089 -85.9159
0.0974068 0.0015474 0.995243 -100.437 0.0586337 0.998253 -0.00729069 2.28097 -0.993516 0.0590649 0.0971459 -85.7901
0.0965508 -0.00069736 0.995328 -99.24 0.0582737 0.998288 -0.00495335 2.25094 -0.993621 0.0584797 0.0964262 -85.6673
0.0961909 -0.00259295 0.99536 -98.0347 0.0583919 0.998289 -0.00304238 2.22251 -0.993649 0.0584136 0.0961777 -85.5485
0.0959508 -0.00106765 0.995386 -96.8426 0.0577431 0.998321 -0.00449538 2.19671 -0.99371 0.057908 0.0958513 -85.4314
0.0947733 0.00102336 0.995498 -95.6718 0.0586847 0.998255 -0.00661309 2.16876 -0.993768 0.0590473 0.0945478 -85.3084
0.0943624 0.00246382 0.995535 -94.4917 0.0590072 0.998225 -0.00806352 2.13835 -0.993788 0.0595047 0.0940495 -85.1835
0.0937295 0.000158742 0.995598 -93.3122 0.0573723 0.998337 -0.00556044 2.10789 -0.993943 0.057641 0.0935645 -85.06
0.0933512 -0.0030971 0.995628 -92.1376 0.0563091 0.998411 -0.00217384 2.08021 -0.99404 0.0562659 0.0933773 -84.9391
0.0926309 -0.00519317 0.995687 -90.9666 0.0546285 0.998507 0.000125677 2.05533 -0.994201 0.0543812 0.0927763 -84.8202
0.0926311 -0.00374356 0.995693 -89.8248 0.0520957 0.998642 -0.00109191 2.03067 -0.994337 0.0519725 0.0927003 -84.7002
0.0924567 -0.00240169 0.995714 -88.6765 0.0516156 0.998664 -0.00238395 2.00615 -0.994378 0.0516148 0.0924572 -84.5864
0.0920148 -0.00181405 0.995756 -87.5273 0.0509779 0.998696 -0.00289131 1.98049 -0.994452 0.0510276 0.0919872 -84.475
0.0919301 -0.00270148 0.995762 -86.3938 0.0500734 0.998744 -0.00191327 1.95424 -0.994506 0.050037 0.0919499 -84.3652
0.0916756 -0.00399343 0.995781 -85.2489 0.0511333 0.998692 -0.000702436 1.92806 -0.994475 0.050982 0.0917599 -84.2539
0.091273 -0.00368757 0.995819 -84.0967 0.0518796 0.998653 -0.00105703 1.90151 -0.994474 0.0517592 0.0913414 -84.1403
0.0907501 -0.00165941 0.995872 -82.9442 0.0541047 0.99853 -0.00326653 1.87562 -0.994403 0.0541778 0.0907065 -84.0283
0.0913911 -0.000500639 0.995815 -81.8055 0.0566679 0.998382 -0.00469877 1.84839 -0.994201 0.0568601 0.0912716 -83.9203
0.0929204 -0.00107879 0.995673 -80.6654 0.0590539 0.998245 -0.00442958 1.82209 -0.993921 0.05921 0.092821 -83.8142
0.09573 -0.00249371 0.995404 -79.5371 0.0598709 0.998201 -0.0032572 1.79459 -0.993605 0.0599076 0.0957071 -83.7035
0.0987696 -0.00342333 0.995104 -78.4135 0.0602485 0.99818 -0.00254608 1.76761 -0.993285 0.060205 0.0987961 -83.586
0.101526 -0.00386289 0.994825 -77.2937 0.0587242 0.998272 -0.00211678 1.7415 -0.993098 0.0586353 0.101577 -83.4615
0.103991 -0.00274599 0.994574 -76.1725 0.0560742 0.998422 -0.00310643 1.71261 -0.992996 0.056093 0.103981 -83.3295
0.106666 -0.00119949 0.994294 -75.0712 0.0550025 0.998475 -0.004696 1.6842 -0.992772 0.0551896 0.106569 -83.1966
0.108888 -0.00127843 0.994053 -73.97 0.0548416 0.998484 -0.00472317 1.65719 -0.99254 0.0550297 0.108793 -83.0628
0.111029 -0.00250771 0.993814 -72.8589 0.054799 0.998491 -0.00360262 1.62924 -0.992305 0.0548601 0.110999 -82.9301
0.112692 -0.00329636 0.993625 -71.7585 0.0545465 0.998507 -0.00287383 1.60387 -0.992132 0.0545226 0.112703 -82.7979
0.114542 -0.00389407 0.993411 -70.664 0.0542838 0.998523 -0.00234493 1.57907 -0.991934 0.0541947 0.114585 -82.6658
0.11616 -0.00479408 0.993219 -69.5786 0.0542883 0.998524 -0.00152948 1.55437 -0.991746 0.0540978 0.116248 -82.5345
0.116845 -0.00516812 0.993137 -68.4662 0.0527763 0.998606 -0.00101267 1.52901 -0.991747 0.0525324 0.116955 -82.3945
0.116405 -0.00542244 0.993187 -67.355 0.051985 0.998648 -0.000640555 1.50496 -0.99184 0.0517054 0.116529 -82.2499
0.115512 -0.00448289 0.993296 -66.2707 0.0504416 0.998726 -0.00135854 1.48099 -0.992025 0.0502604 0.115591 -82.1098
0.114343 -0.00426503 0.993432 -65.1827 0.0502154 0.998737 -0.00149192 1.45954 -0.992171 0.0500562 0.114412 -81.9758
0.112492 -0.00462874 0.993642 -64.0969 0.0512568 0.998685 -0.00115064 1.43614 -0.99233 0.0510604 0.112581 -81.8469
0.109951 -0.00416781 0.993928 -63.01 0.054276 0.998524 -0.00181709 1.41316 -0.992454 0.0541462 0.110015 -81.724
0.107867 -0.00306669 0.994161 -61.9238 0.0573552 0.998349 -0.00314348 1.38957 -0.992509 0.0573594 0.107865 -81.609
0.105413 -0.00195627 0.994427 -60.8324 0.0601199 0.998181 -0.00440925 1.36442 -0.99261 0.0602496 0.105338 -81.4917
0.103112 -0.00283357 0.994666 -59.7424 0.0620314 0.998068 -0.00358721 1.34106 -0.992734 0.0620704 0.103088 -81.377
0.100787 -0.0048679 0.994896 -58.6507 0.0624524 0.998047 -0.00144337 1.31679 -0.992946 0.0622791 0.100894 -81.2609
0.0987311 -0.0061632 0.995095 -57.5796 0.0613435 0.998117 9.55487e-05 1.29313 -0.993222 0.0610332 0.0989232 -81.1471
0.0961309 -0.00598023 0.995351 -56.4973 0.060157 0.998189 0.000187319 1.27288 -0.993549 0.0598593 0.0963166 -81.033
0.0943102 -0.00434915 0.995533 -55.4238 0.0586088 0.99828 -0.00119105 1.25132 -0.993816 0.0584593 0.0944029 -80.9243
0.0925365 -0.00182055 0.995708 -54.3663 0.0579148 0.998315 -0.00355702 1.22841 -0.994024 0.0579954 0.092486 -80.8165
0.0908286 0.0011484 0.995866 -53.2988 0.0573042 0.998336 -0.00637772 1.20275 -0.994216 0.0576466 0.0906117 -80.7119
0.0893808 0.00305534 0.995993 -52.2089 0.0585734 0.998248 -0.00831866 1.1759 -0.994274 0.0590822 0.0890453 -80.6127
0.0884608 0.00352883 0.996073 -51.137 0.0585634 0.998245 -0.00873752 1.14758 -0.994357 0.0591064 0.088099 -80.51
0.0879804 0.00149756 0.996121 -50.0704 0.0593779 0.998213 -0.00674514 1.11858 -0.994351 0.059741 0.0877342 -80.4094
0.0880794 -0.00103841 0.996113 -48.9868 0.0588262 0.99826 -0.00416095 1.09203 -0.994375 0.0589641 0.0879871 -80.3095
0.0886334 -0.00258619 0.996061 -47.9186 0.0564696 0.998401 -0.00243263 1.06697 -0.994462 0.0564628 0.0886378 -80.2064
0.0893274 -0.00353647 0.995996 -46.8513 0.0526412 0.998613 -0.00117545 1.0422 -0.99461 0.0525355 0.0893896 -80.0989
0.0898506 -0.0030091 0.995951 -45.7694 0.0481777 0.998838 -0.00132857 1.01831 -0.994789 0.048102 0.0898912 -79.9923
0.0902385 -0.00225389 0.995918 -44.7071 0.0445917 0.999004 -0.0017795 0.996009 -0.994921 0.0445702 0.0902491 -79.8856
0.0906612 -0.00132134 0.995881 -43.651 0.0408427 0.999163 -0.00239246 0.973526 -0.995044 0.0408913 0.0906393 -79.7772
0.0910782 9.35336e-05 0.995844 -42.6045 0.040255 0.999182 -0.0037755 0.948856 -0.99503 0.0404316 0.091 -79.6715
0.0917035 0.00190317 0.995785 -41.5587 0.0383245 0.999251 -0.00543917 0.924285 -0.995049 0.0386618 0.0915618 -79.5647
0.0924388 0.00269365 0.995715 -40.4988 0.039776 0.999188 -0.00639572 0.898525 -0.994924 0.0401968 0.0922567 -79.4612
0.0932805 -0.00227863 0.995637 -39.4267 0.0433116 0.99906 -0.00177137 0.878624 -0.994697 0.0432879 0.0932915 -79.3614
0.0941254 -0.007489 0.995532 -38.3566 0.0451927 0.998973 0.00324202 0.858109 -0.994534 0.0446856 0.0943672 -79.2576
0.0952836 -0.0083501 0.995415 -37.3095 0.0477952 0.99885 0.00380383 0.839883 -0.994302 0.0472136 0.0955731 -79.1526
0.0961545 -0.00416765 0.995358 -36.2781 0.0499153 0.998753 -0.000640092 0.822863 -0.994114 0.0497451 0.0962426 -79.0467
0.096927 -0.000410946 0.995291 -35.231 0.0504494 0.998716 -0.00450068 0.804507 -0.994012 0.0506481 0.0968233 -78.9412
0.0971149 0.00102847 0.995273 -34.2 0.0493676 0.998764 -0.00584918 0.779704 -0.994048 0.0497023 0.096944 -78.8291
0.0974278 0.00121907 0.995242 -33.1676 0.0497365 0.998744 -0.00609225 0.752207 -0.993999 0.0500934 0.0972448 -78.7196
0.0976996 0.00146814 0.995215 -32.1256 0.0511393 0.99867 -0.00649355 0.724557 -0.993901 0.051529 0.0974946 -78.6134
0.0978658 0.00354823 0.995193 -31.0935 0.0532193 0.998544 -0.00879368 0.695425 -0.993776 0.0538241 0.0975345 -78.5114
0.097758 0.00611226 0.995191 -30.0652 0.0561081 0.998357 -0.0116432 0.665391 -0.993627 0.0569765 0.0972544 -78.4088
0.0971541 0.00649533 0.995248 -29.0325 0.057815 0.998253 -0.0121587 0.635198 -0.993589 0.0587215 0.0966089 -78.3076
0.0962461 0.00434996 0.995348 -27.9932 0.0600459 0.998144 -0.0101684 0.604984 -0.993545 0.0607452 0.0958063 -78.2057
0.0953461 0.000337054 0.995444 -26.9536 0.0616907 0.998076 -0.00624684 0.576284 -0.993531 0.0620053 0.0951419 -78.1063
0.0943892 -0.000963871 0.995535 -25.9238 0.0619807 0.998065 -0.00491022 0.548827 -0.993604 0.0621674 0.0942663 -78.0041
0.0932027 0.000260224 0.995647 -24.904 0.0607101 0.998138 -0.00594396 0.522273 -0.993795 0.0609998 0.0930134 -77.8999
0.0921569 0.00184382 0.995743 -23.8971 0.0586466 0.998252 -0.00727627 0.495492 -0.994016 0.0590675 0.0918877 -77.7965
0.0908593 0.00111071 0.995863 -22.8966 0.0577203 0.998312 -0.00637966 0.469259 -0.99419 0.0580612 0.0906418 -77.6963
0.0898925 -0.000678393 0.995951 -21.9009 0.0573588 0.998343 -0.00449707 0.444084 -0.994298 0.0575308 0.0897825 -77.5996
0.0887274 -0.00201885 0.996054 -20.901 0.0572786 0.998353 -0.00307881 0.41857 -0.994408 0.0573257 0.0886969 -77.5042
0.0877248 -0.00160187 0.996143 -19.8842 0.0584697 0.998283 -0.00354379 0.395237 -0.994427 0.0585551 0.0876679 -77.4138
0.0873097 -0.00151738 0.99618 -18.8903 0.0588291 0.998261 -0.00363551 0.371204 -0.994443 0.0589218 0.0872472 -77.325
0.0864568 -0.00145181 0.996255 -17.9023 0.0585849 0.998276 -0.00362935 0.348829 -0.994532 0.0586792 0.0863928 -77.2301
0.084666 -0.00313294 0.996404 -15.9518 0.0555756 0.998453 -0.00158296 0.301951 -0.994858 0.0555098 0.0847091 -77.048
0.0831672 -0.00471798 0.996524 -14.1019 0.0540682 0.998537 0.000215133 0.25821 -0.995068 0.0538624 0.0833006 -76.8758
0.0830315 -0.00604728 0.996529 -13.1937 0.0524684 0.998621 0.00168826 0.236001 -0.995165 0.0521461 0.0832344 -76.7913
0.084078 -0.00649199 0.996438 -12.2985 0.053543 0.998564 0.00198795 0.21396 -0.99502 0.0531852 0.0843048 -76.7145
0.0867918 -0.00533041 0.996212 -11.4291 0.0537172 0.998556 0.000663013 0.193857 -0.994777 0.0534562 0.0869528 -76.6386
0.093767 -0.00427803 0.995585 -9.75125 0.0513978 0.998678 -0.000549474 0.154136 -0.994267 0.0512224 0.093863 -76.4698
0.103474 -0.00213637 0.99463 -8.16669 0.048958 0.998796 -0.00294789 0.11047 -0.993427 0.0490001 0.103454 -76.2922
0.119601 0.00074698 0.992822 -6.64971 0.0517813 0.998634 -0.0069892 0.0690224 -0.991471 0.0522455 0.119399 -76.111
0.142303 0.00267672 0.989819 -5.23803 0.0525303 0.998567 -0.0102525 0.0222293 -0.988428 0.0534545 0.141959 -75.898
0.168751 0.00173468 0.985657 -3.93401 0.0527299 0.998551 -0.0107851 -0.0242698 -0.984247 0.0537936 0.168415 -75.663
0.200836 -0.000725092 0.979625 -2.72351 0.0518009 0.998609 -0.00988074 -0.0694773 -0.978254 0.0527299 0.200594 -75.4025
0.239228 0.00188508 0.970962 -1.60292 0.0449596 0.998904 -0.0130166 -0.113638 -0.969922 0.0467679 0.238881 -75.0993
0.28269 0.000362299 0.959211 -0.555875 0.0439321 0.998946 -0.0133246 -0.152707 -0.958205 0.0459069 0.282376 -74.7738
0.331971 0.00114179 0.943289 0.4683 0.0402635 0.999071 -0.0153792 -0.194056 -0.94243 0.0430855 0.331616 -74.3976
0.392468 0.00569945 0.919748 1.41678 0.03867 0.998994 -0.0226915 -0.238154 -0.918952 0.0444723 0.391853 -73.9692
0.465877 0.00412374 0.88484 2.28843 0.0414593 0.998789 -0.0264835 -0.284537 -0.883878 0.0490229 0.465142 -73.4794
0.553422 -0.00113663 0.832901 3.08361 0.0386408 0.998957 -0.0243117 -0.337683 -0.832005 0.0456385 0.552888 -72.9242
0.637035 0.00404837 0.770824 3.72415 0.0284252 0.999183 -0.0287393 -0.394048 -0.77031 0.0402187 0.6364 -72.3112
0.715934 0.00100115 0.698167 4.34245 0.0319118 0.998907 -0.0341563 -0.442051 -0.697438 0.0467334 0.71512 -71.641
0.783583 0.00763131 0.621241 4.89074 0.0147396 0.999415 -0.0308682 -0.494776 -0.621113 0.0333446 0.783012 -70.8604
0.843678 0.00626397 0.536813 5.36722 0.00630226 0.999747 -0.0215708 -0.534929 -0.536812 0.0215819 0.843426 -70.0287
0.894199 0.0011186 0.447669 5.75787 0.00333422 0.999953 -0.00915855 -0.5679 -0.447658 0.00968219 0.894152 -69.1457
0.915348 0.0101276 0.402536 5.89984 -0.00977789 0.999948 -0.00292364 -0.580283 -0.402545 -0.00125981 0.915399 -68.677
0.950658 0.0154945 0.309854 6.13761 -0.015322 0.999878 -0.00299051 -0.595322 -0.309863 -0.00190463 0.950779 -67.7444
0.96347 0.0145253 0.267421 6.23089 -0.0139355 0.999894 -0.00410306 -0.604037 -0.267452 0.000226527 0.963571 -67.2626
0.981135 0.0205771 0.192226 6.35681 -0.0202023 0.999788 -0.00390966 -0.618954 -0.192266 -4.7513e-05 0.981343 -66.2837
0.987055 0.0261363 0.158236 6.3923 -0.0257511 0.999658 -0.0044846 -0.62466 -0.158299 0.000351806 0.987391 -65.7887
0.99373 0.028357 0.108155 6.46088 -0.0282539 0.999598 -0.00248629 -0.646496 -0.108182 -0.000585094 0.994131 -64.7557
0.995761 0.0284403 0.0874677 6.47676 -0.0284457 0.999595 -0.00118469 -0.656375 -0.0874659 -0.00130841 0.996167 -64.2265
0.998193 0.0259007 0.0542124 6.51312 -0.0257836 0.999663 -0.00285903 -0.672247 -0.0542682 0.00145607 0.998525 -63.1427
0.998826 0.0271658 0.0400983 6.51362 -0.0270308 0.999627 -0.00390619 -0.680987 -0.0401895 0.00281772 0.999188 -62.5899
0.999551 0.0273996 0.0121554 6.49714 -0.0273496 0.999617 -0.00425998 -0.697011 -0.0122675 0.00392562 0.999917 -61.4145
0.999636 0.0269392 -0.00143818 6.47554 -0.0269448 0.999629 -0.00401792 -0.706214 0.00132941 0.00405521 0.999991 -60.7871
0.999289 0.0243536 -0.0287658 6.42216 -0.0244724 0.999693 -0.00378623 -0.725949 0.0286648 0.00448751 0.999579 -59.5064
0.998507 0.0267527 -0.0476158 6.32744 -0.0270753 0.999615 -0.0061426 -0.745052 0.0474331 0.00742264 0.998847 -58.1531
0.997954 0.0264565 -0.0582069 6.2285 -0.0269495 0.999607 -0.00769989 -0.767061 0.0579804 0.00925278 0.998275 -56.69
0.997797 0.0254627 -0.0612619 6.17092 -0.025987 0.999632 -0.00777635 -0.778908 0.0610413 0.00935123 0.998091 -55.9278
0.997579 0.0255524 -0.0646719 6.12162 -0.0260405 0.999638 -0.00671527 -0.792467 0.0644769 0.0083831 0.997884 -55.1585
0.997213 0.0234857 -0.0708092 6.01288 -0.0237301 0.999715 -0.00261167 -0.81954 0.0707277 0.0042847 0.997486 -53.6563
0.996809 0.0218363 -0.0767772 5.8888 -0.0217384 0.999761 0.00211151 -0.844122 0.076805 -0.000435757 0.997046 -52.1034
0.996352 0.0181419 -0.083391 5.74918 -0.0178095 0.99983 0.00472823 -0.864996 0.0834626 -0.00322583 0.996506 -50.5466
0.99578 0.015662 -0.0904217 5.59975 -0.015301 0.999872 0.00468388 -0.885032 0.0904835 -0.00328057 0.995893 -48.9979
0.995214 0.0154774 -0.096488 5.43384 -0.0151115 0.999876 0.00452198 -0.906139 0.096546 -0.00304226 0.995324 -47.4359
0.994922 0.016345 -0.0993109 5.26068 -0.0159819 0.999862 0.00445125 -0.92597 0.09937 -0.00284148 0.995046 -45.8722
0.994874 0.0179286 -0.0995188 5.09619 -0.0175387 0.999835 0.00479076 -0.946043 0.0995882 -0.00302077 0.995024 -44.3683
0.994832 0.0169731 -0.100109 4.93482 -0.016408 0.999844 0.00646627 -0.966351 0.100203 -0.00479027 0.994955 -42.8606
0.994802 0.0167338 -0.100443 4.76604 -0.0159889 0.999838 0.00821613 -0.984184 0.100564 -0.00656745 0.994909 -41.333
0.994792 0.0178422 -0.100352 4.60047 -0.0171102 0.99982 0.00814972 -1.00347 0.10048 -0.00639022 0.994919 -39.8364
0.994882 0.0172856 -0.099553 4.52215 -0.0166197 0.999834 0.00751397 -1.01313 0.0996663 -0.00582097 0.995004 -39.0884
0.995001 0.0162998 -0.0985222 4.44376 -0.0156639 0.999851 0.00722413 -1.02252 0.0986253 -0.00564478 0.995109 -38.3334
0.995139 0.0170567 -0.096993 4.36176 -0.0164424 0.999839 0.00712959 -1.03119 0.097099 -0.00550014 0.99526 -37.5688
0.995385 0.0149419 -0.0947897 4.21651 -0.0142595 0.999867 0.00787281 -1.05052 0.0948948 -0.00648483 0.995466 -36.1099
0.995514 0.0134947 -0.0936509 4.15319 -0.012682 0.999877 0.00926703 -1.05958 0.0937644 -0.00803777 0.995562 -35.409
0.995694 0.0165719 -0.0912047 4.01239 -0.0155568 0.999809 0.0118289 -1.0776 0.0913833 -0.0103591 0.995762 -34.0331
0.995762 0.0142183 -0.0908636 3.95348 -0.0134703 0.99987 0.00883987 -1.08772 0.0909775 -0.00757845 0.995824 -33.3723
0.995885 0.0160931 -0.0891909 3.81743 -0.0159074 0.99987 0.00279249 -1.10352 0.0892242 -0.0013622 0.996011 -32.0299
0.995868 0.0197312 -0.0886466 3.68685 -0.0197208 0.999805 0.000992581 -1.12851 0.0886489 0.000759706 0.996063 -30.74
0.995939 0.0203102 -0.0877045 3.56544 -0.0204312 0.999791 -0.00048232 -1.15357 0.0876764 0.00227227 0.996146 -29.4676
0.995896 0.0230033 -0.0875384 3.44102 -0.0232866 0.999726 -0.00221626 -1.18047 0.0874635 0.00424564 0.996159 -28.2048
0.995817 0.0237498 -0.0882318 3.32088 -0.0239957 0.999711 -0.0017267 -1.20508 0.0881653 0.00383665 0.996098 -26.9606
0.995722 0.0226568 -0.0895748 3.19826 -0.0228079 0.99974 -0.000663696 -1.23485 0.0895365 0.00270387 0.99598 -25.6991
0.995488 0.0210817 -0.0925119 3.07641 -0.0213948 0.999768 -0.00239418 -1.26083 0.09244 0.00436265 0.995709 -24.4581
0.995171 0.0212391 -0.0958358 2.95095 -0.0216559 0.99976 -0.00331056 -1.28753 0.0957425 0.00536998 0.995392 -23.2385
0.994816 0.0200431 -0.0996946 2.82054 -0.0204958 0.999784 -0.0035187 -1.3166 0.0996025 0.00554378 0.995012 -22.015
0.994464 0.017516 -0.103608 2.69147 -0.0178241 0.999839 -0.00204798 -1.34297 0.103555 0.00388336 0.994616 -20.8084
0.994119 0.0186203 -0.106678 2.55282 -0.0187314 0.999825 -3.95072e-05 -1.36746 0.106658 0.0020375 0.994294 -19.6267
0.993778 0.0190415 -0.109739 2.4183 -0.0189484 0.999819 0.00189094 -1.39112 0.109756 0.000200214 0.993959 -18.4858
0.993677 0.0193379 -0.110599 2.28464 -0.0192235 0.999813 0.00209999 -1.41046 0.110619 3.9386e-05 0.993863 -17.3728
0.993911 0.0213062 -0.108108 2.15453 -0.0211998 0.999773 0.0021335 -1.43069 0.108129 0.000171363 0.994137 -16.2998
0.99421 0.0208789 -0.105402 2.03953 -0.0207729 0.999782 0.0021036 -1.45188 0.105423 9.80883e-05 0.994427 -15.2808
0.994491 0.0207086 -0.102756 1.93493 -0.0207213 0.999785 0.000944122 -1.47389 0.102753 0.00119031 0.994706 -14.3158
0.994661 0.0211304 -0.10101 1.83891 -0.0211717 0.999776 0.000663073 -1.49213 0.101001 0.00147902 0.994885 -13.4069
0.994893 0.0212361 -0.0986809 1.74923 -0.0212363 0.999774 0.00104856 -1.50963 0.0986809 0.00105241 0.995119 -12.5462
0.995108 0.019969 -0.0967489 1.66952 -0.0198415 0.999801 0.00227974 -1.52928 0.0967752 -0.000348949 0.995306 -11.738
0.995219 0.0224608 -0.0950462 1.59306 -0.0221389 0.999745 0.00443957 -1.54527 0.0951217 -0.00231412 0.995463 -11.0053
0.99541 0.0215048 -0.0932582 1.52974 -0.0212559 0.999767 0.0036612 -1.56008 0.0933152 -0.00166211 0.995635 -10.3499
0.995553 0.0200273 -0.0920509 1.47558 -0.0198895 0.999799 0.00241396 -1.57209 0.0920808 -0.000572377 0.995751 -9.76308
0.99568 0.0197779 -0.0907149 1.39984 -0.0199502 0.9998 -0.000992256 -1.59072 0.0906771 0.00279775 0.995876 -8.95754
0.995787 0.0191654 -0.0896663 1.34904 -0.0195239 0.999805 -0.00312239 -1.60174 0.0895889 0.00485987 0.995967 -8.42708
0.995828 0.0186762 -0.0893161 1.29986 -0.0189299 0.999819 -0.00199381 -1.61279 0.0892627 0.00367623 0.996001 -7.90082
0.995825 0.017925 -0.0895054 1.25396 -0.0181338 0.999834 -0.00152055 -1.6243 0.0894634 0.00313728 0.995985 -7.39591
0.995789 0.0178937 -0.0899087 1.20722 -0.0180859 0.999836 -0.00132392 -1.634 0.0898702 0.00294443 0.995949 -6.90569
0.995449 0.0155533 -0.0940155 1.15854 -0.0157527 0.999875 -0.00137892 -1.64455 0.0939823 0.00285364 0.99557 -6.41905
0.994368 0.0157668 -0.1048 1.09693 -0.0159812 0.999872 -0.00120616 -1.65438 0.104768 0.00287419 0.994493 -5.938
0.992668 0.0176285 -0.119579 1.02248 -0.0179287 0.999838 -0.00143502 -1.66477 0.119534 0.00356839 0.992824 -5.4628
0.990723 0.0197674 -0.134453 0.904547 -0.0201987 0.999794 -0.00184431 -1.67741 0.134389 0.00454297 0.990918 -4.75149
0.989137 0.0225306 -0.14526 0.78278 -0.0230744 0.999732 -0.00205952 -1.6898 0.145175 0.00538893 0.989391 -4.04338
0.989629 0.0229089 -0.14181 0.642905 -0.0234888 0.999721 -0.00241603 -1.70714 0.141715 0.00572191 0.989891 -3.11973
0.99069 0.0225142 -0.134265 0.548854 -0.0230958 0.999729 -0.00277534 -1.71994 0.134166 0.00585045 0.990942 -2.44472
0.992487 0.021964 -0.120362 0.44522 -0.0224843 0.999743 -0.00296636 -1.73713 0.120266 0.00565034 0.992726 -1.5617
0.994459 0.020682 -0.103072 0.347524 -0.0215898 0.999737 -0.0076996 -1.75599 0.102886 0.00988225 0.994644 -0.601002
0.996393 0.0158705 -0.0833662 0.260129 -0.0163569 0.999853 -0.00515513 -1.7784 0.0832721 0.00650015 0.996506 0.541963
0.99746 0.0144014 -0.0697528 0.194887 -0.0146255 0.999889 -0.00270335 -1.79534 0.0697061 0.00371666 0.997561 1.49706
0.998258 0.0112126 -0.0579169 0.139314 -0.0112548 0.999937 -0.000402023 -1.81344 0.0579087 0.00105317 0.998321 2.53124
0.998514 0.00768807 -0.0539463 0.104739 -0.00794453 0.999958 -0.00454119 -1.82939 0.0539092 0.00496302 0.998534 3.26197
0.998863 0.0177447 -0.0442481 0.0323562 -0.0180024 0.999823 -0.00543261 -1.84452 0.0441439 0.00622301 0.999006 4.42905
0.999567 0.00604808 -0.0287802 0.0261556 -0.00618814 0.999969 -0.00477988 -1.85834 0.0287504 0.00495591 0.999574 5.23022
0.999552 -0.00541956 -0.0294271 0.0199822 0.00509824 0.999927 -0.0109831 -1.88928 0.0294844 0.0108282 0.999507 6.02502
0.99832 0.00348345 -0.0578295 -0.0641801 -0.0044584 0.99985 -0.0167385 -1.90828 0.0577625 0.0169682 0.998186 6.7894
0.995456 0.0103596 -0.0946531 -0.176714 -0.0124377 0.999694 -0.0213919 -1.92005 0.0944025 0.022472 0.99528 7.52685
0.989879 0.00767134 -0.141708 -0.304597 -0.00977896 0.999852 -0.0141825 -1.94236 0.141579 0.0154247 0.989807 8.24398
0.981031 0.0183455 -0.192981 -0.497803 -0.0192994 0.999809 -0.0030643 -1.96068 0.192888 0.00673059 0.981198 8.92718
0.969938 0.0219411 -0.242362 -0.708508 -0.0217926 0.999757 0.00329406 -1.97034 0.242376 0.00208667 0.97018 9.58907
0.960972 0.02714 -0.275313 -0.929432 -0.0252852 0.999627 0.0102847 -1.98342 0.275489 -0.002922 0.9613 10.2378
0.957855 0.0391059 -0.284578 -1.15198 -0.0357103 0.999216 0.017113 -1.99001 0.285024 -0.00622943 0.9585 10.8839
0.961553 0.0380427 -0.271973 -1.33459 -0.0347821 0.999254 0.0168015 -1.99332 0.272409 -0.00669576 0.962158 11.5308
0.96667 0.0306683 -0.254182 -1.4598 -0.0261829 0.999436 0.0210117 -1.99469 0.254683 -0.0136561 0.966928 12.0961
0.973917 0.0318174 -0.224663 -1.58752 -0.0278678 0.999397 0.02073 -2.00165 0.225187 -0.0139285 0.974216 12.6888
