0 1 0 0 0 0 1 0 0 0 0 1 0
1 0.999998536731018 0.00081281146501862 0.00150528181560725 -0.0070727435918987 -0.000805901354849213 0.99998916176653 -0.00458550678541988 -0.0027263957193782 -0.0015089926534996 0.00458428696693541 0.999988353559268 0.954931130734605
2 0.999996061699306 -0.00134589667854135 0.00246275212061507 -0.00807558347181067 0.00135927082581889 0.999984295700285 -0.00543697853837796 -0.00188131023407269 -0.00245539583346154 0.00544030467303039 0.99998218689953 1.90594127543305
3 0.999992557191892 -0.00294367807751985 0.00249405697530056 -0.00880813857287309 0.00294723720618351 0.999994642178861 -0.00142457236482738 -0.00261700281129813 -0.00248985013014919 0.00143191233952058 0.999995875128183 2.86011341765215
4 0.999984509250123 -0.00529961638770788 0.00170156573009132 -0.00849973516067304 0.00529175493636673 0.999975455779828 0.00459185884133611 -0.00499142431606299 -0.00172585905685299 -0.00458278344114757 0.99998800968134 3.80765355717519
5 0.999960669675727 -0.0088564362264578 0.000471846413294677 -0.00820027958723483 0.00885415783223441 0.999950083252157 0.00462978326558075 -0.00261568389441275 -0.000512826240490181 -0.00462542337208772 0.999989171175306 4.74140780957108
6 0.999934316832065 -0.0114474318672924 -0.000564203186737306 -0.00748906864067275 0.0114484126462357 0.999932903703277 0.00176690107661204 -0.000322499679523156 0.000543938851102114 -0.00177324425184999 0.999998279866195 5.67140632223988
7 0.999927639438559 -0.0119656373628059 -0.00124072935508769 -0.0125341168580196 0.0119635479487268 0.999927026279739 -0.00167798564874527 -0.000131109655948822 0.00126071698222369 0.00166302070363065 0.999997822475044 6.59874736379491
8 0.999930414281757 -0.0116317579536336 -0.00196692684688159 -0.0193274722389383 0.0116273332022444 0.999929877296899 -0.00224624388998934 -0.000766677840306648 0.00199291668588747 0.00222321746966178 0.999995542783649 7.52307077895131
9 0.999933120136571 -0.0111955016989364 -0.00290103354876339 -0.0272319285671522 0.0111946063476216 0.999937285717073 -0.000324686764741092 -0.00257447156502348 0.00290448664375091 0.000292189121154959 0.99999573928235 8.44492897682612
11 0.999926848578562 -0.0111954026272671 -0.00457825859451591 -0.0426488558342695 0.011214272757215 0.999928642676853 0.00411699416476822 -0.00253150971331394 0.00453184049494924 -0.00416803484142498 0.999981044773994 10.2850489797653
12 0.999908109017051 -0.0125959858393929 -0.00501145315037647 -0.0504368662805678 0.0126209593031543 0.999907935028508 0.00498325729745084 0.000276704446466437 0.0049482227327323 -0.00504604872730005 0.999975025930162 11.2036174083098
13 0.999901565556133 -0.0127991983137084 -0.00574801886917154 -0.0614883223376769 0.0128275837374295 0.999905575147974 0.00492888257700732 0.00334032973284861 0.00568439036777228 -0.00500213059856059 0.999971332786906 12.1130823091061
15 0.999875799766399 -0.0136358429891183 -0.0079024570533222 -0.0847645534740713 0.0136484530801538 0.999905663463276 0.00154398917895832 0.00776850367753738 0.00788065796887101 -0.00165165372945181 0.99996758310954 13.9212181750535
17 0.99983490737493 -0.0145252981440756 -0.0109166711222546 -0.112003727170321 0.0145220697670101 0.999894478886066 -0.00037494378996252 0.00859758250001736 0.0109209653532938 0.000216349229847096 0.999940341074788 15.7134196223569
19 0.99983362550391 -0.0117318874994852 -0.0139672519633217 -0.150445979629239 0.0117166907440177 0.999930673471402 -0.0011693626630711 0.00493723741277652 0.0139800024934382 0.00100551813914927 0.999901769407153 17.4892949803755
21 0.999790483058223 -0.0117305113627198 -0.016774536934743 -0.18911228665549 0.0117481819212544 0.999930531438537 0.000955258389478806 0.00314485082681943 0.0167621659624008 -0.0011521285582166 0.999858841233118 19.2572757475025
22 0.999771289153856 -0.0114043022580353 -0.018091746008718 -0.211753919805835 0.0114334330252293 0.999933499740451 0.00150754969141309 0.00354557152723685 0.0180733503505628 -0.0017140556647477 0.999835194429704 20.1415934764695
23 0.999725235772164 -0.0124704021579831 -0.0198479729521682 -0.231025941555472 0.0124979931431563 0.999921094735794 0.00126667666140874 0.00420452427141959 0.0198306108752465 -0.0015143884538357 0.999802207188965 21.0340855657548
24 0.999691994998944 -0.0125998168994438 -0.0213812943745486 -0.25315867737489 0.0126199323701534 0.999920040539967 0.000806122523756855 0.00482850900166702 0.0213694277415977 -0.00107570472298122 0.999771069003972 21.9072478275032
25 0.99967016833187 -0.012585933174288 -0.0223863537331001 -0.276547308557089 0.0126146646193718 0.999919779044529 0.0011426775927489 0.00674783030160079 0.022370176214592 -0.00142469704588603 0.999748741161726 22.7594033512408
26 0.999647969764333 -0.0123831412822497 -0.0234647471333116 -0.301201543722578 0.0124587355179676 0.999917649042219 0.00307815580760404 0.00886581174583338 0.0234246975506567 -0.00336941328221959 0.999719926078696 23.6243126408231
27 0.999616538335747 -0.0135556670440641 -0.0241458107473807 -0.326459381869152 0.013697352729375 0.999889870477878 0.00571221882810699 0.0119053306263767 0.0240657186442652 -0.00604076209791219 0.999692127797059 24.4739727821067
28 0.99959816843504 -0.0134903995862679 -0.0249301179362601 -0.352038376272854 0.0136757565871709 0.99987998351609 0.00727957729764651 0.014735436772098 0.0248289215045976 -0.00761759035829451 0.999662691598547 25.3207794231239
29 0.999592801842036 -0.012821055432704 -0.0254921761170024 -0.379256679951642 0.0129798220039397 0.999897320059309 0.00607236024597941 0.0169747584875702 0.0254117045145496 -0.00640077150056453 0.999656578729847 26.1526995848797
30 0.999591676944323 -0.0111723067404362 -0.0262994096080953 -0.407238981816805 0.0112682695766749 0.99993037341695 0.00350348668997069 0.0188551008845017 0.0262584364421066 -0.00379840497275132 0.999647971355556 26.9794246789841
31 0.999573265838971 -0.0109087906842636 -0.0270976845103244 -0.433250615534375 0.0109594042856525 0.999938464628675 0.00172000399751426 0.0225063871611344 0.027077253880661 -0.00201624449280512 0.999631310574267 27.7848890657669
32 0.999552744078988 -0.0101559215596325 -0.0281277276266654 -0.459609373569895 0.0101982496969322 0.999947069194745 0.00136180467023427 0.0235154500448653 0.0281124084219816 -0.00164804918477628 0.999603409571316 28.5569411798257
33 0.999511773696056 -0.0105311806041853 -0.0294161261563583 -0.482994646599249 0.0105618690216959 0.999943827555037 0.000888063821161719 0.0227640081426857 0.029405121420142 -0.00119831951663378 0.999566857626143 29.3322505164589
35 0.99939134742824 -0.0102538291918009 -0.0333435701818554 -0.542835458496406 0.0102617303230727 0.999947344891895 6.58363574315587e-05 0.0199086944556552 0.0333411393977992 -0.000407959011177942 0.999443946398747 30.8756808858865
37 0.999248173431405 -0.010382195247243 -0.0373536867771994 -0.605294564831389 0.0105171431538727 0.999938851545832 0.00341802122325314 0.0213241557291983 0.0373159160932965 -0.0038083055352462 0.999296261983937 32.3851602353275
39 0.999120928583325 -0.00799795501583136 -0.0411509754727469 -0.673611750270838 0.00821739636314741 0.999952891243359 0.00516620664098172 0.0236718608988428 0.0411077178131408 -0.00549981905258072 0.999139583605106 33.8515436412457
40 0.999061100341574 -0.00549047839809363 -0.0429740902317183 -0.712456959381553 0.0056788422324267 0.999974791267177 0.00426234455031255 0.0275504610119931 0.0429496045986806 -0.00450238571497817 0.999067094837825 34.550377401305
42 0.998927256307205 -0.00352152420716108 -0.04617288678238 -0.789085032860377 0.00374516178443959 0.999981668056067 0.0047578687469874 0.0334028797485904 0.0461552853936413 -0.00492568970435254 0.998922132706633 35.9456011021812
44 0.998884331082046 0.000822422989282436 -0.0472166997914998 -0.868459105001475 -0.000482860756679233 0.999973944891526 0.00720252619354297 0.0367690801393891 0.0472213930783875 -0.00717169146754886 0.998858702158234 37.3172999701805
46 0.99900149029111 0.00565094537887069 -0.0443180461264545 -0.944449751014759 -0.00556681440027013 0.99998246183723 0.00202153292975352 0.038681997847611 0.0443286924415155 -0.00177280407212774 0.999015427404476 38.6358885324165
48 0.999203279992414 0.0073124190338695 -0.039234344397158 -1.00222163197238 -0.00728205133436273 0.99997306518307 0.000916862442481586 0.0457392291323279 0.0392399921096502 -0.000630425449859285 0.999229616045775 39.9131544030004
50 0.999350375684966 0.0163203552037531 -0.0321321120429369 -1.06477589302419 -0.0160949516936922 0.99984410223675 0.00726111233668613 0.0424580357992142 0.0322456066510499 -0.00673923055041066 0.999457254525322 41.140772785381
52 0.999430589596294 0.0251366802960643 -0.0225087512514128 -1.11009088468443 -0.0249508355505733 0.999652544897512 0.00849972265761298 0.0486916483291225 0.0227145852819895 -0.00793327067618036 0.99971051351471 42.3356038142087
54 0.999382256702395 0.0336952450556483 -0.00998676369344464 -1.14072479181963 -0.0335782821787175 0.999368109101669 0.0116568210280738 0.0577301756970441 0.0103732325894737 -0.0113142817356617 0.999882184596991 43.4739374340789
56 0.999172811066146 0.0404169185213586 0.00449069297691675 -1.15363447260954 -0.0404664443641562 0.99911417232831 0.0115471872435728 0.0592999970313256 -0.00402001327083838 -0.0117193579155747 0.999923245126019 44.5156477365457
58 0.99859480018738 0.0491769586013233 0.0197497286424304 -1.15283413925805 -0.0493498688253182 0.998746523223682 0.00836497432934263 0.0651654303946143 -0.0193136088199433 -0.00932786638682204 0.999769961252597 45.4813316234485
60 0.998034123285732 0.051541181487258 0.0356566314754872 -1.12828813754061 -0.0517508784940535 0.998647595222087 0.00498268323652078 0.0689151375019162 -0.0353515958957284 -0.00681814989856671 0.999351678589467 46.3326140268863
62 0.99729740001823 0.0524261779919652 0.0514722427919444 -1.08437200969786 -0.0528580771314691 0.998577043191148 0.00706487746449373 0.0710802993023403 -0.0510286154901518 -0.00976650770641329 0.998649435852431 47.1105725061509
65 0.994895656433966 0.064041113739597 0.0779831299693675 -1.02128604816404 -0.0647572141757687 0.997878648884066 0.00668620322037888 0.0719570838362429 -0.0773895084686607 -0.0117020447915129 0.996932257541442 48.1160959868737
68 0.992094426259871 0.0608975325752429 0.10972757133166 -0.917883961854145 -0.0613787130241614 0.998114038575671 0.00100974534440964 0.0680649339656661 -0.10945913836494 -0.00773669983973485 0.993961186618469 48.9237864972638
71 0.985824474978017 0.065109701624298 0.154631275260573 -0.787823352093744 -0.06488293711397 0.997871593008564 -0.00651830791048455 0.0618745555074918 -0.154726562056361 -0.00360702383498628 0.987950747949144 49.6979424316814
74 0.975866972451814 0.0636078391933249 0.208896373522584 -0.603982742824653 -0.0630553770991679 0.997966603682381 -0.00931006732175205 0.0561133764596086 -0.209063797670981 -0.00408665239651445 0.977893464430342 50.4491443383266
77 0.959784220560326 0.0671212974752408 0.272596737670588 -0.370712355799807 -0.0655306184192621 0.997738619203336 -0.0149460964739753 0.0488855767194248 -0.27298349403031 -0.00351840524393316 0.962012283087666 51.1621158924239
79 0.943896109578541 0.0710738237232291 0.322503714558227 -0.178426938095033 -0.0692797967769549 0.997451499466022 -0.0170533272861449 0.0385144332496914 -0.322893858846896 -0.00624642252364536 0.946414569902967 51.6343131133704
82 0.910133401682586 0.0720417803279992 0.408003888497227 0.182905241908072 -0.06917031228934 0.997366466664597 -0.0218082340131431 0.0151145729002122 -0.408500500660012 -0.00837335417554643 0.912719687472759 52.3358627076116
84 0.87777306641531 0.0685885234099883 0.474141390655047 0.486321832997503 -0.0624046524742242 0.997635681283746 -0.0287872676558173 -0.00239849995880588 -0.474994845472491 -0.00431994050350856 0.879977974092881 52.7813603494111
86 0.836154964719145 0.0724217694979815 0.543691054072353 0.834634506444731 -0.0613589171198883 0.997373400599052 -0.0384887394877617 -0.0183788096046645 -0.545050418094877 -0.00117774371717645 0.838402441942017 53.2256744075861
88 0.783872161980978 0.0794018481060405 0.615824471898131 1.24133579381854 -0.0653602909074951 0.996831531045142 -0.0453313477263245 -0.0419702203325825 -0.617472643963888 -0.00471648508347088 0.786578215261968 53.6958142022939
90 0.720693300934817 0.0846573089841894 0.688065626247405 1.72608420728771 -0.0684602924142401 0.996355482849398 -0.0508816288900078 -0.0724220585251994 -0.689865461050367 -0.0104351248914045 0.723862385967296 54.1536282388685
92 0.644983135283786 0.0807620049767076 0.759917267701978 2.31630292232355 -0.0617137528586483 0.996656732364697 -0.0535422313713811 -0.111378464441449 -0.761700838851841 -0.0123635101919758 0.647810910457777 54.5816514155246
94 0.556130256423288 0.0800177290523007 0.827234127032898 3.00662965661629 -0.05593185308923 0.996701155082852 -0.0588084625416535 -0.150497400112542 -0.829210929559285 -0.0135635723104524 0.558771208819501 54.9760412725597
96 0.459113162854314 0.0770957874078391 0.885026182244273 3.81554485785487 -0.050889605639024 0.996873761205616 -0.0604396579877185 -0.200523471397639 -0.886919022082519 -0.0172899908540476 0.461601239691202 55.3414805789982
98 0.360048201395003 0.0747995353729049 0.929930278128539 4.72287059761412 -0.053482025188688 0.996796310491101 -0.0594709035835551 -0.245803135926745 -0.931399466208748 -0.0283221626879995 0.362895149384411 55.6783278085321
100 0.264481627472765 0.0718365094941684 0.961711487210718 5.69346440760822 -0.040024151883297 0.997180278760044 -0.0634788068418442 -0.298597476154135 -0.963559824813893 -0.021702708488473 0.266611058376962 55.8939876616607
102 0.178463579296914 0.0649166015177069 0.981802722399936 6.73527475345792 -0.0175435480550818 0.997872543001267 -0.0627902209410301 -0.356149974862895 -0.983790107078829 -0.00601853566705312 0.179222773224418 56.0092498464836
104 0.107155527342974 0.0672747215960138 0.991963610619879 7.80956522633885 -0.00516840414414605 0.997732354582862 -0.0671076464878698 -0.413261103178918 -0.994228837118725 0.0020640864121837 0.107260239552367 56.0759101351693
106 0.0527764583327636 0.0638236802550868 0.996564690968202 8.94642679295056 0.00924576305800005 0.997881485004559 -0.0643976533001961 -0.482615010749041 -0.998563548959868 0.0126126810707866 0.0520745519892513 56.1042124120787
108 0.0166576008878299 0.0646848989203432 0.99776670027834 10.1203270180769 0.0168925312535411 0.997744520810849 -0.0649654799087804 -0.538349360821566 -0.999718543751445 0.0179369742040012 0.0155273383390422 56.1053119471745
110 -0.00828623762940683 0.0651431183781227 0.997841526693454 11.3260972498138 0.018284895564872 0.997718816926348 -0.0649832666558831 -0.610646794616034 -0.999798480124935 0.0177069613164365 -0.00945847032069658 56.0853270357503
112 -0.0234385181282906 0.0700857636891522 0.997265572250471 12.6009290091498 0.027209540771328 0.997214797798725 -0.0694426953844774 -0.68113477097987 -0.999354930322037 0.0255075043733445 -0.0252802385605946 56.0395343410367
114 -0.0317008187236456 0.0666436813806428 0.997273120977542 13.9286384109949 0.0250088523857243 0.997515099883167 -0.0658648829606898 -0.757325566761542 -0.999184475156915 0.022852685555787 -0.0332887273455853 55.991019317405
116 -0.0354057601491133 0.0542077516879257 0.997901774627746 15.3407964076176 0.0243682877187557 0.998277774155915 -0.0533635847743321 -0.833186415538904 -0.999075882354248 0.0224277792759689 -0.0366657335236733 55.9431965282797
118 -0.0354972017409623 0.0539172077312578 0.997914266547495 16.8120916328926 0.0304532444899117 0.998138214683484 -0.0528460432625361 -0.911012373282735 -0.998905675511256 0.0285138404802399 -0.037073067481237 55.8880401275399
120 -0.0325381155009974 0.0694064669486308 0.997057678063487 18.2700003179456 0.0324150181854606 0.997134394762155 -0.0683539711966166 -0.981444845675563 -0.99894471200146 0.0300955333566337 -0.0346946859951165 55.8373260883147
122 -0.0284224412646901 0.0659176130872793 0.99742018884592 19.7019381298486 0.0324671460049586 0.997357711689595 -0.0649883017441352 -1.05303641395141 -0.99906859086994 0.0305362607103392 -0.0304874977487861 55.7958971307246
124 -0.0233079288978404 0.0576199165452306 0.998066473571683 21.1967374665173 0.0301399450196914 0.997924385904972 -0.0569078529765001 -1.14488750315741 -0.999273898470636 0.0287552644485428 -0.0249962117488067 55.7610756087498
126 -0.0167688586661208 0.0686504639108059 0.997499834177363 22.6540829337456 0.0396430115348708 0.996901300295764 -0.0679428370401229 -1.22716640509649 -0.999073189018443 0.0384045736006239 -0.0194384081414221 55.7156345136222
128 -0.0113603416124373 0.0656419419504126 0.997778571675814 24.1368851712585 0.0291821210238091 0.997439702603455 -0.0652873914541153 -1.31343088940289 -0.999509552956349 0.0283756079637033 -0.0132468268536179 55.7154804927508
130 -0.00308384225525105 0.0629661962797572 0.998010895753651 25.6565789538776 0.037901549442154 0.997305898201873 -0.0628046014368378 -1.41496391502736 -0.999276719666194 0.0376324798254803 -0.00546205047176751 55.6952102050245
132 0.00347799698795237 0.0683259023430999 0.997656992460812 27.1799318396887 0.0341369277708624 0.99707343453761 -0.0684049435475306 -1.5035212197467 -0.999411113455979 0.03429485687935 0.00113538200892371 55.7090041320354
134 0.0108729438785727 0.0646688303769047 0.997847544201566 28.7713294083915 0.0375385015709302 0.997176709079721 -0.0650343891241108 -1.60737490850742 -0.999236028169132 0.038164816868683 0.00841467540414997 55.7280671593396
136 0.0180043736772425 0.0660296092162937 0.997655217615401 30.313065203518 0.0449915069699437 0.996752703657991 -0.066781824256739 -1.70616629796679 -0.998825113235077 0.0460883765957103 0.0149751365171827 55.7396075071248
138 0.0242252428778778 0.0646094873538003 0.997616535424001 31.8205191923382 0.0469951815335457 0.996732575159189 -0.0656934283559709 -1.79624706220867 -0.998601317103145 0.0484746094405217 0.0211097541305427 55.769327744753
140 0.031004077673597 0.0638897202460515 0.997475238196163 33.3928320380849 0.0475138007138672 0.996732595316809 -0.0653190031670734 -1.89415107198577 -0.998389295770609 0.0494189951324235 0.0278671313695728 55.8098291447972
142 0.0366820483064789 0.0656364236630671 0.997169136716918 34.891477208485 0.0465042017139707 0.996647553386283 -0.0673128037752361 -1.98665589086861 -0.998244352127768 0.0488417261965573 0.0335067042120388 55.8627527464154
144 0.0415119146569498 0.0656011793749472 0.996982069149757 36.3794872438396 0.0425513576998361 0.996820797379182 -0.0673623030353966 -2.07938149818485 -0.998231507667142 0.045219278819415 0.0385885206199628 55.9363004726745
146 0.0476656182778559 0.0675045730488621 0.996579711539263 37.9013113895939 0.0382311129631899 0.99685940367555 -0.0693520821981728 -2.17693190810736 -0.998131439659019 0.0414060614055134 0.0449351448545269 56.0121591860569
148 0.0545165066742531 0.0731339922558434 0.995830994535096 39.4260993052493 0.0375434323195947 0.996458792322596 -0.0752354031866528 -2.27871998869853 -0.997806815565869 0.0414884849050483 0.051577751313754 56.0932168332361
150 0.0600816499094979 0.074702703268337 0.995394244241223 40.9556591484754 0.0277064848250697 0.996686698873155 -0.0764720536403418 -2.38251612485438 -0.997808872501538 0.0321734426777105 0.0578128319966542 56.206646491498
152 0.067705921886797 0.0763018681155241 0.994783359864619 42.5002959588343 0.0293138882703104 0.996488723177813 -0.0784278045971397 -2.49714607927248 -0.997274588112991 0.0344709950760424 0.0652314832157966 56.3085693196294
154 0.0754686063106159 0.0752326939570727 0.994306055106522 44.1319470755965 0.0245906987499713 0.99670606733976 -0.0772807405703288 -2.61029866501896 -0.996844916221436 0.0302829504518918 0.0733699932902194 56.4422647434827
156 0.0853199498383729 0.0788487959491681 0.993228761936013 45.6265942372109 0.0216688837836453 0.996481099198836 -0.0809683791059877 -2.72248163129147 -0.996117947652359 0.0284303766567826 0.0833111520026285 56.584583494323
158 0.098874236978397 0.0921801707807791 0.990821225739925 47.2481501513609 0.0182742405724819 0.995364107462688 -0.0944264036512377 -2.84798327383523 -0.994932127028492 0.0274428440551231 0.0967313440241959 56.7498961284717
160 0.113185271582316 0.0933985791849692 0.989174301982753 48.9156419361502 0.0102488516732784 0.995409230108357 -0.0951600002861909 -2.99337862709689 -0.993521039201595 0.0209086111762058 0.111708435860797 56.9532240415554
162 0.128039215596134 0.0883080362797197 0.987829767722125 50.5494667621279 0.00987287697535482 0.995865122807788 -0.0903060544773065 -3.13460623889393 -0.991719963280843 0.02131543814817 0.126637934785732 57.172359401508
164 0.142426940298157 0.0755602219628256 0.986917027684817 52.0802185944989 0.00488206029964972 0.997016205387629 -0.077037988562028 -3.25904379292834 -0.989793277490071 0.0157904734375224 0.141633078001161 57.4119043707836
166 0.157140844374812 0.0747285795366928 0.984744837219063 53.6625154604154 0.00453889170149259 0.997067835636369 -0.0763880200131429 -3.38353734227488 -0.987565771729303 0.0164733281347266 0.156340896661342 57.6715161770549
168 0.168320215059119 0.0849976696077074 0.982060945849957 55.1878583149865 0.00368612985962428 0.996214194810831 -0.0868544213271047 -3.50160525573497 -0.985725477833007 0.018239359053082 0.167369675067566 57.9428160369303
169 0.173268976395976 0.0879585326353914 0.980938916729946 55.9101515653883 0.00235042994551463 0.995964166426961 -0.0897209823425993 -3.56657531726044 -0.984871736470167 0.0178514909763464 0.172362951274801 58.0835928565932
170 0.178491493326847 0.0873398660365013 0.980057413935877 56.748907192472 -0.000184810375166228 0.996055527293204 -0.0887319130515237 -3.63777581137168 -0.983941437614596 0.0156567668879605 0.177803579816433 58.2387616723403
171 0.183740035551589 0.084467780491599 0.979338957355585 57.5022470077342 0.003724987091915 0.996234125304779 -0.0866238538128324 -3.70183620347414 -0.982967814227234 0.0195642949539445 0.182733452209192 58.3819938964116
172 0.188205747347523 0.0777991447648763 0.97904335437161 58.2471894777009 0.00443111429904394 0.996780164878123 -0.0800604030192855 -3.76096499708969 -0.982119627077796 0.0194060809901286 0.187255018969254 58.5294554057056
173 0.191540123946351 0.0716967006755609 0.97886258689913 59.0042248991416 0.00248109614043558 0.997289779993195 -0.0735318902454356 -3.82282678806728 -0.981481647857238 0.0165129595579925 0.190843121662998 58.6849300545608
174 0.194723233405123 0.0684230049816828 0.97846878067802 59.7465061324814 -0.00123599179838319 0.997580247185807 -0.0695134717085689 -3.87897661317847 -0.980857448713384 0.012326508588416 0.19433662158608 58.8448269165659
175 0.19794082004692 0.0684950014392205 0.977817910726222 60.4726358882655 -0.00281521783712426 0.997591183591797 -0.0693102082556947 -3.93165085941769 -0.980209929712856 0.010966549036019 0.197656845301543 58.9980927435199
177 0.201200049227315 0.0750726829419343 0.976669151999195 61.8763949063608 -0.00891936291750012 0.997157906200033 -0.0748101267738013 -4.03355934037101 -0.979509563585814 0.00634053457258256 0.201297820319202 59.3087600328553
179 0.205368652234323 0.0846170574598487 0.975019830704122 63.2154285264135 -0.0108139543421556 0.996390702377619 -0.0841939820113107 -4.13965254632712 -0.978624940961012 0.00674698467997305 0.20554246064204 59.6048532785503
181 0.208675043521179 0.0866801880069265 0.974136166672051 64.5583079199097 -0.0123959537613623 0.99621890412791 -0.0859897400189875 -4.2469605579361 -0.977906471264906 0.00586856586149968 0.208960506778073 59.8983342911664
182 0.2091052212409 0.0836480259898213 0.974308993183272 65.2421918137206 -0.0123355340025631 0.996481177206248 -0.0829041499234025 -4.30477826000622 -0.977815340977358 0.0053170688971065 0.209401260090949 60.0489486974447
183 0.20975657177449 0.0810605048948255 0.974387692422071 65.9301422091193 -0.0123309208112155 0.996697526044326 -0.0802620082546332 -4.36314722332079 -0.977675881358112 0.00482038622054816 0.210063406825949 60.2029381327084
184 0.209609252526841 0.0798282260008069 0.974521121160903 66.5873703157579 -0.0114296938846026 0.996793673586816 -0.07919428259037 -4.41558720365414 -0.977718427438515 0.00546137627921809 0.209849589030557 60.3458328270871
186 0.206238709606059 0.0799614881881442 0.975229078251241 67.8684255397829 -0.012997512150695 0.99679140455425 -0.0789807602182845 -4.52096276416161 -0.978415381797486 0.00361333827684303 0.206616273435993 60.6304973128382
188 0.201632441554132 0.0865746974159013 0.975627582779549 69.0751295503739 -0.0120734527290772 0.996229944112041 -0.0859076841366286 -4.62597839882089 -0.979386844026464 0.00554258259885687 0.201917531497433 60.891832756092
190 0.197773099046958 0.0860258737765327 0.97646574457804 70.2744060158832 -0.0105913673526139 0.996271092801918 -0.0856255369902867 -4.72226202734512 -0.980190606071576 0.00659232040005929 0.197946753145332 61.1349889712731
192 0.193110859493483 0.079144498305268 0.977979725931829 71.4763999092514 -0.0103051229497871 0.996850070331369 -0.0786367707967074 -4.82548572099029 -0.981122826350849 0.00510741307821762 0.193318167653665 61.3782697076121
194 0.189731404094107 0.0795750725074254 0.978606050531018 72.617657956866 -0.00334151689594758 0.996756825033502 -0.0804031467914431 -4.92178112952774 -0.981830346121627 0.0119849732819992 0.18938197340327 61.5864388705699
196 0.185215582364938 0.0834621916144613 0.979147205797028 73.706252801184 2.42895964357478e-05 0.996386387451375 -0.0849362485138894 -5.00640488085466 -0.982697912615689 0.0157552998228732 0.184544257749351 61.7890678603993
198 0.18259403074285 0.084357428176822 0.979562782188294 74.783468736767 0.00152672757637352 0.996286863926255 -0.0860822506147214 -5.09677312318116 -0.983187209558783 0.0172136306275142 0.181787243448579 61.998820372933
200 0.185694247911533 0.0810421491485541 0.97925983086919 75.894231256162 0.0122919994650051 0.996323429291207 -0.0847852050452285 -5.1826086067277 -0.982530688091585 0.0277811862020439 0.184015359824893 62.1882718934509
202 0.190837528529612 0.0799493354706475 0.978360435352182 76.9850889553803 0.0127538582620523 0.996391668948443 -0.0839105544587078 -5.27274719247955 -0.981538780081633 0.0284911531521307 0.189129261056878 62.4059620305124
204 0.20337137969342 0.0793937716491557 0.975877405694443 78.068148588675 0.0127125918452481 0.996408778803131 -0.08371341309867 -5.35891598683686 -0.979019137673095 0.0294308434703148 0.201631727469798 62.633396057691
206 0.219334711919894 0.0774916466696827 0.972567390386619 79.1938053008957 0.0111892212395268 0.996575442022787 -0.0819279542350451 -5.44400406818633 -0.975585509053445 0.028851915941715 0.217716516303707 62.896612518086
208 0.237579909072105 0.0768990492860415 0.968319329056378 80.3586019958491 0.00656816667115821 0.99671150311515 -0.0807653313279748 -5.5375796079411 -0.971345791153629 0.0255483028172251 0.236293542508654 63.200203913226
210 0.256842264806126 0.0830037978387857 0.962882350317835 81.5153523533926 -0.00216447255211348 0.996351965786938 -0.0853116365513868 -5.62227744631453 -0.966450912394329 0.0198275015279979 0.256084954878897 63.5295404411987
212 0.277951519254821 0.0874353916307671 0.956607550270387 82.7331603119203 -0.00735664833138775 0.996013423691431 -0.0888996037775277 -5.72003604504712 -0.96056693294599 0.0176723545926259 0.277486675741174 63.8988059809938
214 0.297908447110556 0.088629291078979 0.950471149432225 83.9794108197099 -0.0111954218776192 0.995936486180364 -0.0893598233195003 -5.82100007145226 -0.954528794573092 0.0159801206987865 0.297690134323079 64.3086307777701
216 0.318689335443032 0.0847612746973191 0.944061774348778 85.2875770958117 -0.0150025544078282 0.996319959534025 -0.0843887527776055 -5.92175015972875 -0.947740487072341 0.0127304574075431 0.318788181427851 64.7623417718579
218 0.340468828082872 0.0732746597870886 0.937396288309786 86.6272797038167 -0.00971963617391149 0.997179798345254 -0.0744175949944972 -6.02371751392188 -0.940205565701737 0.0162257204833761 0.340220840364421 65.2457123932944
220 0.360046355768224 0.0676023892709368 0.930481885187929 87.979120150503 -0.00407467604950676 0.997475602773308 -0.0708930101428678 -6.11130838628984 -0.93292551616574 0.0217333576993042 0.359412913582694 65.7759337033694
222 0.375986332453082 0.052677324427025 0.925126681757526 89.4144560807728 0.0121105292498216 0.998018189269495 -0.0617497284895088 -6.19750526960269 -0.926546066253464 0.0344208276839589 0.374603248426628 66.3347475150847
224 0.390149855729516 0.0482466338713727 0.919486461234922 90.8646789775707 0.0194521637774711 0.997971439193442 -0.0606186429949179 -6.29193734402619 -0.920545872511855 0.0415363560540952 0.388419911599721 66.9383753369986
225 0.397498350757243 0.0543920363247854 0.915989392694979 91.5909723572747 0.0219320418317594 0.997393269514157 -0.0687433740003384 -6.33462678929387 -0.917340747316046 0.047414895468657 0.395269251272262 67.253701714374
227 0.409893308658285 0.0608355177249225 0.910102475164366 92.9791023495271 0.0237777751175634 0.996721613307316 -0.0773346169352305 -6.42843036194075 -0.911823498780122 0.0533391539977988 0.407102986630136 67.8803003912136
229 0.418420867816999 0.0661943880879627 0.90583788856557 94.3264063976918 0.00978665457993387 0.996954154573035 -0.0773733485878604 -6.54153147507181 -0.908200527839201 0.0412397461828476 0.416498600918865 68.5372443873461
231 0.426591756699405 0.0734042718693531 0.901460640287443 95.6870161206083 0.00601533997322269 0.996448813617358 -0.0839855792714844 -6.65669534121671 -0.904424285831115 0.0412501480226476 0.424635298211285 69.1944928972351
233 0.433947336973473 0.0748613510092218 0.897822636637496 97.0114105633268 0.00178717348153103 0.99646833786818 -0.0839503283922858 -6.77672082007061 -0.900936465431708 0.0380345862511978 0.432280991374964 69.8507586689947
235 0.441470073183984 0.0691476182964319 0.894607613072267 98.2991260101901 0.00225249226010571 0.996937605129177 -0.0781686494569296 -6.89122643253835 -0.89727314724199 0.0365242161207208 0.439962363021226 70.4912157165278
237 0.448325010566822 0.0700218400041048 0.891123799941792 99.516466082779 -0.00109378844145758 0.996969277974226 -0.0777885750119935 -7.0038100710824 -0.893869950567254 0.0338998628019459 0.447042851161838 71.1264562392597
239 0.453423540425328 0.068570022084922 0.888653613653506 100.701402292624 0.00213349226277326 0.996949907629368 -0.0780149337534739 -7.10536467994873 -0.891292623776796 0.0372697430775629 0.451894263132436 71.7371443906658
241 0.45706458404237 0.0672696389854839 0.886885991368078 101.872873761117 0.00269907449728557 0.997026304720228 -0.0770146914087569 -7.21074863743273 -0.889429413169496 0.0375944592551963 0.455523847479224 72.3481543434434
243 0.461510751395483 0.0684925096768651 0.884486632157062 103.019533538592 0.00359301638741869 0.996862637493819 -0.0790694138216956 -7.31019839361331 -0.88712733955144 0.0396693595490442 0.459816730158171 72.9495891837661
245 0.467550951902904 0.0675570442782563 0.881380821860264 104.147175388129 0.00849892708929338 0.99668570108869 -0.0809035319604574 -7.41163846607982 -0.883925265852843 0.0453173147233107 0.465427185898341 73.5350107466294
247 0.474402405519049 0.064721494243904 0.877925672150312 105.207882835034 0.0133148500774801 0.996652007420209 -0.0806690205263515 -7.50434459029588 -0.880207403062002 0.049959026092419 0.471952352792888 74.1025135789157
249 0.480835380247355 0.0635673664369753 0.87450358891582 106.236750619396 0.0146348165097816 0.996647749820046 -0.0804927631800774 -7.60131118696092 -0.876688747075099 0.0515019679517814 0.478293203013578 74.6739974193332
251 0.488236240767896 0.0642379633542267 0.870344102792071 107.254616575102 0.0159017710074604 0.9964669074093 -0.0824671820603349 -7.69249013704388 -0.872566620310255 0.0541034795761526 0.485489759539882 75.2446359877589
253 0.497162257001617 0.0676822741860611 0.865013757101042 108.268111110298 0.0157756351260687 0.996082989307208 -0.0870046421128549 -7.7899603229878 -0.867514161008007 0.0569015656535008 0.494147136262827 75.8315560388228
255 0.508408912693908 0.0805410018723091 0.857340961642918 109.249292559548 0.00692737016979348 0.995201614206587 -0.0975999929463792 -7.89014936220218 -0.861087910167092 0.055559824495829 0.505411433256178 76.4296615386308
257 0.520726265082196 0.0912886273496558 0.84882892467809 110.199044715937 -0.00183481621358526 0.994383930757928 -0.105816972645575 -7.99086379052659 -0.853721728845535 0.0535442318744755 0.517969328174906 77.0418291192448
259 0.531588237278448 0.0907822276952001 0.842123822915544 111.188924280341 -0.0126202920043195 0.994978141851492 -0.0992936325626068 -8.09802956306519 -0.846908893693365 0.042155478557942 0.530064374779736 77.7015647962708
261 0.542828700494618 0.0866202359160313 0.835364553143821 112.203963235346 -0.0253412136212707 0.995903420418774 -0.0867997701056178 -8.20753961194115 -0.839461032336538 0.0259482548168092 0.542800021426341 78.3988073234797
263 0.555538933204485 0.0883427266316355 0.82678416551438 113.222843851834 -0.0328982477493689 0.995896571086594 -0.0843073246698416 -8.30257353329584 -0.830839454400815 0.0196362508960607 0.556165639591033 79.1078437741075
265 0.567722353265833 0.0956086025480564 0.817649267547592 114.268609274888 -0.0396424252334172 0.995255717215531 -0.0888511984804432 -8.39918722605702 -0.822265047125267 0.0180292115358931 0.568819074757058 79.8591512943916
267 0.580128667747007 0.0988103318446251 0.808509274639962 115.366659757345 -0.045081994622069 0.994988212152316 -0.089252851152408 -8.49983105304883 -0.81327630152303 0.0153289268604567 0.581675752788724 80.6702510094514
269 0.593263860462518 0.0989875790642049 0.798898899148145 116.485217243501 -0.0516781862456541 0.995047137762247 -0.0849150086705449 -8.60812840437874 -0.803347594093286 0.00909135975346978 0.595441004837896 81.5332317780014
271 0.608168237259322 0.0970465099648371 0.787853647635481 117.632047585042 -0.0523926347545418 0.995241974656114 -0.0821487900463364 -8.71376377382471 -0.792077273384589 0.00868255643486731 0.610359079723886 82.4346491869392
273 0.623489706270046 0.100110980030521 0.775395626665911 118.788213346654 -0.0579551681717923 0.994957584275689 -0.0818572169968202 -8.81665681427059 -0.779680565781571 0.00609894823833573 0.626147760654716 83.3922021364574
275 0.635312011325025 0.0998142649306195 0.765777879533296 119.9696404938 -0.0598540937620087 0.994993464350065 -0.0800343261393843 -8.92137616170979 -0.769932552712301 0.0050118277121972 0.638105591463437 84.3999061314548
277 0.642700295234486 0.0959537596355381 0.760084999534467 121.218525126233 -0.0553216192057507 0.995348257029753 -0.0788756342369842 -9.03375795244223 -0.764117693129768 0.00864426050266814 0.645018936006071 85.4633186273256
279 0.650162815945851 0.0857512181553272 0.754940422381951 122.51070525861 -0.0419923787813513 0.996147564977654 -0.0769848615857321 -9.14924967897483 -0.758633609119478 0.018350950219765 0.651259003577215 86.5588596386516
281 0.657568515941429 0.07447410764694 0.749704777984493 123.813062027618 -0.0307077945412433 0.996924689307309 -0.0720985104141394 -9.26147456650375 -0.752768675090163 0.0243879302056771 0.657833224049443 87.6900772449734
282 0.660972823422355 0.0728365749766355 0.746866628015172 124.445177847649 -0.0303760974566186 0.997059520905315 -0.0703534254700519 -9.31690519320887 -0.749794784858088 0.0238148087906894 0.661241737552823 88.2590279091487
283 0.663913448177012 0.0743612014700752 0.744103047329896 125.066038958547 -0.0311328327508842 0.996929490160503 -0.0718494145642491 -9.37049002151501 -0.747161080393389 0.0245357568509053 0.664189970250332 88.827129429444
284 0.667132215977067 0.079129503273614 0.740724731676484 125.671094164142 -0.036679318539677 0.996625527691321 -0.07343149968141 -9.42027050108173 -0.744035774675514 0.0218192407215998 0.667783413044484 89.3988649240912
285 0.669822643774493 0.0828780088819402 0.737881332959924 126.289087275252 -0.0431372552854785 0.996416311844568 -0.0727578909569537 -9.47067228783223 -0.741267025499842 0.0169047074459616 0.670997338126451 89.9910668129694
286 0.672678769067429 0.079924336491945 0.73560544728968 126.94118917747 -0.043568385085471 0.996702660098259 -0.068451465828706 -9.52462704162778 -0.738650844084654 0.0139967063760282 0.673942892791111 90.6041962264158
287 0.676051676347268 0.0772690425238002 0.732791666147687 127.604524433492 -0.0467934257790482 0.996981343371359 -0.0619562448289222 -9.57715708475398 -0.735366919443559 0.00759579073538775 0.677626591679514 91.2293647928629
288 0.67962977198099 0.071444114658645 0.730067881445082 128.27065364743 -0.0458764118158768 0.997437289257314 -0.0549018108801605 -9.62699775361704 -0.732119339913902 0.00382001042710771 0.681165677089186 91.854014231356
289 0.68413694944067 0.0675092719842772 0.726222509019218 128.922281262615 -0.0439417148509181 0.997713450322714 -0.0513516965747505 -9.67290418911292 -0.728028680826501 0.00322013063361197 0.685539109499033 92.4741337374457
290 0.688889269688435 0.0644669418187935 0.721994174159783 129.574056043813 -0.0381060711186544 0.997880855583064 -0.0527420648506627 -9.71545637685743 -0.723864283862683 0.00882108118904631 0.689885995708438 93.0945437861916
291 0.694170678695982 0.0612480644140373 0.717199932685645 130.229697115701 -0.0274354909493413 0.997900649238918 -0.0586650499438556 -9.75947850153931 -0.719287399218927 0.0210468252731947 0.694393741670237 93.7179239734849
292 0.699494460277676 0.0629201159336126 0.711862738912315 130.865937642649 -0.0219283745543856 0.997537233145171 -0.0666229305755874 -9.8077278085919 -0.714301509469387 0.0309923780949075 0.699151504374965 94.3407370231093
293 0.705070631037321 0.0631351566393622 0.706321001560026 131.497326107858 -0.018811362074305 0.997343540314718 -0.0703704145888972 -9.85772651114522 -0.70888753544236 0.0363292525195202 0.704385297621855 94.9732433203366
295 0.716857345623868 0.0532325040616421 0.695184757123191 132.8015638042 -0.0119697186491997 0.997873781163171 -0.064067485533421 -9.97088470792957 -0.697117114881396 0.0376060816683069 0.715970328128893 96.3021054179957
296 0.72220387384234 0.0499331228661603 0.689875530692277 133.440990974549 -0.00736625341121195 0.997889504314038 -0.0645156995665874 -10.0253152924778 -0.691641021714154 0.0415116901693644 0.721047485718856 96.9711801570742
297 0.726823369722589 0.0519341490395959 0.684858111865978 134.076165324055 -0.00505106567368718 0.997514309989708 -0.0702829147184215 -10.0798407880502 -0.686805850266769 0.047624001609376 0.725279034930729 97.6480517367964
298 0.730374992164677 0.0534141901831037 0.680954693872897 134.714177430718 -0.00590344474838524 0.997394096911663 -0.0719038579345445 -10.1360756264322 -0.683020878275731 0.0484968012641208 0.728787033437477 98.3400800114247
299 0.733625261082377 0.050476830876613 0.677676962753249 135.332172682845 -0.00336450487516706 0.997495050846109 -0.0706562357082731 -10.1946122098977 -0.679545919279014 0.0495551519236081 0.731957396648923 99.0118912283004
300 0.736290048765338 0.0448954304028271 0.675175062052858 135.96683661789 -8.89572419149367e-05 0.997802958366296 -0.0662514027178028 -10.2538539337057 -0.676666059571296 0.0487201868265331 0.734676382647382 99.6975143004017
301 0.737694459100569 0.0406202943289821 0.673911623806078 136.61714007035 0.00314044712363842 0.99797111647846 -0.0635907875922258 -10.3098348943192 -0.675127412126172 0.0490269554771945 0.736070197082082 100.401469047918
302 0.738239336004812 0.0359473309555614 0.673580338320787 137.247971898391 0.00663785493086895 0.998143487644234 -0.0605435129086635 -10.36286626214 -0.674506205795834 0.0491667313391495 0.736630172387971 101.089580091708
303 0.738554082167024 0.0350088318956442 0.673284671891265 137.875414695578 0.00674824214764156 0.998216993382655 -0.0593067900835112 -10.4151100706811 -0.674160462310229 0.0483447599166176 0.737000987276315 101.782060806869
304 0.738264951639846 0.0356595191936313 0.67356756147479 138.512522282709 0.00510965525052329 0.998277230861106 -0.0584505069909815 -10.468661020338 -0.674491477042843 0.0465936587440933 0.736810883715355 102.494156178501
305 0.737730056969353 0.0379854559527463 0.674026311192714 139.147657764464 0.00341814515421604 0.998192801240815 -0.0599953984462021 -10.5215669586923 -0.675087164244515 0.0465643284830332 0.736266992323589 103.20059820189
306 0.736547160322914 0.0420132069226291 0.675080121959111 139.767671813865 -0.000693091354027055 0.998115402968282 -0.0613609157513094 -10.5727579708941 -0.676385836815517 0.0447273160556351 0.735188184721322 103.894238661276
307 0.734555542670633 0.0457672083075515 0.677003336310528 140.418931670823 -0.00400788876608155 0.997997979782155 -0.0631186911966306 -10.6290463513417 -0.678536728231782 0.0436508303984024 0.733268377503107 104.616965425262
308 0.732568756464121 0.0486155452904245 0.678954745037345 141.061096229262 -0.00824535012474828 0.998006871867099 -0.0625643501314292 -10.6834249628796 -0.680643101231424 0.0402344685830749 0.731509505258753 105.323612897372
309 0.730141143294096 0.0500831854169338 0.681458425296572 141.686914753402 -0.0105507370500863 0.998017649948709 -0.0620439548913168 -10.7378674597318 -0.683214895049055 0.0381109555029633 0.729222162481202 106.008103735646
310 0.72793366157644 0.0493183064018597 0.683871544222721 142.326785448852 -0.0111599851809965 0.998129827356488 -0.060102433162616 -10.7913129501581 -0.685556736583251 0.0361185879424856 0.727122691524865 106.697067523359
311 0.725420250720105 0.0480434087668785 0.686627475942552 142.976289954456 -0.0122162299424547 0.998302578326499 -0.0569449368483038 -10.8434825069873 -0.688197808461473 0.0329210112348156 0.724775815992851 107.393532731814
312 0.722830886293496 0.0438886495889887 0.689629825527735 143.61914450558 -0.00794439322636931 0.998442887187183 -0.0552149222727672 -10.8956440230465 -0.690979302466018 0.034432360688426 0.722054025749457 108.065854509505
313 0.720071603090101 0.0480339312178368 0.692235240272418 144.260106326507 -0.00856452366231039 0.998140434667429 -0.0603516496572657 -10.9514581997099 -0.693846910606144 0.0375288440226412 0.719143970640535 108.736242899665
315 0.713133463871109 0.064968347391531 0.698011301158088 145.527631819109 -0.0167314959835572 0.996990085298456 -0.0757022249258897 -11.0619696043659 -0.700828595128186 0.0423070166023454 0.71207401061748 110.062530539873
316 0.70958977834414 0.0635225843560413 0.701745842699652 146.163693231649 -0.0182742564297306 0.997252095468294 -0.0717935208499841 -11.1206924780258 -0.704378022102802 0.0381200650684948 0.708800721372177 110.711075442271
317 0.70572480967731 0.0618371332928746 0.705782304929816 146.793621450916 -0.02127077915296 0.997583985724027 -0.0661342980698341 -11.1830369503694 -0.708166680210352 0.031660075380247 0.705335092467946 111.359169891228
318 0.702295546617219 0.0601494289266635 0.709339841966752 147.441664683266 -0.023338909877867 0.997833836398227 -0.0615055300319272 -11.2381165038 -0.711502818327049 0.0266398411893117 0.702178081667375 112.013195705643
319 0.698968532449639 0.0602118191183068 0.712613168194121 148.095015650854 -0.0228878055208717 0.997822321957393 -0.0618608289792121 -11.2918269152309 -0.714786079189876 0.0269286212424787 0.698824520430088 112.661892161937
320 0.69601801100571 0.0584337660291597 0.715642664563331 148.746090102725 -0.0208927212611926 0.997909188017657 -0.0611616437666805 -11.3451513442373 -0.717720295487007 0.0276178829309859 0.695783608594262 113.296527200616
322 0.68978355380891 0.0568937653908928 0.721776799540132 150.056312935298 -0.0135111603338225 0.997745662410295 -0.0657346308111254 -11.4548139326954 -0.723889561632977 0.0355906251853948 0.68899724960099 114.546264191506
324 0.682061591015633 0.0579516014050592 0.728994923134457 151.351167172994 -0.0109165976213159 0.997550926239834 -0.0690867386292305 -11.5638862356694 -0.731213247936331 0.0391632666236931 0.681023806184309 115.76346155352
325 0.677966054615694 0.0595643350238597 0.732675998502745 152.004934461022 -0.0129501641596693 0.997524808826148 -0.0691125822451601 -11.6215518052026 -0.734979130341173 0.0373677102525938 0.677059326937759 116.376211068555
326 0.673048023376714 0.0590841692633696 0.737234982330027 152.666477790918 -0.0119950897055028 0.997544860996676 -0.0689954210225563 -11.6785344118081 -0.739501505104388 0.0375940319941923 0.672104316833901 116.985279463295
327 0.667329377543003 0.0618592360533833 0.742189286356897 153.353882534221 -0.0146221833409511 0.997440777150779 -0.0699863403186147 -11.7369676054175 -0.744619160123087 0.0358515131025337 0.666526050042943 117.615616423713
329 0.654970607109437 0.0749288321363396 0.751930298589823 154.708940994101 -0.0216903810368465 0.996525925621054 -0.080408997852092 -11.8618301704884 -0.755342989107049 0.0363558754506831 0.654320425423998 118.828696851249
331 0.642020451858851 0.0719600011022594 0.763303018228226 156.100361718412 -0.0223772417335241 0.996920189360425 -0.0751624580357351 -11.9888953269648 -0.766360880034567 0.0311752191161031 0.641653416780202 120.020594478604
332 0.63483282452949 0.0682483544422062 0.769629421875126 156.810439578091 -0.028499188216903 0.997481743044349 -0.0649458895095312 -12.0520093725474 -0.772123747317026 0.0192959687276304 0.635179175052186 120.628072653027
333 0.627890570244176 0.0632284072731569 0.775729076618985 157.53867712494 -0.0273289997129558 0.997871135758174 -0.0592142060267727 -12.108288521016 -0.777821674661444 0.0159801418764548 0.628281845585622 121.227248797568
334 0.620676926068109 0.064276056970672 0.781427374710501 158.279120394858 -0.0318821934558423 0.997878856300877 -0.0567566197733655 -12.1551238655563 -0.783417946684327 0.0103139055627378 0.621409642800106 121.82598461747
335 0.612819378999684 0.0656504204827991 0.787491225991042 159.028440894986 -0.0304422000922149 0.997764589391576 -0.0594903068558658 -12.2032185525535 -0.789636423410159 0.0124838474314294 0.613448019295295 122.413848020876
336 0.606531069094653 0.0654811323768301 0.79235868363106 159.790709549997 -0.0247061149254838 0.997673648441188 -0.0635365964727215 -12.2599026664889 -0.79467582705666 0.0189608150852414 0.606737848978549 122.989967566667
337 0.599639487093947 0.0739473497224118 0.796846456343215 160.547043301541 -0.0235635878941978 0.996921440894704 -0.0747823375535914 -12.3161456816895 -0.799923273097652 0.0260658810220985 0.599535926365786 123.557899989481
339 0.58534879493252 0.0708518826133282 0.807679886465668 162.084504888211 -0.0168680405988587 0.997023013460612 -0.075236825001295 -12.44284713955 -0.810606105008717 0.0304158077332724 0.584801351881586 124.682169690644
341 0.571302972669324 0.064162924366298 0.818227372162505 163.647005034957 -0.0121571217940007 0.997491684501402 -0.0697319420369223 -12.5772398262771 -0.820649205086363 0.029890775957134 0.570650001054763 125.782834974068
343 0.558265578103473 0.0633424767205128 0.827240759965142 165.170614830024 -0.00862424454248108 0.997470466413371 -0.0705570055994744 -12.7004321281551 -0.829617482163236 0.0322552209107933 0.557399707582566 126.826484015685
345 0.548317812511143 0.0548152661950568 0.834471607111327 166.684287625839 -0.00309013777632594 0.997975455418177 -0.0635251244107761 -12.8212237133003 -0.836264328745116 0.0322533250200088 0.547377105379495 127.825282764651
347 0.538947104124204 0.0558967901749777 0.84048293724755 168.148534179418 -0.00469795262434349 0.997979760671809 -0.0633587131385864 -12.928592667097 -0.842326509257113 0.0301984459463192 0.538120902460733 128.78701487892
349 0.532095445738174 0.0646644154333426 0.844211436786637 169.577341402514 -0.0045621361951027 0.997283757361133 -0.0735139049228006 -13.0411050099048 -0.846672087373873 0.0352650064557673 0.530945153270696 129.70059327861
351 0.525982191430792 0.0625973536208981 0.848188838418263 171.033980220411 -0.00633197072370975 0.997548344797874 -0.0696936578016738 -13.1595807537682 -0.850472010382714 0.0312869159663103 0.525089029065454 130.621689439546
353 0.521170708225248 0.0491282162980829 0.85203727104591 172.498453748078 0.0016223089309055 0.99828298144031 -0.0585530279351907 -13.273804290676 -0.853450913059284 0.0318983907119982 0.520196147302399 131.514405673661
355 0.516665435361308 0.0497352644507375 0.854741616731586 173.91831512308 0.00875995289548021 0.997952071404457 -0.0633634469139899 -13.3726813489356 -0.856142564721658 0.040225199186185 0.51517166286807 132.372416591257
357 0.512647133484254 0.0653325712920447 0.856110139911184 175.286608912193 0.00452015825642883 0.996881618648497 -0.0787820193323868 -13.485929037023 -0.858587493910617 0.0442571296981812 0.510753190661756 133.204897117569
359 0.507945040723384 0.0605247067015842 0.859260493379747 176.643291501443 0.00806764846912893 0.997150405794681 -0.0750065415259338 -13.5918610665509 -0.86135169858351 0.0450314123939087 0.506009311421353 134.001973255255
361 0.501432200162446 0.0493974274087577 0.863785646329947 177.969198710094 -0.00707185247338618 0.998569467007819 -0.0530000798330921 -13.7005898323515 -0.865168040060914 0.0204673819800188 0.501064216175972 134.803947619066
363 0.496873150523709 0.0541810779303688 0.866130176753441 179.271543192721 -0.0057905839383453 0.998233911205996 -0.0591229875431862 -13.7857676683897 -0.867803861149682 0.0243612255989323 0.496309368500154 135.560886181689
365 0.491996705244281 0.0550219329612836 0.868856621613702 180.576532595538 -0.00460397441246699 0.998151347994728 -0.0606027220173834 -13.8711000213347 -0.870584886985974 0.0258161459073757 0.491340494120022 136.307707787546
367 0.487135319591578 0.0535748858044687 0.87168165749742 181.823744391941 -0.00501060724204934 0.998271600896728 -0.058555142029972 -13.9594181384944 -0.873312128749783 0.0241566234006825 0.486561798052827 137.014535565354
369 0.480532342342011 0.055431860225162 0.875223386819204 183.044687300461 -0.00230272210254003 0.998076695145338 -0.0619484308007776 -14.0425976273474 -0.876973982187738 0.0277528283196211 0.479735776324888 137.686284425402
371 0.471705306468347 0.0593133552241676 0.87975907482768 184.235815966871 -0.00251987511371896 0.997821595061397 -0.065922034696605 -14.1281040201024 -0.881752660375354 0.0288788905808524 0.470827203546912 138.32852999984
373 0.461060357218664 0.0646126133659484 0.885013309049881 185.433390878239 -0.00136875984721962 0.997396156075969 -0.0721043295604467 -14.2181158431946 -0.887367721690326 0.0320330772624693 0.459948267159707 138.956809739952
375 0.448229843870512 0.0699532338091937 0.891177059928863 186.67468989845 -0.00128575757676057 0.996982825814646 -0.0776118023118738 -14.3126259428919 -0.893917420062542 0.0336420883757215 0.44696739925687 139.59134545925
377 0.434937443582283 0.073445363187273 0.897460416283859 187.914453584356 -0.00967336475600882 0.99699167724405 -0.0769026756387111 -14.4079045787794 -0.900408710633346 0.0247663911861453 0.434339475161088 140.213644742359
379 0.421690347084689 0.077421061234629 0.903428597318514 189.134347256052 -0.010806012597561 0.996706458463393 -0.0803708015954894 -14.5049427233831 -0.906675510459688 0.0241291304166558 0.421138105373997 140.783223315604
381 0.406504337468729 0.0858551777668841 0.909606020247077 190.394546685101 -0.0155490617333237 0.996080980098547 -0.0870684085368027 -14.6065494147127 -0.913516529844055 0.0212501655648849 0.406246206339385 141.364551577219
383 0.391649898533674 0.0910428914475214 0.915599010973383 191.687987409057 -0.017400110078437 0.995647565796703 -0.0915596029499867 -14.720038984818 -0.919949777513871 0.0199277856265009 0.391529424452624 141.93003848833
385 0.377103201446259 0.0935813121133684 0.921431339537637 193.025225853459 -0.0147945749503454 0.995363972030987 -0.0950351710407015 -14.8394624403836 -0.926053074078922 0.0222058822350546 0.376739436193162 142.479831857757
387 0.362410194755261 0.0901763651792835 0.927645985223084 194.450078218475 -0.011649288490343 0.995668866425994 -0.0922377499055865 -14.9666852054542 -0.931945891570494 0.0226214852082986 0.361891038286179 143.040188665608
389 0.348258182588648 0.0837210575298687 0.933652517153 195.941459471608 -0.0123487194011731 0.996327002474829 -0.0847349589524458 -15.0956070358821 -0.937317314141376 0.0179802298539811 0.348012878993285 143.610832326232
390 0.342585211511306 0.0802678698085843 0.936051516707359 196.711104002927 -0.00854325145484983 0.996568459001312 -0.0823305494839533 -15.1549775476037 -0.93944791537814 0.0202083052268777 0.342095364907981 143.888128918365
391 0.336942984933755 0.074380855059047 0.938582395586353 197.49964359474 -0.00911102051739282 0.997085493799139 -0.0757463356239651 -15.2114889262988 -0.941480968585698 0.0169707529594819 0.336638648011374 144.181369922716
392 0.331253318475834 0.0691647838959756 0.941003438711767 198.266820206833 -0.00785532588345355 0.997477283235852 -0.0705504307831593 -15.2655677162383 -0.943509158860693 0.0159781756482898 0.330960972093297 144.453227555411
394 0.321657299418261 0.0763309404560233 0.943774427106419 199.820154613109 0.000425632366187249 0.996733546172344 -0.080759251926902 -15.3803695806252 -0.946856061166659 0.0263785038204026 0.320574131782583 144.966177679523
395 0.31698053641235 0.087817030123651 0.944357722876242 200.630640323283 0.00378738999032505 0.995579009994675 -0.0938514279863923 -15.4365531823229 -0.948424480500583 0.0333257269730993 0.315246571288118 145.230857524919
397 0.308844411285272 0.0899871413949047 0.946846050845346 202.278801398791 0.0161357119197469 0.994875174703487 -0.0998149565924344 -15.5750827731379 -0.95097569286428 0.0461053266150459 0.3058096310436 145.759810295527
399 0.299700624999205 0.0760820644441667 0.950994771197507 203.991463799115 0.0262137472726445 0.9957820091176 -0.0879262746375749 -15.7282207182952 -0.953673096416698 0.0512806960525108 0.296442094486189 146.279378453136
401 0.290296446542543 0.0921560621628374 0.952488967564145 205.697453414681 0.0179351517247971 0.994653243791204 -0.101701794223329 -15.8744376861769 -0.956768678133529 0.0466067036194916 0.28709146925735 146.799539779446
403 0.279888405650342 0.0907394168514068 0.955734711419427 207.419153279936 0.0118427541280562 0.995121164031835 -0.0979470166497602 -16.0325475797674 -0.959959493706465 0.0387327655272979 0.277448271426288 147.323889942983
405 0.268790429370557 0.0889965480787967 0.959078369847246 209.193052910098 0.00776267531509229 0.99548976666814 -0.0945508610799784 -16.1954891012831 -0.96316740286969 0.0328593805338955 0.266887270509826 147.847066507066
407 0.259220880768499 0.0929739562035005 0.961332605522914 211.015687690733 0.0102106217778901 0.995036355871578 -0.0989868359769114 -16.3554458546156 -0.965764090332889 0.03547525844417 0.25698487866372 148.344486555202
409 0.251151534912189 0.0910927583120832 0.963651916354836 212.89417944165 0.016019536847133 0.995034360984442 -0.0982343875610129 -16.5292201290663 -0.967815210125598 0.0401089745989639 0.248445143253324 148.844232504417
411 0.244584689476592 0.0892964304758086 0.965507367749163 214.760341522937 0.0189304839003331 0.995120814021097 -0.0968307920100287 -16.7016021591902 -0.969443121824555 0.0419608508763739 0.241700890649564 149.330076347401
413 0.239554346149063 0.0858104151918247 0.967083392415412 216.675365263832 0.0171692759847525 0.99555629766768 -0.0925898165911391 -16.8735120872541 -0.970731132293208 0.0387844146382029 0.237016535241569 149.810485749757
415 0.234963438256295 0.0886719231762486 0.967951172695713 218.558842566682 0.0117058473072651 0.99549987163586 -0.094037113480819 -17.0424120647585 -0.97193371987065 0.0334259721356148 0.23286809263012 150.275604977391
417 0.231369604148269 0.089779358200471 0.968714495151892 220.457760730764 0.0117663370614442 0.995401718152302 -0.0950629939124654 -17.2127855476543 -0.97279476745531 0.0333929085369404 0.229249327307658 150.737160694658
419 0.228801860624283 0.0837366476853237 0.969864878428583 222.362507421398 0.0130166741029812 0.995941309520433 -0.0890588243018171 -17.3835872597729 -0.973385984473869 0.0330012397516993 0.226783252037464 151.185413380087
421 0.225480298702099 0.0837566560702935 0.970640745827793 224.215064977754 0.0128137672272177 0.99595654115884 -0.0889178018867184 -17.5466420525707 -0.974163457673639 0.0324867771076416 0.223495340100189 151.613565204722
423 0.221897603738301 0.0928310193732978 0.970640950762595 226.066839842628 0.0137767067664105 0.995059890379926 -0.0983159036359913 -17.7105619968126 -0.974972643619231 0.0351882991803184 0.219522499518669 152.038348221676
425 0.216282430262873 0.0901834910325188 0.972156802323974 227.955830158793 0.0111212155452967 0.995432604850512 -0.0948169170840291 -17.8885442435976 -0.976267498652076 0.0313187985994384 0.21429163289757 152.467380857255
427 0.209553492069912 0.080516791672294 0.974476464682501 229.828253306405 0.0123199816410486 0.996307349351428 -0.0849698986741575 -18.0563513428426 -0.977719567163136 0.0298112711425186 0.207787718836311 152.877244962724
429 0.201266503555613 0.0824492779199714 0.976060403416189 231.661732350859 0.0107387313478584 0.996205655740878 -0.0863653351694149 -18.20596343953 -0.979477653749965 0.0278640994895255 0.199617428507886 153.267480561632
431 0.193259264925005 0.0822895948516105 0.977690789104513 233.544584742454 0.0111326456537 0.996228580253815 -0.0860504508193672 -18.3626880827435 -0.981084563491546 0.027514331985803 0.191614302216664 153.648619220026
433 0.185133250660566 0.0808497221693294 0.979381948947904 235.446678137303 0.0111192376137546 0.996373782126103 -0.0843543054420697 -18.5215660183712 -0.982650518778035 0.0265067673786785 0.183562929886161 154.022590373397
435 0.17694885871103 0.0825095071368734 0.980755465257724 237.32783843127 0.00708086379758131 0.996347359761318 -0.0850987665276682 -18.6773479955252 -0.98419457566517 0.0220027254830107 0.175718289607471 154.381032437023
437 0.168958821376804 0.0830590688609042 0.982117155821504 239.189269030483 0.000483526841863293 0.99643580008011 -0.0843532010092348 -18.8294395534929 -0.985622992264667 0.0147270974285751 0.168316457069933 154.722029144785
439 0.161889074958988 0.0925360018613924 0.982460694261318 240.951939265988 -0.00684625202266095 0.99567496785169 -0.0926525079357214 -18.977323273573 -0.98678521282099 0.00827325528707284 0.161822424295243 155.032188359023
441 0.154994844203035 0.0921288851462223 0.983610119301439 242.836399836197 -0.00986241276801856 0.995736859404224 -0.0917106299084563 -19.1410321011111 -0.987866049160953 0.00451390579507261 0.155242692483747 155.352576871084
443 0.148426789917547 0.0855862385844154 0.985212912927832 244.733973071687 -0.00874269158847533 0.996322584968603 -0.0852342186288407 -19.3050372948085 -0.988884752323829 0.0040376288154978 0.148629217097404 155.655447593383
445 0.141643211112124 0.0845967734260268 0.986296398995632 246.595444583357 -0.00742448572558904 0.996404503336349 -0.0843975280606879 -19.456926425114 -0.989889932142739 0.00463159334889849 0.141762020955874 155.937562321078
447 0.132770459404257 0.0894908102060006 0.987098475329719 248.404902248491 -0.00801895044366792 0.995979894596317 -0.0892174085797763 -19.6071705568633 -0.991114373593363 0.00392994256730502 0.132954330535162 156.200010886309
449 0.123350225670104 0.0793518828223564 0.989185523812233 250.199808038017 0.00144133434333322 0.996782491969775 -0.0801410397850971 -19.7494999846324 -0.992362153844274 0.0113111624103272 0.12283897273456 156.416921439436
451 0.113845654532915 0.0924810914132071 0.989184722220776 251.915052545789 0.00436249888392506 0.995601911554962 -0.0935831304861751 -19.897163462751 -0.993488870369196 0.0149693499901217 0.112941502617122 156.612152919447
452 0.108540239229041 0.104535234820357 0.988580498062325 252.716413798356 0.00626340804624746 0.994364033515956 -0.105834486673882 -19.9664235932793 -0.994072324425013 0.0176791835481928 0.107273763247686 156.693131788242
453 0.102794695709337 0.108884842688542 0.988725109202106 253.570447519897 0.00457344635099802 0.993928438674227 -0.10993335427925 -20.0491176878556 -0.994692080054174 0.0158224469442627 0.1016725924239 156.782236309866
455 0.0921483291730594 0.0972052194028906 0.990989319191408 255.449870933403 -0.00175305174317865 0.99523800074139 -0.0974589590025832 -20.2325023803015 -0.995743748280751 0.00724342468155383 0.0918799246771754 156.983764096342
457 0.0806194028174197 0.0926736313730773 0.992427382702377 257.274490541877 -0.00705265121544751 0.995696437235919 -0.0924059791708924 -20.3994717030221 -0.996720006822476 0.000450470670656963 0.0809260469563354 157.164276941695
459 0.0657461079582158 0.0863224354197756 0.994095511724877 259.132222437518 -0.0151923616469359 0.996222135741327 -0.0855023298312864 -20.5571369815722 -0.997720723166526 -0.00948121311795337 0.066809169743955 157.330416593265
461 0.0519188896897627 0.0846399576432849 0.995058041756121 260.945866459683 -0.0127733723258049 0.996376658195396 -0.0840856465920338 -20.707225533681 -0.998569611921377 -0.00834461344323311 0.0528119074989192 157.445464000999
463 0.0392303920637916 0.0905612434592369 0.995117901317044 262.686567884847 -0.00786794506210024 0.995881664400223 -0.0903205732485165 -20.8459347522898 -0.999199215261412 -0.00428622147790926 0.0397813590318549 157.515939421585
465 0.0266566427876549 0.0864563941216848 0.995898948343037 264.460584610657 -0.00891656483484899 0.99623389976924 -0.0862468076053746 -20.9942349253738 -0.999604881073936 -0.00658094719994653 0.0273271452426743 157.57810620588
467 0.0154980490147596 0.0875506175678134 0.996039507168381 266.195393783421 -0.00428150002608275 0.996155826003397 -0.0874942231065333 -21.1397370204876 -0.999870731261928 -0.0029085534177075 0.0158133197891391 157.613215818013
469 0.00736689056638129 0.0926557581929129 0.995670949358813 267.967046961145 -0.00215553763156676 0.995697126637804 -0.0926422455618376 -21.2875567599911 -0.99997054085653 -0.00146372091512285 0.00753491474276713 157.63635184796
471 0.00310596906613769 0.0889316901783844 0.996032884717255 269.750399983584 0.00537920720718882 0.996021792432572 -0.0889474739901464 -21.4434304219332 -0.999980708356908 0.00563413537479263 0.00261523088773952 157.650407821068
473 -0.000514660946370205 0.0862796721576156 0.996270823268696 271.525997768907 0.00974228958518592 0.996224107545435 -0.0862705937092118 -21.5923024478677 -0.999952410326486 0.00966155876015293 -0.00135327919346051 157.657762911134
474 -0.00143005662660523 0.0878486402090998 0.996132808089091 272.323710173589 0.0119216930479815 0.996064533075736 -0.0878255041743865 -21.6574544756006 -0.999927911488081 0.0117499941288325 -0.00247173320930671 157.650533998584
475 -0.00190272189174712 0.0894468083026848 0.99598978314733 273.189205275307 0.0133973702339792 0.995904476841838 -0.0894135530957029 -21.728863758014 -0.999908440868571 0.0131735147491913 -0.00309328125725483 157.645873219783
477 -0.00043419920084542 0.0918976087601805 0.995768367129231 274.939024987853 0.0190130400527643 0.995589220343675 -0.09187278510759 -21.8798318758898 -0.999819141534611 0.0188926927576306 -0.00217953695995399 157.640029646659
478 0.000832577208158103 0.092189263244529 0.995741154395872 275.808266173697 0.0200441406132398 0.995539912473014 -0.0921873912219032 -21.9576490142276 -0.999798749370227 0.0200355288339115 -0.00101899071456768 157.648717878508
479 0.00266184810021652 0.0921023906833835 0.995745983770508 276.653226506973 0.0218194142743846 0.995507100577152 -0.0921386230697752 -22.0343533589492 -0.999758384673724 0.0219718531507182 0.000640268466441385 157.65829777679
481 0.00750787578464263 0.0887834178152282 0.996022658638974 278.244486744664 0.0240849642933983 0.995745720995802 -0.0889402811640234 -22.1778499901329 -0.99968172249781 0.024656922751966 0.00533758973840026 157.67072368391
482 0.0107293701336257 0.0856156844585695 0.996270462872019 278.938921510713 0.0240474630208527 0.996017566946394 -0.0858529315541773 -22.237676165204 -0.999653239948132 0.0248789249943843 0.00862780112933881 157.667390115848
484 0.0176110025226041 0.0805982632070769 0.996591075897307 280.467064961898 0.0215078316091601 0.996484479979654 -0.0809697124803544 -22.3687475119584 -0.999613558216184 0.022860470854337 0.0158155968176089 157.694550747106
486 0.0251176060370597 0.0821990673652204 0.996299362235696 281.987254453436 0.0140436464830854 0.996486432324219 -0.0825685544696469 -22.4931240800464 -0.999585855172244 0.0160656004567797 0.0238749789850784 157.745523909731
487 0.0292970286783862 0.082169289922038 0.996187679056676 282.761031318266 0.0136561115182743 0.996489560231281 -0.0825958047861313 -22.5548985456052 -0.999477460840823 0.0160238616998625 0.0280720702372556 157.771536960854
489 0.0361527888303134 0.0766292075319836 0.996404004615001 284.284089611647 0.0113678716185649 0.996959760943706 -0.0770844118738217 -22.6782649990579 -0.999281615639283 0.0141138092692704 0.0351717647162616 157.837138263262
491 0.0437955702941681 0.0759345776898915 0.996150534775576 285.733268975165 0.00933585103674133 0.997032601109862 -0.076412264784675 -22.7934214430087 -0.998996891841025 0.0126464317165488 0.0429566974616336 157.912713325197
493 0.050951695941809 0.0793224406114236 0.995546018572774 287.056543685649 0.00837851125721776 0.996771764984866 -0.0798489140694282 -22.8964262434428 -0.998665972800599 0.0124096311146395 0.0501226079312764 157.986505819659
495 0.0571133971286684 0.0826440590729267 0.994941214026424 288.341064935167 0.00390468918990289 0.996541801296556 -0.0830011546362246 -23.0007032992675 -0.998360061936951 0.00862541410987454 0.056593188288697 158.073467742822
497 0.0639362401679698 0.0832292379357177 0.994477275329016 289.604010820946 -3.23603919425249e-05 0.996516334221055 -0.083397809224432 -23.1048681870244 -0.997953984984272 0.00529996068564823 0.063716201006823 158.166110247531
499 0.0703566148986428 0.0838000952571848 0.993995719696464 290.795437279134 -0.00166036788592733 0.996473514551726 -0.0838914654503947 -23.2055185754821 -0.997520521051316 0.004251920956243 0.0702476423070155 158.257895841918
501 0.0754682666532113 0.08646635334205 0.993392223881427 291.948427882858 -0.00609554303149366 0.996254668030683 -0.0862524247904099 -23.3019366693297 -0.997129572865789 0.00045405594574829 0.0757126723190188 158.365987648357
503 0.081689069999016 0.0857989638546696 0.992957921386481 293.049974241006 -0.00852408939624561 0.996311357537309 -0.0853874624410917 -23.3966966447855 -0.996621410437615 -0.00148883969221989 0.0821191062646824 158.467811298024
505 0.087404319580356 0.0873407149668533 0.992336678969277 294.085573365746 -0.00993738259547243 0.996175901803287 -0.0868033472485893 -23.4865068577715 -0.996123352474906 -0.00227424173887787 0.0879380149802516 158.568471297009
507 0.0925809515457288 0.0900192082995852 0.991627606285749 295.095686680209 -0.00951312532572752 0.99593937073901 -0.0895224567274726 -23.5760443898067 -0.9956597148913 -0.00114540346650677 0.0930613786351486 158.671737475695
509 0.0959970539453682 0.0926953436249365 0.991056072532763 296.118694982048 -0.0116749275538589 0.995690750829857 -0.0919979607300518 -23.6651403812071 -0.995313147557301 -0.00273897464956526 0.096665590141719 158.785251174678
511 0.0984077313133376 0.0953543284563856 0.990567246814871 297.116258381575 -0.012844268448428 0.995437523343572 -0.0945471410865537 -23.7546111700161 -0.995063286020435 -0.00341894197782062 0.0991835049288218 158.899329747537
513 0.09809938865849 0.0963887885342176 0.990497708927051 298.118409262752 -0.0123901260782133 0.995339562323402 -0.0956328418987117 -23.846819550444 -0.995099489860485 -0.00289086816784993 0.098836471814 159.005590780567
515 0.0956019158283988 0.0946903643323804 0.990905650701691 299.193524106716 -0.014491064170225 0.995492135363425 -0.0937305579242045 -23.9411568508354 -0.995314162839631 -0.00539845646173811 0.0965431194786897 159.120007401535
518 0.0902973308314728 0.102177157484595 0.990659487681353 300.775782272887 -0.00431485637307283 0.994753880367456 -0.102206161792573 -24.0942312439183 -0.995905504583237 0.00495439020043208 0.0902644999905863 159.258230980071
520 0.0856548702415811 0.110245280872473 0.990206655829604 301.863212951168 -0.00297791888328362 0.993883108455761 -0.110397005056473 -24.1895997789039 -0.996320417939441 0.00650728604442328 0.0854592301937805 159.354284021625
522 0.0819803161671951 0.107763366396694 0.990790737049948 302.977413846564 0.00172914990296299 0.994120177575585 -0.10826856689594 -24.2945304483 -0.996632448699991 0.0105891170519248 0.0813119474512869 159.442812929085
524 0.078930415482652 0.101774925190427 0.991671242960196 304.141023654368 0.0127147653512474 0.994591115666111 -0.103086601360713 -24.4156161328895 -0.996799039051402 0.0207455354359143 0.0772094457024435 159.521798771915
526 0.0738205501572987 0.106642944799601 0.991553230391058 305.34051280616 0.00559514720893654 0.994206107287492 -0.107344820834363 -24.5272345955586 -0.997255845158194 0.0134721400200639 0.0727961588347608 159.629842025569
528 0.0716125498870142 0.103399940927072 0.992058513856395 306.649824074796 0.0150447815187624 0.994387028818309 -0.104728656378984 -24.6498575183961 -0.997319054890527 0.0224251897243376 0.0696549611879502 159.712432994284
530 0.0673431256490357 0.104349856310238 0.992258036458184 307.98083707577 0.0127705593421892 0.994344091583115 -0.105435953772122 -24.7835206171809 -0.997648142504112 0.0197720768201553 0.0656296330654992 159.813662390253
532 0.0636836681058226 0.109314292675307 0.99196510817341 309.306810942034 0.00981353238400166 0.993866104479139 -0.110153805878912 -24.9068209354939 -0.997921883214681 0.0167496801270453 0.062220279788073 159.905967840926
534 0.0604319635492818 0.11057536421798 0.992028762995126 310.633177926679 0.0077729427189983 0.9937629299863 -0.111242169821209 -25.0386767624845 -0.9981420535891 0.0144335655021382 0.0591955491893609 159.988720723313
536 0.0557193653013305 0.1109730555511 0.992260214496213 311.99931170548 0.00298225264929309 0.993781188698372 -0.111310624642878 -25.1767096644944 -0.998442015592069 0.00916132800986526 0.0550419073937576 160.082233103396
538 0.0529397590270264 0.122056926704514 0.991110230275931 313.413715163792 0.00846213166132685 0.992411539133461 -0.122669186524172 -25.3270434147917 -0.998561852987539 0.0148809824341139 0.0515051659534154 160.154673916687
540 0.0512223023832319 0.123369094626148 0.991038012504912 314.869576116952 0.0122252516780675 0.992188870167464 -0.124144227160263 -25.4827422224923 -0.998612446828082 0.01847464226814 0.0493139800978951 160.227051448536
542 0.0493613581723498 0.11478238296486 0.992163525272064 316.380625739513 0.0205266510417707 0.993048070027149 -0.115905941229788 -25.6531001224747 -0.998570034056896 0.0260870691389796 0.0466621035461082 160.288373825344
543 0.0483750189034606 0.115529669278771 0.992125371645352 317.136430430785 0.0227713735000039 0.992902543175487 -0.116730477188153 -25.7340914195037 -0.998569638079895 0.0282388964371534 0.0454009100459295 160.321285942711
544 0.0477087184051537 0.117386232951491 0.991939690959887 317.910370907384 0.0233203261847133 0.992668922190722 -0.118594153748613 -25.8161846741307 -0.998589024861968 0.0287903322344383 0.0446214768363211 160.357037420989
546 0.0472918351097275 0.117696071868605 0.991922939042472 319.509400710684 0.0247622973116554 0.992590712905323 -0.118955896390015 -25.9870461984122 -0.998574138942024 0.0301879333642271 0.044027011202141 160.433666120409
548 0.0493280859003712 0.11453100133452 0.992194229813255 321.165181806787 0.0260027116180055 0.992919590722251 -0.115907486162324 -26.1669264968356 -0.998444089035494 0.0315172348607943 0.0460007062642857 160.515449903185
550 0.0515939741032677 0.112000229673421 0.992367880571178 322.80918449944 0.0260976485588826 0.993200769211576 -0.113451067765935 -26.3403261167898 -0.998327087970635 0.0317518596405735 0.0483202321335165 160.60523713992
552 0.0554431262434787 0.10927222252711 0.992464428146589 324.450408805445 0.0282110580470219 0.993425060880935 -0.11095397522206 -26.508883120802 -0.99806322242442 0.0341501068475003 0.0519959060512178 160.698571863496
554 0.0597532443748383 0.109131303648237 0.992229765906424 326.14769775979 0.0295171256282089 0.993378041784045 -0.111035153874552 -26.6799315185691 -0.997776672949077 0.0359224813359721 0.0561363184875651 160.79944379081
556 0.065536601219455 0.1069422780703 0.992102969989374 327.868942132779 0.0329777052673773 0.99346518309053 -0.109267565829009 -26.8524582755079 -0.997305081134103 0.0398783042271556 0.0615816206027927 160.903993407025
558 0.0715479541054127 0.106715840589861 0.991711964045271 329.614559653863 0.0348230421485073 0.993386711507779 -0.109408396091357 -27.0280479933978 -0.996829095682331 0.0423623744254187 0.0673586166291112 161.024240129424
559 0.0746529961184221 0.107253257949194 0.991425069700089 330.485463005357 0.0356706036987494 0.993275850305063 -0.110139426330999 -27.115711346446 -0.996571391422767 0.0435869689246501 0.0703252297376409 161.088940606023
560 0.0775940754400919 0.108351430240284 0.991079778333451 331.374771608692 0.0350431888457508 0.993166215186787 -0.111323150903454 -27.2053676877368 -0.996368975014838 0.0433686128027754 0.0732668345941366 161.157286413142
561 0.0801775420852433 0.109489305885641 0.990749036659562 332.279782545207 0.0322826178203117 0.993142309692135 -0.112366299601074 -27.2985067699678 -0.996257694741595 0.0409932262215508 0.0760931079146596 161.235972832362
562 0.0826419207970448 0.110408576270912 0.99044447558296 333.210343804068 0.0306262123872212 0.993093334063951 -0.113259281970881 -27.3955090146109 -0.996108602533774 0.0396935274771214 0.0786897441515425 161.31663203016
563 0.0846910433500239 0.110812851146591 0.990226206074677 334.14435044594 0.0281618595155951 0.99313344343253 -0.113546788613635 -27.4946034862366 -0.99600920520089 0.0375030073008691 0.0809888115635899 161.401115041873
564 0.0862630398157154 0.109448560262037 0.990242243402249 335.069550768474 0.0276794429643781 0.993300308081624 -0.112197800344449 -27.5932407951968 -0.99588781315916 0.0370878770155193 0.0826556288437011 161.486149357994
566 0.089330586438166 0.104054790838975 0.99055168811631 336.882386991746 0.0277748774514776 0.993880754940788 -0.106909312694847 -27.780754172682 -0.995614685764111 0.0370627233455167 0.0858938416246762 161.656076314963
567 0.0904272391011257 0.10357192002923 0.990502787381241 337.805529347083 0.0290851190538651 0.99387862073726 -0.106580219041925 -27.8758098826022 -0.995478262082187 0.0384466464449232 0.0868612980502177 161.739491378777
568 0.0912061233193863 0.106097570421991 0.990164000870361 338.745282926925 0.0304260519412488 0.993547140527061 -0.109262687655797 -27.970206606947 -0.995367117415639 0.0400922074853786 0.087389452834035 161.825266589283
570 0.0920183543944832 0.103547020398854 0.990358842552057 340.564043100249 0.0270893997134529 0.993950098719332 -0.106439493041796 -28.1538087510625 -0.995388761679424 0.0366226135379343 0.0886566258096656 162.00057750604
571 0.0920249184809673 0.101720667397518 0.990547485082252 341.513869853962 0.0247224205649088 0.994228539105498 -0.104395469008759 -28.2508493836932 -0.995449755788801 0.0340957160410296 0.08897901914309 162.094002492199
573 0.092429033712766 0.104148954626381 0.990257476102633 343.346254965146 0.0223724681893651 0.994046431553885 -0.106635662806135 -28.4332571592924 -0.995467903246529 0.0320107351558785 0.0895486819598144 162.268890621049
574 0.092558898587382 0.104571960883088 0.990200765142785 344.205015367904 0.0217978226338262 0.994018679574702 -0.107012707586481 -28.5194098339529 -0.995468585752818 0.0314891989995197 0.0897258331009173 162.352236445031
575 0.0927182721469521 0.105194813702064 0.990119878186612 345.096431720131 0.0201773342183087 0.994000681784915 -0.107496603643869 -28.6106034872343 -0.995487919160211 0.0299448790498877 0.0900394748138904 162.440685893564
576 0.0930471019999437 0.105794155198706 0.990025168132207 346.012390886015 0.0204772910185432 0.993925249282716 -0.10813546777461 -28.7048656074391 -0.995451112492198 0.0303347253833611 0.0903154863462634 162.528256982976
577 0.0936119889247463 0.105569840026633 0.989995860802612 346.916522232235 0.0203703668388781 0.993951104347963 -0.107917794270986 -28.7963421580363 -0.995400343421883 0.0302689782155987 0.0908952434034968 162.616599093445
578 0.0937593153959954 0.103961259377923 0.990152133424471 347.791935164233 0.0212414846481484 0.994097891699381 -0.106386940217249 -28.8850498909148 -0.995368268585259 0.0310070680233113 0.0909976462672579 162.701179543083
579 0.0941443263362122 0.105023850035642 0.990003452894176 348.678391774555 0.020000096866248 0.994019908412934 -0.107351841176957 -28.9769305473498 -0.995357645243177 0.0299067317243602 0.0914808474683398 162.788321956313
580 0.0942416951440205 0.10715836294271 0.989765420767881 349.589988036096 0.0203036888048326 0.993776555928052 -0.109525874151712 -29.0703268320468 -0.99534228440135 0.0304177931352432 0.091479477171022 162.877116605464
581 0.0952630250261461 0.108734069362972 0.989495759577895 350.501551435128 0.02328550653804 0.993501012070275 -0.111415996161258 -29.1623484884278 -0.995179753234628 0.0336547348096369 0.092111983893293 162.962908895497
582 0.0964959302199911 0.10493287213678 0.989786657717765 351.394785334974 0.0262781513405003 0.993812056000267 -0.10792152755891 -29.2517710046841 -0.99498642916027 0.0364237517788749 0.0931413769129841 163.045117026715
584 0.100456102482912 0.103151673612261 0.989579862216756 353.16328229837 0.0317284509301822 0.993773115223158 -0.106809647790967 -29.4368148097237 -0.994435456364823 0.0421275170244939 0.0965577310930472 163.21605457077
585 0.103726611760707 0.10877258337311 0.98864013428496 354.062035124213 0.0373326804643899 0.992875676643627 -0.113155475779141 -29.5263674714315 -0.993904955708536 0.048645820332273 0.0989268577395078 163.302682594347
586 0.107005692148121 0.111583699589496 0.987977155522243 354.957397947754 0.0404141302130839 0.992373106726754 -0.116457353244053 -29.6188428630047 -0.993436701520042 0.0523898371004462 0.101680012989609 163.394965619502
587 0.110498900077144 0.111339080547571 0.987620171029614 355.840733946838 0.0433330037183598 0.992220722482208 -0.116705992415253 -29.7164998816422 -0.992931137526911 0.0556924323378504 0.104814641676667 163.488290625102
588 0.113743436764505 0.110392290871133 0.987358077249192 356.723176180718 0.0444397168331456 0.992247727616433 -0.116058427560498 -29.8152289580746 -0.992515764187546 0.0570787977820886 0.107955864513989 163.585594252604
589 0.11718730000602 0.112842292456078 0.986678140910478 357.616611728236 0.0451392370363825 0.991891666815911 -0.118799707831825 -29.9159461231657 -0.992083457173373 0.0584597154834909 0.111143491345723 163.68923528461
590 0.120778906855401 0.112547231543346 0.986278650448616 358.520302063041 0.0451982356396494 0.991898113552165 -0.11872342577065 -30.0129517812898 -0.991649925706586 0.0589173404320394 0.114713433574878 163.796422734731
591 0.124407321315052 0.10905970674705 0.986219447571108 359.412830701343 0.0442500747180516 0.992342437557203 -0.115318764780396 -30.1129044640002 -0.991244041238413 0.0579867828671067 0.118628764311455 163.908350201982
592 0.128713356554946 0.104790682621527 0.98612969972518 360.297401092256 0.0417862650698368 0.992945007083002 -0.110969009009053 -30.210511851819 -0.99080107988227 0.0554898706490861 0.123426473495256 164.025168002588
593 0.133092236657949 0.103540601920524 0.985680374307676 361.18078089116 0.0397692719616866 0.993169141588484 -0.109697133982755 -30.3050167940884 -0.990305438513301 0.0537996277898707 0.128065368076813 164.14742565721
594 0.13823028701553 0.102781802133133 0.985052429519297 362.069299329985 0.0375067361897345 0.993343756928303 -0.108910170837976 -30.3979348728357 -0.989689664739406 0.0520007857808812 0.133455182687571 164.274406429359
595 0.143590079206698 0.101990389537289 0.98436774103759 362.955104556821 0.0359666426733695 0.993480381282774 -0.108181017840656 -30.490678691228 -0.988983462838596 0.0509381237214919 0.138985674742089 164.405661215335
596 0.149678511112817 0.102018580849221 0.983457448226695 363.833459613889 0.0343020684444055 0.993528039943018 -0.108283895143368 -30.5830763685018 -0.988139520215382 0.0499423969037883 0.145210349424616 164.542435975191
598 0.164904692496162 0.104328145293268 0.980776264237881 365.593286470699 0.0298725131532949 0.993405466932569 -0.110694223997419 -30.765873553079 -0.985857025815941 0.0475522488232811 0.160700679155989 164.837929055565
600 0.183385104446672 0.105753721668908 0.977336203064359 367.364045269298 0.0257008633875215 0.993341019411641 -0.112307990701364 -30.9547848125437 -0.982705128249679 0.0457139968436015 0.179445984642633 165.16801411007
602 0.201819149051276 0.10572532383125 0.973699741695045 369.159131072699 0.0218123835655797 0.993424944075875 -0.112388168465512 -31.1478127896217 -0.979179886945911 0.0439207967666994 0.198186055543702 165.537166830305
604 0.218649639319204 0.105365668160476 0.970098145137222 370.927426917766 0.0182637725422725 0.993537205858347 -0.112027921464751 -31.3368317369349 -0.975632497325764 0.0422125164884147 0.21531217711409 165.940697970896
605 0.225314991035998 0.105135811459701 0.968596725145795 371.796695742851 0.0163273736597068 0.993613529484594 -0.111649321066206 -31.4325279776794 -0.974149152688552 0.0409709064322312 0.222159431810348 166.150882519365
607 0.236208124783037 0.105991711124529 0.965904487493135 373.531948538706 0.0136118664246641 0.993574693568049 -0.11235677724817 -31.6210488094758 -0.971607142253966 0.0396873465231957 0.233247670185641 166.582489580195
609 0.245304050798359 0.105613433663815 0.963676151666967 375.278059247226 0.0114149727865822 0.99366452572548 -0.111805673876768 -31.8081794975714 -0.969378987320335 0.0384267217505681 0.24254435882392 167.029119199659
610 0.249721252609183 0.10544276886773 0.962559670092616 376.15725053508 0.0117956786020194 0.993648495685275 -0.111908574241239 -31.903413119728 -0.96824591812288 0.0392999938409083 0.246891377983287 167.261536851553
612 0.258483635887732 0.105321310168969 0.960257065374971 377.919873936096 0.0112293368896075 0.993644086691648 -0.11200594169838 -32.0963950419603 -0.965950367240097 0.039734753138948 0.25565804783286 167.73881410093
614 0.267228352917414 0.102388350189778 0.958178288807705 379.70299880773 0.00983208024502898 0.993997727665523 -0.108958008396957 -32.2907370071004 -0.963583072493026 0.0385375549456825 0.264617685092488 168.238771648183
616 0.276533676423869 0.0979652040103775 0.955997878976049 381.464743504739 0.00993576675801044 0.994445878553429 -0.1047791733458 -32.4779843370019 -0.960952863746412 0.0384735419646266 0.274024415383496 168.748609763355
618 0.284984987834738 0.0965108836190182 0.953660949211989 383.21178430909 0.00834872666509974 0.994630576927455 -0.103151898693279 -32.6604730458447 -0.958495620997773 0.0373585971903848 0.282649039878187 169.274798472007
620 0.2939476154246 0.103048201240392 0.950250423629114 384.912241804668 0.0036000053837238 0.994044981723565 -0.108911038336045 -32.8390754460985 -0.955814751584965 0.0354350466532482 0.291826177923184 169.807693840484
622 0.301324202675824 0.0997446537974692 0.948290424353532 386.592081118075 0.000154577270087051 0.994508558428137 -0.104655163843241 -33.0170001529831 -0.953521735980699 0.0316817179460186 0.299654080166352 170.353655973697
624 0.304840712712461 0.0982832999754755 0.947318601537461 388.264893477335 -0.00726195113759265 0.994872089313592 -0.100880077173265 -33.1975226601477 -0.952375663243572 0.0238729732278887 0.303991245286154 170.911773782814
626 0.306342854663782 0.108061530396621 0.945767815610568 389.931233275711 -0.0117465636660399 0.993889261771095 -0.109754970630709 -33.3707811685036 -0.951848766159039 0.0225131291571899 0.30574022531729 171.468563886161
628 0.307021658365257 0.104842420135378 0.945910021214917 391.589314516159 -0.0163931201998514 0.994348666323639 -0.104890397036689 -33.5490764050619 -0.951561331131505 0.0166972069687745 0.307005270923288 172.024901425701
630 0.307031539091287 0.0988573027546502 0.946551038082633 393.217306918139 -0.0205740923807241 0.995047439457753 -0.0972486501257405 -33.7220051637167 -0.951476926008164 0.0103839742220738 0.307544846084941 172.575497377772
632 0.306073635655595 0.0992400573123646 0.946821176664952 394.849295321037 -0.01991554279864 0.99500168129393 -0.0978520586257014 -33.8834969467809 -0.951799506572472 0.0110934776734234 0.306520201685807 173.113875432631
634 0.305452535751795 0.0961782562814289 0.947337580496764 396.452821319589 -0.0136912974412871 0.995226622466663 -0.0966256607117034 -34.038726684991 -0.952108868132827 0.016544272491192 0.305311300594269 173.630333783962
636 0.304896077390494 0.0968102958706909 0.947452451896832 398.001709437779 -0.0127222150937772 0.995145438125003 -0.097589457535656 -34.1949361719471 -0.952300649603369 0.0177009489131296 0.304647581924717 174.135592334786
638 0.304697755371977 0.105659671867563 0.946570288785845 399.580185624111 -0.00964708823075043 0.994119081786074 -0.107861878889074 -34.3454401383597 -0.952400237064202 0.0237336252951809 0.303925160969606 174.647127645927
640 0.303930283420058 0.101301879109364 0.947293150038105 401.206444975371 -0.0102904022687304 0.994621750883469 -0.103061536426788 -34.5136752926094 -0.952638698794748 0.0215754943955956 0.303338107728381 175.183282253628
642 0.303487632996582 0.102447484650797 0.947311864966789 402.837595928817 -0.0108412998030416 0.994509990582359 -0.104078551346843 -34.677066878466 -0.952773699698261 0.0213164612588831 0.30293214692846 175.719457191582
644 0.304197792945068 0.106449134255855 0.946642638266167 404.513225432146 -0.00839918308394928 0.993998017599541 -0.109075179265057 -34.8453572821742 -0.952571864213337 0.0252294039636478 0.303266088913297 176.264738220225
646 0.30452369418662 0.101887924394906 0.947039687944192 406.194891359362 -0.00708348741495524 0.994477171262026 -0.104713800641185 -35.0181295999159 -0.952478421742444 0.0251794896925592 0.303563583807159 176.813963275246
648 0.305850843198927 0.10163155601702 0.946639471254006 407.958546174918 -0.000242644885978199 0.994294511472102 -0.106669421953592 -35.1988325894167 -0.952079409943291 0.0323952354214833 0.304130475099129 177.384153609507
650 0.30810015120216 0.0993383600545671 0.946153363388238 409.729616763514 0.00623166854296509 0.994301444396064 -0.106422760625123 -35.3816392476594 -0.951333518350098 0.0386849827913989 0.305725381625492 177.953763611542
652 0.31128475618383 0.0963953797671395 0.945415110587472 411.493708072077 0.0166724244071057 0.99413509571281 -0.106852429717211 -35.567450398014 -0.950170421993846 0.049023894496777 0.307851956200389 178.519156493442
654 0.311608991541501 0.0882376250529636 0.946104623133986 413.227140543319 0.011852951043523 0.99524064830318 -0.0967241413330963 -35.7437766949423 -0.950136487007024 0.0413542439185816 0.309080058508914 179.10315501002
656 0.31305574507861 0.0857602249474972 0.94585479027715 414.893543262181 0.0124756175779948 0.995457427022876 -0.0943868102599282 -35.9062018019137 -0.949652809946522 0.0413484558593275 0.310563754740835 179.660081172259
658 0.314738199388206 0.0901115383050238 0.944891409903896 416.593790524899 0.0144363794013601 0.994913742444446 -0.0996907018982499 -36.0686751833817 -0.949068731333853 0.0450172828976603 0.311836475488135 180.22475627232
660 0.316301729861842 0.0853563702798055 0.944810830663505 418.288965968454 0.0185081450937165 0.995199145165257 -0.0961046826514278 -36.2396779627609 -0.948478077897215 0.047884773310505 0.313203423086986 180.785914974619
662 0.316229552269194 0.0847467658362712 0.944889864456127 419.903737187832 0.0164551062563918 0.995362170175653 -0.0947806924500224 -36.4021518358892 -0.94853998321089 0.045520719057448 0.313368416383618 181.333704879621
664 0.315343871574665 0.0832113195166494 0.945322230228719 421.493921561475 0.0168831282623848 0.995498635554121 -0.0932599945848139 -36.5556814907378 -0.948827277559186 0.0453689642176427 0.312519526502651 181.872051478463
666 0.313603241823605 0.0788040844984646 0.946278459537194 423.055841746643 0.0176930483454712 0.995892372693404 -0.0887994259629305 -36.7066527579235 -0.949389257764154 0.0445903383869199 0.310920792107202 182.396437237784
668 0.311208890283989 0.0798997093278216 0.946976801752576 424.615460940662 0.0204505999134124 0.995665660900212 -0.0907285217962115 -36.8533332205792 -0.950121465693408 0.0476017662852304 0.308226008433968 182.911391450619
670 0.308441121176933 0.0899372807685147 0.946982238637601 426.15036361254 0.0181343924637653 0.994783529190407 -0.100383633434182 -37.0067298222974 -0.951070564457279 0.0481353880159227 0.305201189125256 183.420531964389
672 0.306211866639239 0.0953581396802894 0.947175336421947 427.641811098722 0.0176034241792585 0.994233013826125 -0.105786736764991 -37.1570606565378 -0.951800615773324 0.049066683349649 0.302767317256317 183.908788179054
674 0.303257256098448 0.0870442264536339 0.948924833305952 429.131349185648 0.0168798862110724 0.995172278757336 -0.0966809445259576 -37.3106056954623 -0.952759206759579 0.0453369411630135 0.300323917963321 184.393942122218
676 0.3020152551432 0.085632669275733 0.949449225400443 430.606001415607 0.0204844992377314 0.995144444999702 -0.0962700310440043 -37.4581950817556 -0.953082982196077 0.0485240099223788 0.29879466111242 184.860172419575
678 0.301670093937611 0.0885790743594274 0.949288629453287 432.04616338487 0.0205527759694595 0.994839188888175 -0.0993608154770647 -37.59695469948 -0.953190819208632 0.0494847030701924 0.298292685693821 185.318520135497
680 0.301753765582137 0.0893063092711988 0.949193893828525 433.514481687859 0.0235040854184184 0.994603584193164 -0.101050820277503 -37.7442908939179 -0.953096124703928 0.0528023998930871 0.298026313670263 185.782598516248
682 0.301606607783582 0.0921447610841898 0.948969334144164 434.972869010014 0.0234439216078826 0.9943012076082 -0.103997553281405 -37.890571460272 -0.953144184623147 0.0536139119409572 0.297727579786394 186.249252955661
684 0.301780659059211 0.0908304294036579 0.94904070877499 436.410529242792 0.0242301335160621 0.994398989842286 -0.102876380333077 -38.0372423863986 -0.953069427926204 0.0540414849443382 0.297889549090647 186.706503488078
686 0.304189343555234 0.0872201460648555 0.948610293739142 437.887791343555 0.0255184760496783 0.994696224630297 -0.0996404942096152 -38.1875538821943 -0.952269736286699 0.0545166655864025 0.300350266398754 187.176349149804
688 0.30746264635349 0.0838632523821811 0.947857413326072 439.347010643669 0.0259050823248009 0.995001883178795 -0.0964374366125377 -38.3348596358097 -0.95120746833015 0.0542052337928225 0.303753427671872 187.6511005596
690 0.311002040472097 0.0860160816204651 0.946508829607444 440.754003276059 0.0227955816515054 0.994934460951417 -0.0979069960139843 -38.4783484049012 -0.950135828331593 0.0520254948460299 0.307465860879975 188.120920420886
692 0.314667169234522 0.0864408714433243 0.945257926890884 442.132697637287 0.0212914066512226 0.994951448166613 -0.0980728902091314 -38.6159439883931 -0.948963249345698 0.0509861896524809 0.311238107975191 188.583761670272
694 0.317075673382233 0.0844509253860411 0.944632763856222 443.479267304358 0.0189537379587423 0.995264359678775 -0.0953394470856027 -38.7546980624937 -0.948210827383127 0.0481341412579306 0.313973456328345 189.044054048204
696 0.319348153241172 0.0842025301931183 0.943889130634806 444.747922675271 0.0180461853270657 0.995323559876187 -0.0948965033630615 -38.8806346059937 -0.947465615321524 0.047338621277677 0.316335206259017 189.47908101528
698 0.321796236355736 0.0837358550231915 0.943098875437151 445.96613393244 0.0190421609720655 0.995307646976065 -0.0948687723989496 -39.0013341998677 -0.94661744034895 0.0484870545043191 0.318691743182496 189.894305844575
700 0.323995163247372 0.0832944923395597 0.942384826776304 447.162433464979 0.0201766188486002 0.995281682395623 -0.094906673841077 -39.1197530916927 -0.945843559075256 0.0497634427429745 0.320785849940766 190.305942882124
702 0.326250352934596 0.0839796676451143 0.941545603055034 448.303357281981 0.0185799040365219 0.995283725096012 -0.0952107857598065 -39.2379775977317 -0.945100785300724 0.0485563794080888 0.323151332416768 190.709849110112
704 0.328124540037451 0.0838958039155751 0.940901578439834 449.418064969813 0.0182766965976146 0.995298039610627 -0.0951197913618431 -39.3487170975461 -0.944457647852295 0.0484077104664246 0.325048373293436 191.101586764945
706 0.329694272234674 0.0827287504154734 0.940456081223543 450.484616910798 0.0158727432062293 0.995526715479864 -0.0931376121069443 -39.4569148291568 -0.943954311859826 0.0456345551152723 0.326906323739192 191.480552839729
708 0.33109095104916 0.0812147471600426 0.940097307185322 451.501959538414 0.0163313504111536 0.995646728161579 -0.0917653512764569 -39.5572594025184 -0.943457507854546 0.0457357359717078 0.328323275641578 191.842070288524
711 0.332915388667859 0.0882543888404207 0.938817611061133 452.950873380193 0.0142793922897016 0.995024513901174 -0.0986018036932883 -39.7062186042552 -0.942848579011479 0.0462318027567254 0.329998753739917 192.363916600054
714 0.335187155408676 0.0905196960425755 0.937793023794376 454.307357718711 0.0166648146389413 0.994648495829766 -0.101963982349821 -39.8405162454113 -0.94200416920632 0.0498051641092024 0.331884905992975 192.847940489261
717 0.332159584548004 0.0872789120497163 0.939176448759399 455.557104990182 0.0147344838527991 0.995108021927865 -0.0976878686449986 -39.9760157226101 -0.943108109061993 0.0462862420836774 0.32924865742366 193.298389566933
720 0.328719195279564 0.0857310093820007 0.940528513488613 456.709260649829 0.0149177197675733 0.995275795732116 -0.0959351451072019 -40.0932695104872 -0.944309881496372 0.045566264496303 0.325887347480937 193.700857690996
723 0.326161113207265 0.0832379237550657 0.941642382372599 457.760719577782 0.0166804706902049 0.995453918794478 -0.093772370420446 -40.2005448573645 -0.945167017055161 0.0462919388842375 0.323289910553031 194.063017280832
726 0.322906737518657 0.0833150986122285 0.942756507910867 458.714380044554 0.0133598612162826 0.99561724077873 -0.0925625408706455 -40.2969972945459 -0.946336490352844 0.0424841641954139 0.320378436882507 194.399317083563
729 0.320402060744118 0.0849274254595438 0.943466932052065 459.601498280145 0.0157058031356949 0.995359824133071 -0.0949323351110958 -40.3820169570134 -0.947151438376559 0.0452344217006941 0.31758148540905 194.698005258892
733 0.320826925717396 0.0844704285892353 0.943363572769627 460.716945019906 0.0137498131076395 0.995494742845636 -0.0938144957147148 -40.4915159967476 -0.947038027945145 0.0430692890660173 0.318220065308771 195.084320264947
737 0.330388268052304 0.0849454681167275 0.940014818915015 461.791385573708 0.0108318527013587 0.995534989484156 -0.0937696948903968 -40.5911899034071 -0.943782953491138 0.0411625091462129 0.32799296416285 195.469302217796
740 0.352983157864099 0.0862228472938883 0.931648276373023 462.606180703642 0.00811546366368366 0.995425075424782 -0.095200096980467 -40.6699866567617 -0.935594479202294 0.0411647885953725 0.350668548156355 195.784880978577
743 0.389327398433556 0.0875674542230951 0.916927542279021 463.439955348184 0.00450381086473574 0.995277864500407 -0.0969623025881898 -40.7538318050837 -0.921088428174328 0.0418797492398789 0.387094554452722 196.152734346335
746 0.441039813833601 0.0928709297557433 0.892669520606549 464.283267436425 -0.00444663538736093 0.99484556846995 -0.101304108156747 -40.8382410281739 -0.897476523396214 0.0407097691224832 0.439179467473878 196.595986078168
749 0.498440690134042 0.0989823876158676 0.861254529950678 465.097554927308 -0.0135805631519949 0.994230079990783 -0.106405433817993 -40.9347879339637 -0.866817424099894 0.0413404763323157 0.496908963788582 197.088635019244
752 0.516605633995323 0.110248734829887 0.84909589293124 465.866432836635 -0.0282436551727002 0.993330122118447 -0.111792506164936 -41.0219760131397 -0.855757509383807 0.033771066914757 0.516273764753413 197.595278992079
756 0.474359929143169 0.110471837054379 0.873371988811823 466.833008381603 -0.020962970641455 0.99323118642931 -0.11424694379331 -41.1396423040118 -0.880081366400388 0.0358857008020867 0.473464893094271 198.121532615062
759 0.41571754982635 0.108506585174949 0.902997917904603 467.562317539468 -0.0104615469508219 0.993362536253659 -0.11454880009452 -41.2280703006586 -0.909433601095634 0.0381731913961888 0.414093386395941 198.427368518165
762 0.355735400921277 0.106370387823807 0.928513686019539 468.33972009225 -0.0024300580747643 0.993603828066488 -0.11289609235653 -41.3181989046357 -0.934583553968896 0.0379047944966546 0.353718542353995 198.699244089608
765 0.310495972737796 0.104183191353047 0.944848196036329 469.133370380911 0.00738494595265498 0.993681373918847 -0.111994596744791 -41.4128288093526 -0.950546008085293 0.041751524118843 0.307764677549044 198.930537604966
769 0.28222181711901 0.0981853817840833 0.954311519759642 470.144901156718 0.0127659762461347 0.994276443243141 -0.106072542452098 -41.5230662163431 -0.959264236690041 0.0421187038699287 0.279353072279132 199.215707502013
773 0.313107643485561 0.0955083755731474 0.944903039357106 471.00854548619 0.0135664696990077 0.994379180088248 -0.105004748020885 -41.6180912503254 -0.949620742449755 0.045696787659553 0.310052010325321 199.500300337902
777 0.368672885834527 0.098021585647201 0.924376585595746 471.677191763858 -0.00440093553650754 0.994597568127936 -0.103712628162631 -41.698323809784 -0.929548780332073 0.0341679121575367 0.367112542365348 199.820848515834
781 0.431148562553561 0.099952447488181 0.896727620433942 472.173702650154 0.00724364292611134 0.993429765209564 -0.114213971268095 -41.7601184030623 -0.902251875390214 0.0557387642201777 0.42759179542883 200.068210739756
785 0.483038993868072 0.100433184712246 0.869819812266585 472.555736933803 -0.0119185416169541 0.994062053446542 -0.108159984575482 -41.8014557817643 -0.87551772041955 0.0418785064943764 0.481367751230963 200.354562657405
790 0.533580239835069 0.0965851462815973 0.840216303802368 472.929797824818 -0.0160459063744132 0.994434976801006 -0.104123032050577 -41.8414567904394 -0.845597218861423 0.0420759602688334 0.532160649636256 200.636514177678
798 0.580711609413819 0.101339452958606 0.807777408675226 473.25353903998 -0.0345137973443858 0.994394739352937 -0.0999394823884698 -41.8885057150714 -0.813377418229006 0.0301565518794025 0.580954178824683 200.949755221401
