0.000000 -0.000000 0.000000 0.000000
-0.234382 4.291340 -0.060027 3.551700
-0.468733 8.582890 -0.221513 7.486130
-0.609309 11.157600 -0.346192 9.961350
-0.799251 14.600300 -0.540737 13.376500
-0.960916 17.269000 -0.718872 16.043300
-1.118650 19.997200 -0.895734 18.750900
-1.280810 22.774300 -1.087770 21.525500
-1.436630 25.596900 -1.276700 24.339600
-1.586550 28.454700 -1.456730 27.173700
-1.728890 31.377600 -1.629950 30.117300
-1.870660 34.320200 -1.802640 33.053500
-2.061110 37.428500 -2.011540 36.035000
-2.256110 40.538600 -2.222470 39.038700
-2.465210 43.593000 -2.455350 42.063500
-2.661880 46.598000 -2.675630 45.036300
-2.871340 49.556000 -2.908500 47.929700
-3.065840 52.495000 -3.126370 50.842000
-3.248810 55.391800 -3.347630 53.737400
-3.438990 58.274000 -3.564360 56.588900
-3.641780 61.091300 -3.808810 59.418800
-3.843940 63.815200 -4.053840 62.105900
-4.046620 66.421600 -4.296610 64.742800
-4.313020 69.714200 -4.611880 68.006500
-4.709490 74.175400 -5.077810 72.418100
-5.039040 77.925300 -5.477530 76.215500
-5.235210 81.135400 -5.722430 79.444200
-5.029560 83.885300 -5.529870 82.253600
-4.130090 86.200000 -4.659850 84.590100
-2.508140 87.820100 -3.066790 86.211600
-1.165580 88.502000 -1.727440 86.814400
1.050890 89.125000 0.469656 87.403900
3.536770 89.472200 2.985850 87.763600
6.504620 89.638300 5.959580 87.967500
9.420230 89.707900 8.910010 88.064700
13.505000 89.738700 13.065600 88.172000
18.156500 89.929500 17.742400 88.417900
23.034300 90.227700 22.697100 88.787100
27.100100 90.457800 26.845600 89.090200
29.533400 90.568000 29.243900 89.226100
31.943200 90.604100 31.700000 89.316100
34.324200 90.562400 34.092600 89.307800
36.663600 90.442500 36.459000 89.228600
41.145700 90.002900 40.972500 88.867600
45.285000 89.460200 45.136100 88.384000
48.831500 89.126900 48.659300 88.118400
51.963800 89.335600 51.721500 88.355000
54.331500 90.164200 54.154600 89.180200
55.491500 90.941600 55.313000 90.001100
56.448500 91.966100 56.233600 91.051900
57.175300 93.171300 56.880100 92.259300
57.684400 94.508000 57.366400 93.600300
58.277300 96.884400 57.880700 95.977000
58.814000 99.460900 58.381400 98.618000
59.635500 102.888000 59.122500 102.074000
60.480800 106.035000 59.903600 105.241000
60.995100 108.055000 60.386900 107.304000
61.874100 111.669000 61.192900 110.962000
62.784800 115.564000 62.028300 114.923000
63.512500 118.836000 62.676900 118.178000
64.253200 122.181000 63.351300 121.558000
65.066300 125.571000 64.109500 124.904000
66.080700 129.749000 65.026600 129.050000
66.932100 133.060000 65.781800 132.406000
67.539500 135.460000 66.304700 134.862000
68.487400 139.482000 67.132600 138.864000
69.359800 143.451000 67.892000 142.897000
69.844600 145.830000 68.316400 145.239000
70.634100 150.615000 69.014400 149.966000
71.148300 154.665000 69.459400 154.027000
71.368400 157.136000 69.626400 156.448000
71.545600 159.602000 69.759800 158.908000
71.665000 162.055000 69.851600 161.387000
71.775400 164.564000 69.931800 163.909000
71.889100 167.019000 70.012000 166.347000
71.947100 172.038000 69.989300 171.292000
71.880800 175.411000 69.859600 174.571000
71.759300 177.948000 69.699400 177.112000
71.629400 180.489000 69.527500 179.676000
71.495800 183.069000 69.347500 182.221000
71.389900 185.611000 69.196400 184.769000
71.229200 188.182000 68.988300 187.322000
71.075800 190.695000 68.784600 189.843000
70.908200 193.208000 68.568600 192.323000
70.732200 195.676000 68.362800 194.770000
70.587300 197.903000 68.154500 197.173000
70.462000 200.022000 67.963000 199.446000
70.336700 202.142000 67.791600 201.516000
70.085900 206.379000 67.526800 205.496000
70.007800 210.376000 67.466200 209.371000
70.017600 214.252000 67.435000 213.209000
69.972100 218.271000 67.362900 217.179000
69.940200 220.970000 67.279400 219.928000
69.981600 224.354000 67.184500 223.423000
69.969500 227.090000 67.083900 226.204000
69.938600 229.126000 66.994600 228.248000
69.844500 233.041000 66.814800 232.186000
69.714600 236.417000 66.598900 235.590000
69.185100 239.395000 66.006100 238.500000
67.899100 241.849000 64.716400 240.841000
66.332200 243.344000 63.136600 242.346000
64.897800 244.184000 61.673000 243.094000
62.405300 244.825000 59.122400 243.641000
59.947400 244.952000 56.627500 243.644000
55.981100 244.798000 52.630100 243.321000
52.650400 244.605000 49.325300 243.087000
49.667300 244.334000 46.262100 242.898000
47.224500 244.189000 43.761000 242.761000
44.650100 244.056000 41.083100 242.617000
40.316600 243.840000 36.663800 242.361000
37.706900 243.722000 34.026800 242.191000
35.094900 243.630000 31.414800 241.981000
31.592500 243.441000 27.974900 241.673000
28.987100 243.315000 25.426800 241.461000
26.414500 243.230000 22.927600 241.293000
23.880700 243.139000 20.457700 241.133000
18.925500 242.940000 15.553100 240.789000
15.701500 242.743000 12.352200 240.495000
11.770800 242.377000 8.446740 240.049000
7.381880 241.929000 4.078450 239.521000
3.505020 241.606000 0.161484 239.114000
0.170335 241.399000 -3.170410 238.850000
-3.693690 241.329000 -7.036580 238.687000
-6.224440 241.442000 -9.574750 238.724000
-8.293170 241.705000 -11.612300 238.905000
-10.148100 242.351000 -13.354400 239.515000
-11.827800 243.565000 -14.991600 240.682000
-12.969900 245.164000 -16.130900 242.310000
-13.469600 246.441000 -16.637500 243.628000
-13.828100 247.877000 -16.992100 245.121000
-14.142400 250.776000 -17.328100 248.092000
-14.307100 254.817000 -17.544500 252.181000
-14.422600 258.632000 -17.703800 256.043000
-14.528700 261.943000 -17.866000 259.361000
-14.681500 266.404000 -18.088200 263.848000
-14.814200 270.162000 -18.253500 267.535000
-14.944000 273.126000 -18.422900 270.509000
-15.035300 276.156000 -18.585900 273.531000
-15.140900 279.245000 -18.750000 276.615000
-15.257400 282.398000 -18.940500 279.790000
-15.385900 285.556000 -19.150500 282.964000
-15.535600 288.751000 -19.381800 286.144000
-15.687400 291.915000 -19.632300 289.315000
-15.834900 295.036000 -19.855500 292.400000
-15.991100 298.139000 -20.086500 295.486000
-16.161900 301.217000 -20.315400 298.574000
-16.334300 304.294000 -20.548000 301.685000
-16.503400 307.356000 -20.779900 304.704000
-16.666300 310.430000 -20.988400 307.732000
-16.796300 313.525000 -21.206700 310.794000
-16.926900 316.656000 -21.422500 313.905000
-17.069100 319.832000 -21.635400 317.092000
-17.223700 323.046000 -21.850800 320.275000
-17.395900 326.294000 -22.069400 323.514000
-17.561600 329.524000 -22.274800 326.712000
-17.719000 332.731000 -22.475300 329.882000
-17.900400 335.939000 -22.676200 333.055000
-18.072000 339.098000 -22.876800 336.162000
-18.398200 345.184000 -23.283400 342.191000
-18.572500 348.106000 -23.508800 345.136000
-18.755100 350.925000 -23.727700 347.932000
-18.932300 353.619000 -23.936400 350.571000
-19.084400 356.172000 -24.132400 353.165000
-19.281500 360.709000 -24.435800 357.697000
-19.412600 363.842000 -24.624600 360.843000
-19.716900 367.756000 -24.987400 364.781000
-20.413100 370.267000 -25.695900 367.229000
-21.767900 372.412000 -26.990700 369.121000
-23.931400 374.200000 -29.124300 370.822000
-25.311900 374.775000 -30.507300 371.303000
-26.849100 375.103000 -32.077600 371.546000
-28.541300 375.089000 -33.781600 371.448000
-31.561500 374.789000 -36.864600 371.066000
-34.806500 374.454000 -40.081700 370.665000
-36.902200 374.237000 -42.140100 370.406000
-39.111200 374.017000 -44.346800 370.162000
-42.294200 373.768000 -47.544400 369.869000
-44.851300 373.619000 -50.093000 369.675000
-47.522800 373.491000 -52.753000 369.498000
-50.237400 373.372000 -55.478000 369.327000
-53.000100 373.257000 -58.256500 369.165000
-55.754600 373.128000 -61.020500 368.982000
-58.489500 372.995000 -63.762600 368.795000
-63.031100 372.736000 -68.300200 368.437000
-65.722000 372.532000 -71.004200 368.175000
-69.300000 372.272000 -74.540900 367.832000
-71.958500 372.083000 -77.180100 367.579000
-74.613100 371.928000 -79.820200 367.369000
-77.243800 371.818000 -82.459100 367.211000
-79.849700 371.735000 -85.075600 367.087000
-82.448700 371.697000 -87.698100 367.003000
-85.842700 371.710000 -91.115900 366.954000
-88.966700 371.742000 -94.220700 366.926000
-92.990900 371.738000 -98.233700 366.855000
-96.537800 371.571000 -101.800000 366.620000
-100.017000 371.272000 -105.314000 366.246000
-103.677000 370.859000 -108.968000 365.753000
-107.000000 370.470000 -112.293000 365.308000
-109.147000 370.219000 -114.442000 365.030000
-111.414000 369.990000 -116.695000 364.761000
-116.382000 369.588000 -121.655000 364.285000
-120.918000 369.337000 -126.202000 363.967000
-126.757000 369.229000 -132.028000 363.796000
-129.739000 369.206000 -134.920000 363.728000
-132.737000 369.161000 -137.869000 363.644000
-135.700000 369.131000 -140.783000 363.557000
-138.668000 369.063000 -143.769000 363.436000
-141.578000 368.943000 -146.699000 363.261000
-144.486000 368.839000 -149.597000 363.092000
-147.377000 368.709000 -152.465000 362.895000
-150.228000 368.541000 -155.381000 362.673000
-153.084000 368.368000 -158.215000 362.438000
-155.902000 368.175000 -161.021000 362.193000
-158.684000 367.985000 -163.791000 361.950000
-162.353000 367.770000 -167.450000 361.678000
-165.891000 367.574000 -170.979000 361.421000
-168.415000 367.426000 -173.483000 361.241000
-170.747000 367.305000 -175.832000 361.096000
-172.931000 367.201000 -178.013000 360.961000
-175.504000 367.029000 -180.591000 360.742000
-178.948000 366.701000 -184.014000 360.346000
-182.023000 365.894000 -186.989000 359.514000
-184.596000 364.245000 -189.449000 357.872000
-185.600000 363.065000 -190.414000 356.659000
-186.365000 361.651000 -191.151000 355.202000
-186.884000 360.051000 -191.630000 353.563000
-187.125000 358.297000 -191.829000 351.757000
-187.213000 355.126000 -191.858000 348.529000
-187.030000 350.994000 -191.628000 344.338000
-186.621000 346.398000 -191.166000 339.627000
-186.242000 343.096000 -190.764000 336.309000
-185.937000 340.495000 -190.431000 333.641000
-185.650000 337.789000 -190.116000 330.927000
-185.300000 334.088000 -189.697000 327.108000
-184.899000 329.439000 -189.241000 322.419000
-184.693000 326.642000 -188.996000 319.591000
-184.486000 323.835000 -188.762000 316.822000
-184.280000 321.001000 -188.527000 314.005000
-184.078000 317.187000 -188.298000 310.230000
-183.933000 314.301000 -188.116000 307.311000
-183.762000 311.460000 -187.910000 304.450000
-183.602000 308.616000 -187.721000 301.624000
-183.458000 305.795000 -187.534000 298.828000
-183.317000 302.076000 -187.323000 295.057000
-183.237000 299.286000 -187.191000 292.249000
-183.090000 294.685000 -186.963000 287.659000
-182.927000 291.908000 -186.752000 284.870000
-182.767000 289.099000 -186.538000 282.017000
-182.614000 286.267000 -186.336000 279.195000
-182.442000 283.386000 -186.118000 276.283000
-182.300000 280.491000 -185.930000 273.366000
-182.150000 277.557000 -185.766000 270.431000
-182.001000 274.628000 -185.601000 267.509000
-181.823000 271.689000 -185.392000 264.528000
-181.638000 268.768000 -185.179000 261.613000
-181.353000 264.805000 -184.847000 257.654000
-181.152000 261.853000 -184.601000 254.677000
-180.929000 258.832000 -184.335000 251.650000
-180.695000 255.838000 -184.058000 248.648000
-180.497000 252.875000 -183.814000 245.674000
-180.312000 249.924000 -183.585000 242.738000
-180.131000 247.017000 -183.363000 239.843000
-179.975000 244.159000 -183.164000 236.999000
-179.840000 241.398000 -182.982000 234.218000
-179.706000 238.763000 -182.807000 231.553000
-179.487000 234.611000 -182.522000 227.355000
-179.385000 230.153000 -182.350000 222.837000
-179.353000 226.446000 -182.257000 219.091000
-179.160000 223.520000 -182.015000 216.115000
-178.441000 221.019000 -181.256000 213.595000
-176.993000 218.869000 -179.775000 211.458000
-174.646000 217.099000 -177.366000 209.633000
-172.474000 216.260000 -175.230000 208.827000
-170.601000 215.896000 -173.375000 208.516000
-167.863000 215.671000 -170.618000 208.350000
-163.501000 215.552000 -166.184000 208.371000
-158.798000 215.506000 -161.444000 208.478000
-153.798000 215.522000 -156.376000 208.669000
-148.465000 215.609000 -150.972000 208.880000
-143.047000 215.845000 -145.434000 209.253000
-137.657000 216.247000 -140.058000 209.794000
-133.229000 216.647000 -135.610000 210.281000
-129.820000 216.954000 -132.181000 210.638000
-127.369000 217.131000 -129.675000 210.864000
-123.657000 217.366000 -125.909000 211.157000
-119.858000 217.479000 -122.022000 211.284000
-116.251000 217.492000 -118.472000 211.312000
-112.752000 217.554000 -114.951000 211.362000
-109.377000 218.001000 -111.429000 211.769000
-106.273000 219.215000 -108.298000 212.904000
-104.504000 220.454000 -106.456000 214.161000
-103.371000 221.616000 -105.368000 215.311000
-102.438000 222.933000 -104.496000 216.644000
-101.724000 224.346000 -103.815000 218.103000
-101.007000 226.910000 -103.173000 220.684000
-100.447000 230.016000 -102.678000 223.799000
-99.750100 232.933000 -101.997000 226.725000
-98.566600 235.208000 -100.789000 228.995000
-96.878800 236.654000 -99.102100 230.434000
-95.931500 237.053000 -98.105300 230.904000
-93.784900 237.747000 -95.756600 231.558000
-91.107500 238.159000 -92.955600 231.964000
-87.764600 238.447000 -89.550800 232.254000
-83.736500 238.689000 -85.590300 232.595000
-80.731300 238.836000 -82.640600 232.820000
-76.729700 239.056000 -78.699200 233.070000
-73.418300 239.247000 -75.415900 233.246000
-70.862200 239.412000 -72.867300 233.387000
-67.351600 239.549000 -69.382000 233.556000
-64.666400 239.658000 -66.761800 233.716000
-61.998000 239.809000 -64.115800 233.907000
-59.311800 239.953000 -61.493200 234.113000
-55.002900 240.209000 -57.224000 234.448000
-52.462000 240.386000 -54.661100 234.655000
-49.960300 240.516000 -52.178300 234.847000
-47.478300 240.662000 -49.741400 235.062000
-42.654500 241.019000 -44.966800 235.500000
-39.649000 241.313000 -41.948300 235.802000
-36.175300 241.675000 -38.459300 236.178000
-32.797800 241.998000 -35.067200 236.504000
-29.214300 242.337000 -31.439600 236.804000
-26.301000 242.479000 -28.444400 236.928000
-23.023900 242.274000 -25.136000 236.770000
-20.874900 241.791000 -23.012300 236.344000
-19.097800 241.001000 -21.255200 235.580000
-17.554400 239.744000 -19.761400 234.396000
-16.168500 237.646000 -18.418700 232.270000
-15.551700 235.706000 -17.852900 230.304000
-15.094400 232.720000 -17.418700 227.263000
-14.864600 228.390000 -17.204700 222.922000
-14.812900 225.101000 -17.136900 219.618000
-14.790500 222.430000 -17.081700 216.927000
-14.744000 219.601000 -16.994100 214.064000
-14.681200 216.625000 -16.882000 211.066000
-14.560000 213.519000 -16.717300 207.965000
-14.405300 210.299000 -16.527300 204.777000
-14.244300 206.985000 -16.315300 201.475000
-14.036400 203.614000 -16.060800 198.083000
-13.812700 200.191000 -15.802200 194.706000
-13.591500 196.733000 -15.544000 191.287000
-13.354200 193.230000 -15.273000 187.852000
-13.126100 189.690000 -15.006900 184.358000
-12.917000 186.094000 -14.765200 180.747000
-12.731900 182.450000 -14.537200 177.091000
-12.566900 178.745000 -14.337300 173.383000
-12.396100 174.987000 -14.135800 169.649000
-12.227500 171.179000 -13.930800 165.819000
-12.071500 167.326000 -13.732000 161.930000
-11.901900 163.432000 -13.538200 158.086000
-11.720300 159.530000 -13.327100 154.196000
-11.528100 155.602000 -13.113600 150.292000
-11.343400 151.642000 -12.884500 146.388000
-11.143000 147.690000 -12.652600 142.521000
-10.896500 143.749000 -12.412900 138.709000
-10.650300 139.827000 -12.163700 134.872000
-10.410800 135.927000 -11.902600 130.970000
-10.197000 132.061000 -11.649000 127.204000
-9.983670 128.272000 -11.390300 123.475000
-9.768510 124.586000 -11.132600 119.849000
-9.557930 121.055000 -10.888000 116.373000
-9.369620 117.694000 -10.668700 112.997000
-9.200540 114.472000 -10.476500 109.833000
-9.061230 111.449000 -10.306300 106.839000
-8.888960 107.745000 -10.112800 103.211000
-8.679790 102.918000 -9.881760 98.493300
-8.163710 98.919700 -9.356180 94.619900
-6.858430 95.725200 -8.084170 91.560300
-4.759830 93.253900 -5.986940 89.081500
-2.971840 92.105700 -4.285620 88.042500
-1.461820 91.527000 -2.855260 87.569800
0.084935 91.180600 -1.369730 87.315600
1.669860 90.960400 0.215683 87.185500
3.299030 90.842700 1.852340 87.132200
6.211740 90.683600 4.776230 87.114000
10.076600 90.469300 8.692860 87.076200
12.205900 90.365400 10.869900 87.048100
16.910500 90.321500 15.639900 87.142600
21.177500 90.596600 19.969900 87.504700
25.499000 90.958400 24.364700 87.938000
28.915700 91.120200 27.817400 88.146200
31.447900 91.111200 30.406500 88.175100
33.964400 90.997700 32.947900 88.110200
36.481300 90.800300 35.483300 87.971700
40.771500 90.432900 39.800000 87.710900
46.143700 90.034200 45.216100 87.436400
50.618000 89.629700 49.703800 87.135600
53.252200 89.185600 52.338800 86.755700
55.814100 88.557700 54.923400 86.194000
58.313300 87.791600 57.444100 85.478300
61.650100 86.616100 60.732900 84.384200
64.152300 85.682700 63.251600 83.486500
66.688500 84.734900 65.784300 82.597700
69.268600 83.744400 68.354600 81.666800
71.859100 82.671500 70.951900 80.643900
76.170200 80.587000 75.296200 78.632500
79.707200 78.759100 78.802200 76.882700
82.361200 77.384200 81.418600 75.579700
84.976900 76.006100 84.057700 74.252100
87.537600 74.560800 86.617600 72.864600
89.998100 73.037800 89.099100 71.374800
92.344000 71.419100 91.478500 69.801300
94.586300 69.702600 93.760400 68.132300
96.722600 67.923200 95.895400 66.421300
100.108000 65.034000 99.306900 63.602000
103.765000 62.070300 103.004000 60.726900
107.003000 59.530300 106.242000 58.292300
110.135000 56.970500 109.383000 55.811900
113.353000 54.247100 112.599000 53.179400
115.669000 52.366800 114.895000 51.379700
117.540000 50.972800 116.771000 50.022700
119.501000 49.588600 118.747000 48.661300
122.938000 47.083700 122.229000 46.195900
126.576000 44.378100 125.952000 43.521500
130.415000 41.505300 129.852000 40.687400
132.741000 39.769000 132.185000 38.985900
135.076000 38.021300 134.520000 37.293100
137.397000 36.270300 136.850000 35.584900
139.733000 34.577000 139.200000 33.909600
142.063000 32.908200 141.553000 32.257300
144.364000 31.234700 143.833000 30.633100
146.623000 29.551700 146.109000 28.972500
148.877000 27.853200 148.335000 27.334500
151.798000 25.672800 151.296000 25.186200
155.161000 23.099900 154.697000 22.667800
158.618000 20.300700 158.201000 19.924500
161.512000 17.981800 161.057000 17.735000
164.640000 16.511000 164.098000 16.382800
167.465000 15.980200 166.932000 15.887800
169.275000 15.912800 168.737000 15.817400
171.794000 15.966600 171.238000 15.854500
174.444000 15.959000 173.867000 15.831900
177.870000 15.833300 177.264000 15.709300
180.751000 15.659300 180.119000 15.553300
183.704000 15.412000 183.085000 15.311800
185.981000 15.238100 185.350000 15.142300
189.048000 15.017000 188.403000 14.943800
192.114000 14.776200 191.468000 14.731100
196.036000 14.437700 195.376000 14.451100
200.090000 14.030100 199.443000 14.095600
204.263000 13.617800 203.610000 13.713200
206.796000 13.389100 206.115000 13.521100
211.855000 12.979700 211.085000 13.183000
214.376000 12.800500 213.634000 13.013500
218.665000 12.433100 217.907000 12.684800
222.152000 12.137000 221.427000 12.402500
225.700000 11.873000 224.955000 12.172300
229.280000 11.572000 228.503000 11.908500
231.959000 11.310200 231.111000 11.688300
234.672000 11.076000 233.808000 11.482500
237.340000 10.816000 236.489000 11.255700
240.005000 10.544000 239.135000 11.017600
242.625000 10.319500 241.768000 10.794000
246.091000 10.042900 245.264000 10.531700
249.503000 9.796410 248.630000 10.305100
251.962000 9.616740 251.068000 10.142200
254.330000 9.452560 253.413000 10.010900
256.557000 9.297180 255.629000 9.881330
259.364000 9.079410 258.443000 9.698890
262.171000 8.558200 261.682000 9.363190
265.534000 7.934310 265.090000 8.743160
269.091000 7.211930 268.101000 8.011920
271.689000 6.775710 270.678000 7.608970
273.191000 6.984560 272.173000 7.814000
274.435000 7.486300 273.421000 8.342470
275.841000 9.123000 274.866000 9.654980
276.582000 10.828600 275.674000 11.041300
277.632000 13.342400 276.552000 13.851700
278.511000 16.228900 277.249000 17.474000
278.887000 19.689600 277.549000 21.088500
279.050000 22.004100 277.661000 23.481900
279.153000 24.513000 277.745000 26.016000
279.310000 27.147500 277.870000 28.708100
279.492000 29.910200 278.028000 31.517200
279.682000 32.722400 278.216000 34.347600
279.892000 35.618700 278.420000 37.264000
280.117000 38.588000 278.631000 40.212900
280.341000 41.563200 278.834000 43.187100
280.554000 44.602800 279.028000 46.231300
280.757000 47.669200 279.215000 49.282400
280.967000 50.718000 279.401000 52.329200
281.190000 53.763200 279.593000 55.331400
281.387000 56.840300 279.791000 58.398800
281.609000 59.915900 279.999000 61.433600
281.893000 62.993900 280.257000 64.482400
282.168000 66.061400 280.512000 67.512500
282.386000 69.137900 280.713000 70.528300
282.581000 72.205700 280.901000 73.550800
282.741000 75.260400 281.070000 76.597200
282.946000 78.300500 281.254000 79.619600
283.185000 81.322800 281.461000 82.627000
283.442000 84.363900 281.681000 85.647000
283.684000 87.353300 281.903000 88.625900
283.940000 90.352100 282.145000 91.620500
284.231000 93.355300 282.428000 94.625600
284.542000 96.345100 282.741000 97.624000
284.938000 99.320600 283.126000 100.628000
285.395000 102.260000 283.561000 103.553000
285.844000 105.163000 283.993000 106.460000
286.322000 108.054000 284.442000 109.310000
286.794000 110.912000 284.901000 112.151000
287.217000 113.737000 285.303000 114.949000
287.631000 116.519000 285.695000 117.722000
288.059000 119.219000 286.088000 120.434000
288.449000 121.781000 286.444000 123.024000
289.285000 126.630000 287.228000 127.915000
290.059000 130.183000 287.960000 131.502000
291.010000 133.732000 288.874000 135.076000
291.856000 136.892000 289.704000 138.257000
292.240000 140.069000 290.077000 141.440000
291.762000 142.158000 289.866000 143.591000
290.663000 143.578000 289.384000 145.177000
289.562000 144.965000 288.605000 146.679000
288.468000 146.318000 287.503000 148.058000
287.386000 147.642000 286.133000 149.269000
286.399000 148.976000 284.508000 150.319000
284.572000 149.919000 282.653000 151.261000
282.599000 150.835000 280.658000 152.205000
279.855000 152.146000 277.845000 153.552000
275.421000 154.371000 273.383000 155.779000
272.241000 156.075000 270.180000 157.469000
269.753000 157.422000 267.667000 158.794000
267.237000 158.808000 265.109000 160.168000
264.684000 160.222000 262.576000 161.568000
262.161000 161.709000 260.042000 163.048000
259.725000 163.293000 257.588000 164.605000
257.350000 164.953000 255.196000 166.236000
255.011000 166.651000 252.841000 167.906000
252.619000 168.351000 250.435000 169.571000
250.164000 170.018000 247.978000 171.188000
247.682000 171.636000 245.463000 172.769000
245.126000 173.224000 242.935000 174.291000
242.549000 174.722000 240.338000 175.766000
239.946000 176.172000 237.750000 177.162000
237.310000 177.572000 235.116000 178.519000
234.693000 178.932000 232.502000 179.838000
232.104000 180.306000 229.908000 181.175000
229.552000 181.659000 227.349000 182.497000
227.043000 183.025000 224.823000 183.843000
224.579000 184.376000 222.340000 185.167000
222.160000 185.673000 219.905000 186.438000
219.815000 186.944000 217.564000 187.673000
216.115000 188.895000 213.872000 189.574000
212.138000 190.917000 209.898000 191.543000
208.786000 192.618000 206.525000 193.195000
205.242000 194.579000 202.918000 195.122000
202.875000 196.461000 200.438000 196.842000
200.573000 198.529000 198.088000 198.759000
198.199000 200.447000 195.717000 200.623000
195.185000 202.599000 192.727000 202.719000
191.284000 204.885000 189.165000 204.897000
187.275000 207.187000 185.145000 207.142000
185.273000 208.337000 183.005000 208.289000
182.452000 209.924000 180.020000 209.900000
178.619000 212.048000 176.181000 211.988000
176.321000 213.330000 173.879000 213.248000
174.024000 214.609000 171.584000 214.503000
171.755000 215.879000 169.309000 215.753000
168.770000 217.549000 166.317000 217.386000
165.953000 219.102000 163.478000 218.919000
162.800000 220.792000 160.324000 220.568000
159.511000 222.334000 157.030000 222.072000
156.181000 223.203000 153.718000 222.919000
152.787000 223.350000 150.338000 223.011000
149.048000 223.061000 146.589000 222.707000
145.559000 222.768000 143.095000 222.410000
141.644000 222.436000 139.161000 222.068000
138.238000 222.213000 135.724000 221.829000
135.506000 222.076000 132.984000 221.685000
132.664000 221.970000 130.151000 221.565000
129.721000 221.858000 127.201000 221.439000
126.663000 221.699000 124.119000 221.274000
123.630000 221.555000 121.060000 221.122000
120.566000 221.375000 117.983000 220.942000
117.511000 221.171000 114.921000 220.737000
114.518000 220.968000 111.934000 220.533000
111.526000 220.772000 108.943000 220.333000
108.601000 220.586000 106.016000 220.143000
105.692000 220.424000 103.114000 219.979000
102.797000 220.264000 100.235000 219.818000
99.942900 220.117000 97.390100 219.672000
97.108700 219.957000 94.568600 219.512000
94.343700 219.762000 91.818300 219.324000
91.704100 219.564000 89.144100 219.112000
89.187400 219.383000 86.618700 218.895000
84.722100 219.079000 82.092200 218.533000
80.972600 219.076000 78.258000 218.502000
77.556100 219.623000 74.810800 219.006000
74.966000 220.705000 72.199200 220.064000
73.635400 221.768000 70.839700 221.100000
72.507200 223.067000 69.686500 222.359000
71.550300 224.570000 68.733100 223.836000
70.797400 226.303000 67.979200 225.559000
70.265200 228.195000 67.445900 227.473000
69.955600 230.203000 67.133700 229.535000
69.670100 233.800000 66.856700 233.322000
69.545900 238.343000 66.703700 238.082000
69.480200 242.356000 66.601600 242.230000
69.422400 244.904000 66.516400 244.847000
69.141100 250.229000 66.182800 250.265000
68.951000 253.983000 65.944800 254.096000
68.811900 256.917000 65.777200 257.092000
68.650600 259.920000 65.629000 260.111000
68.288600 266.253000 65.281600 266.438000
68.030300 270.539000 65.013200 270.717000
67.844200 273.749000 64.822200 273.910000
67.659800 276.933000 64.628700 277.074000
67.456300 280.103000 64.418600 280.217000
67.248800 283.260000 64.200700 283.330000
67.043300 286.399000 63.977900 286.452000
66.828900 289.558000 63.767400 289.601000
66.619200 292.697000 63.565900 292.689000
66.407900 295.818000 63.364400 295.769000
66.221500 298.903000 63.181200 298.809000
65.999000 301.971000 62.957400 301.861000
65.744800 305.014000 62.702500 304.886000
65.480500 308.026000 62.444700 307.851000
65.167900 311.029000 62.133700 310.816000
64.799600 314.024000 61.768500 313.786000
64.395500 316.979000 61.355400 316.702000
63.944300 319.930000 60.899300 319.629000
63.541000 322.898000 60.484700 322.555000
63.190600 325.899000 60.129500 325.537000
62.868500 328.895000 59.799800 328.508000
62.643000 331.922000 59.549900 331.500000
62.501400 334.935000 59.341500 334.505000
62.353300 337.974000 59.127200 337.530000
62.218300 341.039000 58.946800 340.569000
62.071800 344.031000 58.770100 343.558000
61.956900 347.020000 58.615500 346.557000
61.824400 349.962000 58.459600 349.504000
61.734200 352.788000 58.318600 352.333000
61.646600 355.507000 58.189400 355.041000
61.565200 358.113000 58.076700 357.642000
61.555700 360.589000 58.036300 360.114000
61.590200 363.598000 58.040200 363.129000
61.641400 367.673000 58.050200 367.207000
61.558300 371.676000 57.919200 371.171000
61.080600 375.805000 57.380900 375.251000
60.745100 378.022000 57.011800 377.450000
60.413700 380.394000 56.650000 379.802000
60.147400 382.875000 56.354400 382.269000
59.937200 385.515000 56.115300 384.878000
59.814300 388.252000 55.962500 387.606000
59.766100 391.128000 55.867700 390.484000
59.764400 394.097000 55.800100 393.467000
59.747200 397.211000 55.726000 396.576000
59.696000 400.418000 55.620900 399.768000
59.615900 403.624000 55.492400 402.947000
59.476600 406.849000 55.311700 406.129000
59.320900 410.043000 55.117100 409.297000
59.145100 413.206000 54.906500 412.446000
58.968900 416.365000 54.702200 415.594000
58.806900 419.496000 54.505600 418.697000
58.627800 422.585000 54.304000 421.738000
58.480800 425.637000 54.131800 424.775000
58.343000 428.577000 53.964900 427.724000
58.179100 431.377000 53.771000 430.526000
57.840600 435.746000 53.391300 434.868000
57.569100 438.174000 53.109500 437.286000
57.148900 441.182000 52.677900 440.276000
56.656800 443.875000 52.169300 442.955000
56.148700 447.270000 51.633900 446.330000
57.096400 449.281000 51.872200 448.756000
58.469300 451.417000 53.136000 451.039000
59.100000 452.419000 54.096300 451.910000
59.693900 453.396000 55.177600 452.537000
61.668400 453.954000 57.234800 453.137000
64.613000 454.210000 60.244100 453.409000
68.168600 454.349000 63.765200 453.565000
71.568400 454.518000 67.119000 453.777000
74.561800 454.689000 70.076200 454.015000
76.973800 454.843000 72.462900 454.217000
80.359000 455.052000 75.820200 454.498000
83.002400 455.239000 78.440200 454.734000
85.770900 455.413000 81.193900 454.962000
88.577000 455.537000 83.980800 455.144000
91.445500 455.682000 86.831000 455.352000
94.360000 455.844000 89.715100 455.571000
97.273700 456.002000 92.618700 455.794000
100.205000 456.167000 95.541900 456.014000
103.127000 456.340000 98.454800 456.227000
106.028000 456.486000 101.350000 456.420000
109.897000 456.654000 105.189000 456.663000
112.750000 456.817000 108.019000 456.880000
115.610000 456.966000 110.847000 457.080000
118.400000 457.099000 113.610000 457.269000
121.146000 457.259000 116.328000 457.481000
123.876000 457.448000 119.038000 457.709000
126.584000 457.666000 121.738000 457.975000
129.242000 457.973000 124.371000 458.326000
131.877000 458.360000 126.982000 458.768000
134.472000 458.811000 129.557000 459.267000
137.048000 459.328000 132.107000 459.821000
139.579000 459.909000 134.617000 460.434000
142.082000 460.548000 137.101000 461.115000
144.536000 461.240000 139.543000 461.860000
146.935000 462.036000 141.927000 462.686000
149.324000 462.891000 144.299000 463.571000
151.645000 463.790000 146.595000 464.494000
153.954000 464.746000 148.890000 465.481000
156.216000 465.719000 151.137000 466.498000
158.442000 466.755000 153.342000 467.585000
160.611000 467.844000 155.480000 468.715000
162.721000 468.976000 157.563000 469.895000
164.765000 470.136000 159.576000 471.109000
168.030000 472.130000 162.776000 473.191000
170.346000 473.697000 165.045000 474.812000
173.303000 475.783000 167.956000 476.951000
175.657000 477.274000 170.344000 478.469000
177.694000 478.199000 172.429000 479.439000
179.820000 478.560000 174.565000 479.856000
182.069000 478.324000 176.839000 479.650000
183.643000 477.694000 178.461000 479.070000
184.888000 476.951000 179.748000 478.284000
186.180000 475.880000 181.081000 477.153000
188.002000 474.002000 182.934000 475.238000
190.462000 471.065000 185.439000 472.289000
193.802000 466.867000 188.831000 468.061000
196.245000 463.736000 191.268000 464.949000
198.105000 461.326000 193.118000 462.578000
199.985000 458.921000 194.991000 460.208000
201.877000 456.528000 196.864000 457.879000
203.780000 454.144000 198.754000 455.548000
205.685000 451.785000 200.665000 453.213000
207.588000 449.440000 202.577000 450.886000
209.486000 447.114000 204.470000 448.582000
211.359000 444.786000 206.344000 446.272000
213.215000 442.474000 208.206000 443.974000
215.070000 440.181000 210.059000 441.713000
216.925000 437.908000 211.921000 439.466000
218.830000 435.603000 213.833000 437.197000
220.784000 433.242000 215.810000 434.849000
222.790000 430.840000 217.847000 432.456000
224.814000 428.408000 219.886000 430.018000
226.833000 425.995000 221.917000 427.588000
228.853000 423.583000 223.944000 425.179000
230.872000 421.172000 225.969000 422.802000
232.892000 418.759000 227.982000 420.472000
234.911000 416.347000 229.976000 418.184000
236.823000 414.108000 231.896000 415.965000
238.394000 412.114000 233.693000 413.864000
239.552000 410.296000 235.314000 411.903000
241.095000 407.877000 237.115000 409.505000
243.408000 404.262000 238.855000 406.167000
244.073000 401.962000 239.292000 403.871000
243.935000 400.344000 239.168000 402.186000
243.431000 398.825000 238.675000 400.624000
242.596000 397.385000 237.852000 399.179000
241.492000 396.047000 236.767000 397.841000
239.706000 394.403000 234.988000 396.175000
237.619000 392.958000 232.877000 394.688000
235.793000 391.995000 231.043000 393.725000
233.765000 391.139000 229.005000 392.879000
231.527000 390.408000 226.748000 392.154000
229.102000 389.773000 224.302000 391.501000
226.503000 389.204000 221.688000 390.917000
223.726000 388.759000 218.873000 390.443000
220.798000 388.373000 215.916000 390.024000
217.711000 387.983000 212.818000 389.626000
214.531000 387.607000 209.634000 389.239000
211.282000 387.245000 206.386000 388.866000
207.990000 386.907000 203.089000 388.515000
204.658000 386.596000 199.760000 388.190000
201.287000 386.304000 196.391000 387.886000
197.919000 386.031000 193.019000 387.606000
194.556000 385.786000 189.656000 387.367000
191.207000 385.555000 186.335000 387.137000
187.886000 385.358000 183.034000 386.935000
184.599000 385.188000 179.759000 386.743000
181.348000 385.029000 176.495000 386.560000
178.125000 384.880000 173.264000 386.380000
174.940000 384.732000 170.096000 386.193000
171.787000 384.605000 166.957000 386.023000
168.667000 384.479000 163.864000 385.863000
165.610000 384.376000 160.815000 385.711000
162.652000 384.301000 157.864000 385.594000
159.842000 384.253000 155.049000 385.504000
157.213000 384.244000 152.417000 385.451000
153.213000 384.205000 148.410000 385.345000
149.059000 383.873000 144.314000 384.959000
145.917000 382.883000 141.279000 383.959000
144.040000 381.374000 139.412000 382.374000
143.257000 380.157000 138.651000 381.126000
142.750000 378.760000 138.173000 379.721000
142.421000 377.205000 137.884000 378.198000
142.230000 374.989000 137.724000 375.946000
142.140000 371.932000 137.683000 372.879000
142.121000 369.919000 137.704000 370.847000
142.153000 365.442000 137.819000 366.338000
142.238000 362.972000 137.950000 363.858000
142.334000 360.329000 138.100000 361.199000
142.469000 357.522000 138.296000 358.385000
142.639000 354.557000 138.553000 355.420000
142.787000 351.511000 138.773000 352.383000
142.952000 348.393000 139.013000 349.275000
143.117000 345.222000 139.240000 346.121000
143.288000 342.025000 139.477000 342.943000
143.492000 338.826000 139.751000 339.763000
143.673000 335.627000 139.994000 336.568000
143.864000 332.446000 140.243000 333.376000
144.083000 329.269000 140.492000 330.217000
144.292000 326.062000 140.729000 327.029000
144.478000 322.795000 140.953000 323.803000
144.642000 319.480000 141.168000 320.534000
144.815000 316.110000 141.384000 317.202000
145.015000 312.678000 141.621000 313.825000
145.231000 309.198000 141.860000 310.384000
145.436000 305.689000 142.096000 306.913000
145.640000 302.145000 142.329000 303.405000
145.849000 298.595000 142.565000 299.895000
146.074000 295.046000 142.816000 296.393000
146.312000 291.558000 143.089000 292.946000
146.544000 288.056000 143.356000 289.478000
146.756000 284.591000 143.627000 286.008000
146.963000 281.138000 143.889000 282.583000
147.177000 277.683000 144.161000 279.152000
147.372000 274.247000 144.411000 275.744000
147.524000 270.899000 144.607000 272.444000
147.704000 267.514000 144.832000 269.099000
147.890000 264.189000 145.071000 265.793000
148.136000 259.853000 145.377000 261.497000
148.304000 256.632000 145.576000 258.304000
148.484000 253.495000 145.797000 255.188000
148.646000 250.506000 146.000000 252.204000
148.803000 247.620000 146.193000 249.358000
149.012000 244.060000 146.463000 245.816000
149.178000 241.565000 146.674000 243.324000
149.410000 238.516000 146.960000 240.268000
149.740000 234.654000 147.358000 236.435000
149.905000 231.523000 147.581000 233.299000
149.527000 228.941000 147.261000 230.664000
148.906000 227.392000 146.693000 229.109000
148.001000 226.008000 145.819000 227.677000
147.076000 225.049000 144.920000 226.672000
145.503000 223.949000 143.395000 225.501000
144.068000 223.311000 142.023000 224.804000
142.464000 222.822000 140.434000 224.284000
139.454000 222.334000 137.458000 223.688000
135.968000 222.086000 133.983000 223.311000
131.137000 221.930000 129.101000 222.972000
128.450000 221.891000 126.429000 222.828000
125.589000 221.860000 123.586000 222.652000
122.659000 221.839000 120.662000 222.492000
119.665000 221.790000 117.661000 222.317000
115.642000 221.685000 113.694000 222.031000
112.627000 221.570000 110.692000 221.785000
109.674000 221.356000 107.717000 221.513000
106.755000 221.167000 104.824000 221.246000
103.816000 220.977000 101.927000 220.995000
100.934000 220.823000 99.054000 220.750000
98.075500 220.656000 96.203900 220.514000
95.253000 220.488000 93.374100 220.259000
92.486900 220.345000 90.639500 219.992000
89.875400 220.223000 88.027400 219.733000
85.308900 219.940000 83.426900 219.286000
81.811500 219.719000 79.840500 219.036000
79.003700 219.767000 76.961200 219.008000
76.371600 220.406000 74.278100 219.465000
74.011000 221.726000 71.846900 220.636000
72.583700 223.065000 70.344000 221.906000
71.678700 224.310000 69.405100 223.054000
70.970800 225.771000 68.677000 224.392000
70.238300 227.726000 67.909600 226.317000
69.661800 230.754000 67.268200 229.413000
69.443300 233.967000 66.983200 232.725000
69.230100 237.232000 66.702500 236.012000
68.575100 240.383000 65.943400 239.123000
67.444700 242.497000 64.678100 241.271000
66.086300 243.807000 63.277900 242.652000
64.869500 244.556000 62.021000 243.383000
63.555600 245.120000 60.652700 243.902000
62.083700 245.413000 59.152000 244.142000
59.483200 245.534000 56.480800 244.160000
54.575700 245.268000 51.530100 243.819000
51.664800 245.141000 48.714700 243.652000
48.434400 245.035000 45.540900 243.464000
45.820100 244.964000 42.950100 243.311000
43.069300 244.864000 40.187700 243.125000
40.172100 244.724000 37.294600 242.895000
37.102600 244.568000 34.249700 242.650000
33.924100 244.386000 31.070200 242.375000
30.676300 244.184000 27.831900 242.091000
27.438500 243.994000 24.606000 241.827000
24.208600 243.837000 21.379200 241.591000
19.923900 243.575000 17.122800 241.228000
16.771700 243.334000 13.964200 240.908000
13.661900 243.083000 10.899200 240.583000
10.666400 242.818000 7.944820 240.252000
6.011310 242.398000 3.350210 239.746000
1.168290 241.993000 -1.438690 239.238000
-3.228820 241.671000 -5.832200 238.818000
-5.727630 241.636000 -8.326450 238.727000
-7.999830 241.825000 -10.600900 238.880000
-9.780100 242.354000 -12.350700 239.394000
-11.498300 243.420000 -14.094500 240.384000
-12.856400 244.955000 -15.512600 241.897000
-13.710800 246.731000 -16.408900 243.656000
-14.152300 248.337000 -16.883200 245.282000
-14.412000 250.184000 -17.163500 247.164000
-14.512000 252.255000 -17.289400 249.290000
-14.575200 254.544000 -17.379000 251.609000
-14.667100 257.911000 -17.529200 255.008000
-14.767000 261.601000 -17.712500 258.730000
-14.929100 265.663000 -17.963600 262.796000
-15.020800 268.902000 -18.139000 266.021000
-15.143100 272.307000 -18.351500 269.417000
-15.261400 275.831000 -18.574800 272.931000
-15.391400 279.433000 -18.805200 276.508000
-15.541800 283.129000 -19.058400 280.178000
-15.703100 286.824000 -19.320700 283.850000
-15.887400 290.566000 -19.605400 287.569000
-16.052500 294.302000 -19.872200 291.302000
-16.203900 298.052000 -20.121100 295.026000
-16.370600 301.837000 -20.374000 298.792000
-16.534600 305.630000 -20.633300 302.583000
-16.702500 309.431000 -20.890900 306.353000
-16.858500 313.259000 -21.142500 310.158000
-17.014300 317.094000 -21.402400 313.985000
-17.160000 320.915000 -21.674200 317.806000
-17.311000 324.726000 -21.948400 321.579000
-17.458000 328.526000 -22.215600 325.361000
-17.601100 332.286000 -22.459100 329.107000
-17.752900 336.036000 -22.703900 332.832000
-17.907200 339.719000 -22.953300 336.509000
-18.082000 343.305000 -23.214900 340.086000
-18.248800 346.727000 -23.464300 343.507000
-18.437400 349.998000 -23.722000 346.758000
-18.610000 353.159000 -23.959100 349.903000
-18.743300 356.160000 -24.157000 352.897000
-18.844500 358.967000 -24.314400 355.744000
-18.964000 363.194000 -24.528500 359.914000
-19.076100 367.416000 -24.737200 364.093000
-19.367200 370.756000 -25.112400 367.377000
-20.181100 373.134000 -25.947500 369.629000
-22.127800 375.354000 -27.796100 371.664000
-23.457000 376.098000 -29.104200 372.356000
-24.934500 376.557000 -30.592600 372.739000
-26.555000 376.670000 -32.222900 372.766000
-28.276800 376.522000 -33.954900 372.538000
-31.976000 375.882000 -37.673000 371.794000
-35.535200 375.299000 -41.158600 371.156000
-37.913400 374.928000 -43.502300 370.737000
-40.461400 374.606000 -46.023700 370.362000
-44.097800 374.261000 -49.625600 369.959000
-47.011400 374.041000 -52.535400 369.708000
-50.040100 373.824000 -55.527800 369.442000
-53.185700 373.619000 -58.660800 369.190000
-56.406300 373.422000 -61.873700 368.944000
-59.653400 373.251000 -65.109100 368.714000
-64.034000 373.023000 -69.463400 368.393000
-67.308100 372.850000 -72.712000 368.153000
-70.569400 372.669000 -75.942700 367.892000
-73.805900 372.466000 -79.121800 367.617000
-77.016500 372.296000 -82.305800 367.370000
-80.184500 372.157000 -85.452500 367.156000
-83.306600 372.060000 -88.589600 366.981000
-86.294400 372.010000 -91.586000 366.859000
-89.126900 371.996000 -94.423900 366.777000
-91.810700 371.985000 -97.116700 366.703000
-96.169300 371.894000 -101.495000 366.517000
-101.336000 371.406000 -106.633000 365.913000
-104.912000 370.992000 -110.195000 365.422000
-107.738000 370.685000 -112.978000 365.063000
-110.668000 370.388000 -115.890000 364.711000
-114.862000 370.101000 -120.025000 364.341000
-119.287000 369.829000 -124.393000 363.986000
-125.106000 369.683000 -130.152000 363.719000
-128.656000 369.662000 -133.623000 363.611000
-132.213000 369.655000 -137.116000 363.526000
-135.720000 369.646000 -140.602000 363.452000
-139.237000 369.568000 -144.090000 363.306000
-142.708000 369.399000 -147.553000 363.065000
-146.179000 369.229000 -151.010000 362.830000
-149.596000 369.032000 -154.390000 362.568000
-153.030000 368.847000 -157.782000 362.322000
-156.414000 368.626000 -161.142000 362.036000
-159.756000 368.368000 -164.453000 361.718000
-163.085000 368.113000 -167.756000 361.410000
-166.351000 367.840000 -171.035000 361.082000
-169.584000 367.574000 -174.229000 360.765000
-172.773000 367.320000 -177.408000 360.461000
-175.958000 367.044000 -180.557000 360.131000
-179.172000 366.794000 -183.733000 359.827000
-182.395000 366.625000 -186.943000 359.596000
-185.648000 366.504000 -190.155000 359.416000
-188.934000 366.404000 -193.420000 359.259000
-192.245000 366.286000 -196.695000 359.079000
-195.590000 366.201000 -200.042000 358.934000
-198.982000 366.179000 -203.437000 358.855000
-202.400000 366.193000 -206.853000 358.805000
-205.822000 366.215000 -210.231000 358.765000
-209.221000 366.266000 -213.600000 358.742000
-213.706000 366.366000 -218.052000 358.755000
-217.010000 366.482000 -221.345000 358.805000
-220.180000 366.654000 -224.518000 358.918000
-223.191000 366.879000 -227.534000 359.083000
-227.921000 367.270000 -232.277000 359.387000
-231.386000 367.584000 -235.715000 359.633000
-234.428000 368.003000 -238.770000 360.001000
-236.438000 368.424000 -240.782000 360.386000
-239.901000 369.352000 -244.238000 361.252000
-242.783000 370.038000 -247.113000 361.883000
-245.674000 370.379000 -249.972000 362.170000
-248.075000 370.349000 -252.363000 362.096000
-250.649000 370.300000 -254.911000 362.004000
-253.209000 370.407000 -257.460000 362.063000
-256.592000 370.836000 -260.851000 362.449000
-259.142000 371.079000 -263.378000 362.682000
-261.205000 370.750000 -265.437000 362.377000
-262.744000 370.151000 -266.959000 361.755000
-263.925000 369.415000 -268.121000 361.013000
-265.073000 368.376000 -269.262000 359.963000
-266.122000 367.028000 -270.302000 358.583000
-267.008000 365.363000 -271.160000 356.885000
-267.747000 363.423000 -271.860000 354.917000
-268.507000 360.485000 -272.568000 351.956000
-269.220000 355.349000 -273.156000 346.815000
-269.628000 350.451000 -273.445000 341.878000
-269.898000 347.269000 -273.621000 338.687000
-270.167000 343.959000 -273.792000 335.353000
-270.518000 339.409000 -273.993000 330.779000
-270.895000 333.462000 -274.179000 324.809000
-271.056000 329.902000 -274.224000 321.248000
-271.176000 326.314000 -274.250000 317.667000
-271.251000 322.762000 -274.214000 314.154000
-271.281000 319.239000 -274.128000 310.693000
-271.249000 315.743000 -273.990000 307.240000
-271.156000 312.268000 -273.790000 303.786000
-271.031000 308.826000 -273.554000 300.380000
-270.853000 305.405000 -273.261000 297.024000
-270.621000 301.990000 -272.927000 293.698000
-270.340000 298.574000 -272.552000 290.345000
-270.034000 295.140000 -272.152000 286.952000
-269.674000 291.685000 -271.702000 283.531000
-269.280000 288.206000 -271.223000 280.103000
-268.845000 284.700000 -270.696000 276.689000
-268.359000 281.177000 -270.125000 273.245000
-267.830000 277.628000 -269.512000 269.754000
-267.260000 274.057000 -268.853000 266.234000
-266.639000 270.469000 -268.143000 262.710000
-265.947000 266.863000 -267.377000 259.195000
-265.198000 263.244000 -266.550000 255.657000
-264.374000 259.581000 -265.657000 252.085000
-263.496000 255.914000 -264.694000 248.494000
-262.579000 252.269000 -263.703000 244.946000
-261.579000 248.632000 -262.639000 241.429000
-260.544000 245.038000 -261.533000 237.927000
-259.463000 241.442000 -260.394000 234.459000
-258.339000 237.858000 -259.203000 230.987000
-257.174000 234.291000 -257.989000 227.539000
-255.948000 230.730000 -256.704000 224.109000
-254.680000 227.195000 -255.379000 220.669000
-253.365000 223.705000 -253.997000 217.244000
-252.024000 220.231000 -252.594000 213.857000
-250.667000 216.782000 -251.180000 210.490000
-249.287000 213.348000 -249.739000 207.130000
-247.875000 209.945000 -248.274000 203.789000
-246.422000 206.559000 -246.767000 200.466000
-244.917000 203.208000 -245.218000 197.195000
-243.384000 199.871000 -243.643000 193.964000
-241.813000 196.565000 -242.029000 190.763000
-240.196000 193.310000 -240.382000 187.612000
-238.542000 190.099000 -238.680000 184.471000
-236.862000 186.914000 -236.959000 181.372000
-235.165000 183.752000 -235.217000 178.308000
-233.429000 180.625000 -233.431000 175.259000
-231.622000 177.522000 -231.584000 172.209000
-229.744000 174.321000 -229.689000 169.169000
-227.826000 171.098000 -227.753000 166.121000
-225.853000 167.898000 -225.750000 163.062000
-223.810000 164.723000 -223.684000 160.021000
-221.725000 161.612000 -221.583000 157.057000
-219.614000 158.543000 -219.449000 154.116000
-217.478000 155.515000 -217.272000 151.167000
-215.317000 152.528000 -215.073000 148.274000
-213.151000 149.587000 -212.868000 145.420000
-210.962000 146.681000 -210.653000 142.607000
-208.738000 143.823000 -208.404000 139.831000
-206.472000 140.985000 -206.114000 137.071000
-204.155000 138.176000 -203.782000 134.347000
-201.784000 135.401000 -201.393000 131.653000
-199.366000 132.630000 -198.962000 128.960000
-196.891000 129.862000 -196.475000 126.278000
-194.370000 127.109000 -193.939000 123.604000
-191.775000 124.379000 -191.351000 120.986000
-189.124000 121.658000 -188.707000 118.350000
-186.413000 118.972000 -186.008000 115.741000
-183.652000 116.300000 -183.249000 113.147000
-180.834000 113.636000 -180.406000 110.538000
-177.941000 111.012000 -177.528000 107.984000
-175.005000 108.364000 -174.579000 105.409000
-172.054000 105.710000 -171.607000 102.827000
-169.070000 103.080000 -168.602000 100.275000
-166.066000 100.447000 -165.581000 97.718700
-163.075000 97.812200 -162.573000 95.159400
-160.138000 95.134100 -159.625000 92.558300
-157.200000 92.475800 -156.675000 89.975600
-154.276000 89.830900 -153.719000 87.399800
-151.375000 87.179500 -150.788000 84.814200
-148.492000 84.507500 -147.888000 82.228300
-145.591000 81.847300 -144.977000 79.652700
-142.661000 79.211600 -142.050000 77.105100
-139.725000 76.580200 -139.123000 74.555100
-136.784000 73.944000 -136.188000 71.992100
-133.841000 71.308100 -133.252000 69.439200
-130.911000 68.676700 -130.334000 66.889600
-127.985000 66.040300 -127.414000 64.344300
-125.063000 63.430400 -124.478000 61.799200
-122.157000 60.831400 -121.566000 59.278500
-118.276000 57.358200 -117.708000 55.924400
-115.383000 54.746500 -114.814000 53.398000
-112.487000 52.132900 -111.918000 50.880100
-109.563000 49.507800 -108.982000 48.335600
-106.649000 46.882300 -106.074000 45.794600
-103.717000 44.240600 -103.138000 43.237400
-100.777000 41.607700 -100.194000 40.696300
-97.816000 38.956000 -97.246000 38.135600
-94.863200 36.299400 -94.296200 35.560100
-91.884400 33.643100 -91.305500 32.973100
-88.909700 30.989800 -88.350800 30.415100
-85.917500 28.322700 -85.380900 27.859100
-82.929100 25.668400 -82.408000 25.297500
-79.942000 23.038000 -79.436400 22.761200
-76.962700 20.421600 -76.500600 20.250900
-74.007500 17.823500 -73.556000 17.735100
-71.092400 15.226900 -70.666300 15.220400
-68.209200 12.634500 -67.809300 12.701800
-65.354200 10.052000 -64.966500 10.191200
-62.542300 7.481360 -62.172000 7.701830
-59.754000 4.927050 -59.417600 5.248990
-57.009200 2.422190 -56.719600 2.839070
-54.340100 0.009828 -54.100000 0.509795
-51.767000 -2.296380 -51.546500 -1.736860
-49.260900 -4.526640 -49.056700 -3.917860
-46.853800 -6.677800 -46.660900 -6.024930
-44.569700 -8.685230 -44.387400 -7.985470
-42.404300 -10.528300 -42.224200 -9.794460
-39.046900 -13.214200 -38.894000 -12.423600
-35.763800 -15.392900 -35.630700 -14.566100
-33.742800 -16.403300 -33.618000 -15.575700
-31.669600 -17.116500 -31.553900 -16.297900
-29.566100 -17.514400 -29.470400 -16.697900
-27.470800 -17.594500 -27.389100 -16.771800
-25.445100 -17.337000 -25.373800 -16.512300
-23.513600 -16.759800 -23.451200 -15.937000
-21.713100 -15.911300 -21.645700 -15.081100
-19.536200 -14.512800 -19.457200 -13.668700
-16.388000 -12.406400 -16.244100 -11.497400
-13.393300 -10.522100 -13.211100 -9.555570
-10.724100 -9.005950 -10.490500 -7.983310
-7.666680 -7.451270 -7.407740 -6.351490
-5.299830 -6.094820 -5.013920 -4.983370
-3.697870 -4.592910 -3.373730 -3.486140
-2.408140 -2.790910 -2.054600 -1.673120
-1.269630 -0.215074 -0.911614 0.896829
-0.712833 2.020440 -0.353071 3.101470
-0.490261 4.697450 -0.102682 5.689920
-0.476637 7.694490 -0.092969 8.615690
-0.624242 11.817800 -0.268725 12.670700
-0.711873 14.466000 -0.385882 15.294200
-0.825265 17.247500 -0.524722 18.077600
-0.950867 20.107000 -0.665832 20.965600
-1.111700 23.081500 -0.841408 23.959500
-1.318960 26.177800 -1.065160 27.063800
-1.558340 29.342000 -1.324500 30.234000
-1.802380 32.590800 -1.588240 33.478800
-2.057720 35.829900 -1.872840 36.736800
-2.317140 39.134600 -2.169270 40.054800
-2.563490 42.479100 -2.451990 43.388700
-2.782510 45.832500 -2.717940 46.757700
-2.981820 49.222900 -2.962500 50.156600
-3.156600 52.663300 -3.187380 53.582200
-3.326190 56.134900 -3.405400 57.036000
-3.502090 59.661300 -3.625990 60.536800
-3.713050 63.193700 -3.870450 64.054200
-3.925550 66.778000 -4.110470 67.623400
-4.099560 70.366400 -4.344470 71.200300
-4.323030 73.928500 -4.582860 74.731600
-4.525820 77.456300 -4.800400 78.257300
-4.726370 80.968900 -5.015740 81.786100
-4.944700 84.450300 -5.248800 85.275900
-5.155940 87.868100 -5.479100 88.687600
-5.329540 91.294900 -5.672380 92.087100
-5.470860 94.700900 -5.847470 95.469600
