0.000000 -0.000000 0.000000 0.000000
0.287920 2.986690 0.270309 3.047220
0.971569 5.887650 0.957882 6.061810
2.050500 8.646240 2.060970 8.930070
3.483070 11.215600 3.533590 11.642300
5.252120 13.530600 5.361760 14.084000
7.315980 15.554800 7.509360 16.199600
9.617500 17.248300 9.953290 18.018300
12.138400 18.605400 12.651300 19.500700
17.711000 20.442900 18.808300 21.612100
23.853600 21.214700 25.623900 22.572400
30.502900 21.029600 33.043300 22.411700
37.526800 20.278900 40.699600 21.626300
43.932800 19.347900 47.598900 20.636700
48.035600 18.699400 51.858900 19.983300
52.316300 18.005700 56.313000 19.307300
56.786900 17.289500 60.769200 18.621500
61.449300 16.560100 65.571300 17.905700
66.292700 15.814300 70.487100 17.184100
71.263500 15.060500 75.635200 16.455200
76.375800 14.295800 80.898100 15.731900
81.626600 13.514700 86.252800 14.995000
87.005400 12.707100 91.707100 14.229600
92.516100 11.861300 97.218400 13.431500
98.153900 10.959000 102.871000 12.583100
103.870000 9.966130 108.555000 11.643100
109.668000 8.871580 114.301000 10.624700
115.548000 7.674190 120.245000 9.474020
121.486000 6.351220 126.137000 8.211430
127.489000 4.911010 132.096000 6.824890
133.549000 3.348160 138.178000 5.329540
139.680000 1.699300 144.165000 3.769630
145.862000 -0.041372 150.258000 2.113080
152.097000 -1.892340 156.498000 0.325786
158.373000 -3.851460 162.652000 -1.531380
164.704000 -5.908580 168.959000 -3.526160
171.087000 -8.063070 175.399000 -5.641620
177.517000 -10.318300 181.772000 -7.830210
183.997000 -12.649900 187.946000 -9.989260
190.519000 -15.074900 194.407000 -12.330300
197.093000 -17.607400 200.881000 -14.745600
203.688000 -20.234600 207.416000 -17.292700
210.275000 -22.954000 213.763000 -19.838400
216.872000 -25.745200 220.324000 -22.550900
223.475000 -28.598900 226.861000 -25.307600
230.066000 -31.524500 233.304000 -28.089900
236.640000 -34.507100 239.720000 -30.931600
243.187000 -37.558700 246.188000 -33.868200
249.684000 -40.683600 252.553000 -36.860900
256.142000 -43.890300 258.921000 -39.957400
262.592000 -47.184000 265.296000 -43.139100
269.026000 -50.567900 271.578000 -46.388100
275.487000 -54.062100 277.904000 -49.748700
282.017000 -57.674100 284.403000 -53.264400
288.570000 -61.385000 290.702000 -56.767800
295.195000 -65.206200 297.097000 -60.398800
301.876000 -69.125600 303.656000 -64.176000
308.613000 -73.144000 310.163000 -67.994300
315.385000 -77.307200 316.870000 -72.052400
322.158000 -81.632100 323.412000 -76.156500
328.906000 -86.068300 329.946000 -80.393400
335.613000 -90.614300 336.570000 -84.821000
342.275000 -95.265000 343.012000 -89.238700
348.910000 -99.998100 349.334000 -93.672300
355.500000 -104.817000 355.772000 -98.309400
362.039000 -109.717000 362.077000 -102.939000
368.515000 -114.682000 368.469000 -107.737000
374.932000 -119.706000 374.890000 -112.632000
381.246000 -124.786000 380.942000 -117.375000
387.564000 -129.914000 387.160000 -122.312000
393.780000 -135.083000 392.944000 -127.045000
399.943000 -140.318000 399.051000 -132.136000
406.040000 -145.609000 405.116000 -137.281000
412.100000 -150.939000 411.148000 -142.463000
418.137000 -156.286000 417.072000 -147.613000
424.142000 -161.651000 422.938000 -152.759000
430.111000 -167.032000 428.872000 -157.988000
436.053000 -172.422000 434.894000 -163.339000
442.034000 -177.748000 440.854000 -168.546000
448.053000 -183.045000 446.714000 -173.609000
454.125000 -188.265000 452.618000 -178.575000
460.215000 -193.452000 458.724000 -183.692000
466.313000 -198.621000 464.575000 -188.548000
472.426000 -203.766000 470.512000 -193.456000
478.556000 -208.887000 476.700000 -198.513000
484.707000 -213.983000 482.566000 -203.248000
490.863000 -219.066000 488.739000 -208.219000
497.025000 -224.139000 494.908000 -213.186000
503.187000 -229.220000 500.892000 -218.003000
509.338000 -234.298000 507.013000 -222.925000
515.497000 -239.384000 513.094000 -227.803000
521.657000 -244.464000 519.183000 -232.711000
527.816000 -249.537000 525.361000 -237.705000
533.981000 -254.604000 531.400000 -242.568000
540.154000 -259.675000 537.414000 -247.392000
546.325000 -264.748000 543.563000 -252.350000
552.496000 -269.832000 549.702000 -257.306000
558.659000 -274.914000 555.716000 -262.168000
564.839000 -280.009000 561.833000 -267.115000
571.015000 -285.094000 568.072000 -272.148000
577.201000 -290.168000 574.098000 -276.977000
583.371000 -295.227000 580.247000 -281.917000
589.549000 -300.263000 586.291000 -286.746000
595.737000 -305.280000 592.577000 -291.751000
601.934000 -310.281000 598.559000 -296.453000
608.133000 -315.290000 604.531000 -301.174000
614.332000 -320.304000 610.671000 -306.049000
620.535000 -325.317000 616.879000 -310.989000
626.746000 -330.327000 622.949000 -315.782000
632.959000 -335.331000 629.013000 -320.578000
639.166000 -340.323000 635.212000 -325.462000
645.375000 -345.310000 641.470000 -330.386000
651.591000 -350.282000 647.520000 -335.132000
657.806000 -355.234000 653.642000 -339.897000
664.036000 -360.182000 659.930000 -344.792000
670.271000 -365.123000 666.103000 -349.574000
676.509000 -370.067000 672.239000 -354.334000
682.743000 -375.030000 678.443000 -359.166000
688.966000 -379.990000 684.721000 -364.064000
695.193000 -384.961000 690.767000 -368.775000
701.427000 -389.918000 696.915000 -373.547000
707.661000 -394.866000 702.896000 -378.173000
713.905000 -399.800000 709.147000 -383.001000
720.144000 -404.698000 715.378000 -387.788000
726.406000 -409.585000 721.538000 -392.494000
732.675000 -414.450000 727.783000 -397.248000
738.953000 -419.316000 733.978000 -401.953000
745.235000 -424.169000 740.131000 -406.595000
751.517000 -429.036000 746.376000 -411.339000
757.809000 -433.884000 752.450000 -415.921000
764.125000 -438.722000 758.727000 -420.627000
770.457000 -443.538000 765.002000 -425.300000
776.805000 -448.339000 771.274000 -429.940000
783.155000 -453.121000 777.568000 -434.581000
789.494000 -457.893000 783.854000 -439.213000
795.814000 -462.677000 790.043000 -443.798000
802.108000 -467.454000 796.283000 -448.450000
808.396000 -472.231000 802.468000 -453.058000
814.689000 -477.001000 808.634000 -457.637000
821.002000 -481.757000 814.954000 -462.296000
827.347000 -486.493000 821.235000 -466.885000
833.723000 -491.205000 827.659000 -471.530000
840.120000 -495.913000 833.956000 -476.072000
846.544000 -500.626000 840.365000 -480.678000
852.972000 -505.343000 846.689000 -485.234000
859.408000 -510.061000 853.002000 -489.770000
865.859000 -514.785000 859.377000 -494.351000
872.294000 -519.484000 865.851000 -498.964000
878.737000 -524.161000 872.261000 -503.503000
885.200000 -528.796000 878.671000 -507.993000
891.609000 -533.346000 885.074000 -512.453000
898.035000 -537.873000 891.523000 -516.901000
904.457000 -542.363000 897.923000 -521.291000
910.862000 -546.814000 904.327000 -525.664000
917.262000 -551.258000 910.770000 -530.056000
923.676000 -555.662000 917.153000 -534.380000
930.086000 -560.065000 923.527000 -538.703000
936.493000 -564.466000 930.006000 -543.092000
942.916000 -568.860000 936.373000 -547.375000
949.353000 -573.248000 942.751000 -551.643000
955.815000 -577.619000 949.243000 -555.949000
962.302000 -581.978000 955.716000 -560.202000
968.800000 -586.315000 962.139000 -564.402000
975.288000 -590.649000 968.471000 -568.549000
981.795000 -594.976000 974.946000 -572.766000
988.293000 -599.318000 981.407000 -576.999000
994.799000 -603.656000 987.738000 -581.133000
1001.300000 -607.973000 994.176000 -585.304000
1007.810000 -612.270000 1000.510000 -589.400000
1014.300000 -616.538000 1007.290000 -593.760000
1020.770000 -620.801000 1013.700000 -597.888000
1027.220000 -625.042000 1020.000000 -601.922000
1033.660000 -629.253000 1026.500000 -606.067000
1040.090000 -633.411000 1032.820000 -610.058000
1046.510000 -637.567000 1039.320000 -614.165000
1052.940000 -641.685000 1045.700000 -618.168000
1059.370000 -645.784000 1052.020000 -622.112000
1065.820000 -649.837000 1058.430000 -626.055000
1072.260000 -653.885000 1064.810000 -629.985000
1078.690000 -657.941000 1071.320000 -634.010000
1085.130000 -661.981000 1077.790000 -637.980000
1091.570000 -666.014000 1084.110000 -641.851000
1098.040000 -670.011000 1090.490000 -645.703000
1104.510000 -673.996000 1096.710000 -649.438000
1110.990000 -677.958000 1103.250000 -653.349000
1117.490000 -681.896000 1109.620000 -657.116000
1124.020000 -685.824000 1116.010000 -660.886000
1130.560000 -689.743000 1122.570000 -664.716000
1137.140000 -693.654000 1129.090000 -668.501000
1143.750000 -697.556000 1135.760000 -672.351000
1150.380000 -701.445000 1142.300000 -676.108000
1157.010000 -705.338000 1149.030000 -679.982000
1163.660000 -709.237000 1155.600000 -683.771000
1170.340000 -713.150000 1162.220000 -687.587000
1177.080000 -717.112000 1168.890000 -691.440000
1183.760000 -721.022000 1175.820000 -695.424000
1190.520000 -724.974000 1182.470000 -699.235000
1197.320000 -728.937000 1189.110000 -703.026000
1204.140000 -732.898000 1195.740000 -706.792000
1210.990000 -736.846000 1202.630000 -710.687000
1217.870000 -740.790000 1209.470000 -714.524000
1224.790000 -744.722000 1216.330000 -718.333000
1231.740000 -748.631000 1223.230000 -722.123000
1238.730000 -752.520000 1230.230000 -725.939000
1245.770000 -756.419000 1237.250000 -729.749000
1252.840000 -760.312000 1244.260000 -733.529000
1259.950000 -764.209000 1251.420000 -737.372000
1267.080000 -768.095000 1258.660000 -741.238000
1274.260000 -771.987000 1265.740000 -744.995000
1281.480000 -775.876000 1272.720000 -748.689000
1288.700000 -779.752000 1280.010000 -752.536000
1295.920000 -783.615000 1287.090000 -756.246000
1303.150000 -787.464000 1294.170000 -759.938000
1310.380000 -791.295000 1301.460000 -763.740000
1317.620000 -795.117000 1308.770000 -767.527000
1324.870000 -798.907000 1315.890000 -771.202000
1332.120000 -802.689000 1323.070000 -774.882000
1339.380000 -806.469000 1330.320000 -778.582000
1346.640000 -810.230000 1337.490000 -782.235000
1353.900000 -813.986000 1344.700000 -785.897000
1361.160000 -817.723000 1352.020000 -789.601000
1368.390000 -821.431000 1359.200000 -793.217000
1375.610000 -825.119000 1366.330000 -796.789000
1382.830000 -828.785000 1373.590000 -800.420000
1390.060000 -832.428000 1380.810000 -803.996000
1397.300000 -836.054000 1387.840000 -807.450000
1404.530000 -839.660000 1395.020000 -810.965000
1411.750000 -843.237000 1402.210000 -814.470000
1418.940000 -846.782000 1409.320000 -817.913000
1426.140000 -850.304000 1416.540000 -821.390000
1433.340000 -853.810000 1423.640000 -824.788000
1440.540000 -857.302000 1430.680000 -828.130000
1447.720000 -860.771000 1437.590000 -831.405000
1454.900000 -864.213000 1444.650000 -834.730000
1462.060000 -867.627000 1451.630000 -838.003000
1469.180000 -871.014000 1458.700000 -841.299000
1476.280000 -874.373000 1465.640000 -844.510000
1483.350000 -877.695000 1472.800000 -847.824000
1490.380000 -880.993000 1479.820000 -851.057000
1497.360000 -884.261000 1486.690000 -854.223000
1504.300000 -887.502000 1493.550000 -857.376000
1511.220000 -890.723000 1500.320000 -860.484000
1518.100000 -893.910000 1507.080000 -863.567000
1524.960000 -897.071000 1513.800000 -866.595000
1531.800000 -900.202000 1520.490000 -869.601000
1538.610000 -903.306000 1527.250000 -872.627000
1545.390000 -906.379000 1533.910000 -875.588000
1552.130000 -909.420000 1540.470000 -878.486000
1558.840000 -912.427000 1547.110000 -881.400000
1565.510000 -915.426000 1553.690000 -884.300000
1572.130000 -918.423000 1560.220000 -887.197000
1578.720000 -921.431000 1566.700000 -890.087000
1585.290000 -924.444000 1573.230000 -893.018000
1591.830000 -927.467000 1579.680000 -895.950000
1598.310000 -930.525000 1586.140000 -898.939000
1604.730000 -933.615000 1592.430000 -901.915000
1611.080000 -936.747000 1598.590000 -904.911000
1617.370000 -939.903000 1604.570000 -907.861000
1623.580000 -943.080000 1610.610000 -910.892000
1629.740000 -946.249000 1616.690000 -913.967000
1635.850000 -949.409000 1622.760000 -917.057000
1641.900000 -952.551000 1628.760000 -920.107000
1647.930000 -955.672000 1634.680000 -923.116000
1653.920000 -958.739000 1640.600000 -926.091000
1659.870000 -961.741000 1646.440000 -928.992000
1665.840000 -964.686000 1652.320000 -931.849000
1671.800000 -967.565000 1658.200000 -934.640000
1677.760000 -970.399000 1664.100000 -937.399000
1683.700000 -973.196000 1670.000000 -940.133000
1689.620000 -975.986000 1675.800000 -942.822000
1695.510000 -978.758000 1681.530000 -945.483000
1701.380000 -981.520000 1687.300000 -948.154000
1707.210000 -984.244000 1692.980000 -950.762000
1713.010000 -986.939000 1698.640000 -953.351000
1720.750000 -990.467000 1706.240000 -956.758000
1728.440000 -993.918000 1713.970000 -960.164000
1734.160000 -996.458000 1719.660000 -962.643000
1741.630000 -999.774000 1727.020000 -965.859000
1747.150000 -1002.200000 1732.600000 -968.280000
1752.590000 -1004.590000 1738.070000 -970.672000
1759.750000 -1007.750000 1744.970000 -973.711000
1766.720000 -1010.910000 1751.900000 -976.830000
1771.790000 -1013.240000 1756.930000 -979.123000
1776.730000 -1015.550000 1761.760000 -981.356000
1781.540000 -1017.840000 1766.600000 -983.627000
1786.180000 -1020.100000 1771.210000 -985.835000
1790.640000 -1022.360000 1775.620000 -988.030000
1794.920000 -1024.660000 1779.900000 -990.304000
1798.990000 -1027.110000 1783.960000 -992.701000
1802.850000 -1029.700000 1787.820000 -995.237000
1806.510000 -1032.480000 1791.470000 -997.950000
1809.960000 -1035.470000 1794.960000 -1000.900000
1813.130000 -1038.630000 1798.260000 -1004.090000
1816.080000 -1042.060000 1801.330000 -1007.550000
1818.740000 -1045.690000 1804.010000 -1011.130000
1821.100000 -1049.520000 1806.380000 -1014.920000
1823.120000 -1053.520000 1808.410000 -1018.870000
1824.800000 -1057.670000 1810.050000 -1022.930000
1826.420000 -1063.360000 1811.720000 -1028.630000
1827.250000 -1067.740000 1812.550000 -1033.010000
1827.720000 -1072.180000 1813.020000 -1037.470000
1827.830000 -1076.660000 1813.140000 -1041.980000
1827.600000 -1081.140000 1812.920000 -1046.510000
1827.020000 -1085.620000 1812.340000 -1051.020000
1826.080000 -1090.060000 1811.370000 -1055.510000
1824.760000 -1094.410000 1810.010000 -1059.930000
1823.060000 -1098.650000 1808.250000 -1064.270000
1820.890000 -1102.660000 1806.100000 -1068.470000
1818.450000 -1106.540000 1803.540000 -1072.510000
1815.680000 -1110.180000 1800.690000 -1076.260000
1812.610000 -1113.550000 1797.470000 -1079.770000
1809.250000 -1116.630000 1793.900000 -1083.010000
1805.600000 -1119.410000 1790.020000 -1085.950000
1801.710000 -1121.890000 1785.940000 -1088.530000
1797.580000 -1124.060000 1781.560000 -1090.820000
1793.250000 -1125.930000 1776.960000 -1092.800000
1788.720000 -1127.480000 1772.250000 -1094.460000
1784.080000 -1128.790000 1767.290000 -1095.840000
1779.310000 -1129.870000 1762.350000 -1096.970000
1774.440000 -1130.770000 1757.280000 -1097.920000
1769.480000 -1131.520000 1752.160000 -1098.700000
1764.430000 -1132.150000 1746.980000 -1099.370000
1759.350000 -1132.710000 1741.760000 -1099.960000
1754.260000 -1133.210000 1736.590000 -1100.480000
1749.160000 -1133.670000 1731.360000 -1100.980000
1744.050000 -1134.110000 1726.200000 -1101.440000
1738.930000 -1134.530000 1721.010000 -1101.900000
1733.810000 -1134.930000 1715.860000 -1102.330000
1728.750000 -1135.320000 1710.780000 -1102.740000
1723.740000 -1135.680000 1705.740000 -1103.130000
1718.790000 -1135.990000 1700.780000 -1103.470000
1713.930000 -1136.220000 1695.880000 -1103.730000
1709.180000 -1136.310000 1691.100000 -1103.850000
1704.570000 -1136.190000 1686.410000 -1103.760000
1700.080000 -1135.820000 1681.840000 -1103.400000
1695.670000 -1135.100000 1677.370000 -1102.740000
1691.370000 -1134.070000 1673.020000 -1101.730000
1687.200000 -1132.690000 1668.810000 -1100.350000
1683.200000 -1130.930000 1664.770000 -1098.590000
1679.460000 -1128.780000 1660.940000 -1096.420000
1675.990000 -1126.240000 1657.340000 -1093.830000
1672.830000 -1123.360000 1654.050000 -1090.870000
1670.030000 -1120.150000 1651.110000 -1087.600000
1667.480000 -1116.600000 1648.540000 -1084.030000
1665.410000 -1112.880000 1646.280000 -1080.110000
1663.680000 -1108.960000 1644.410000 -1076.000000
1662.300000 -1104.880000 1642.880000 -1071.630000
1661.320000 -1100.680000 1641.780000 -1067.180000
1660.770000 -1096.370000 1641.150000 -1062.660000
1660.670000 -1092.010000 1640.970000 -1058.080000
1661.000000 -1087.650000 1641.260000 -1053.450000
1661.750000 -1083.310000 1642.040000 -1048.840000
1662.870000 -1078.970000 1643.240000 -1044.300000
1665.060000 -1073.330000 1644.430000 -1040.040000
1669.230000 -1064.990000 1645.700000 -1036.290000
1674.130000 -1056.680000 1647.620000 -1032.630000
1679.380000 -1048.140000 1649.720000 -1029.030000
