0.000000 -0.000000 0.000000 0.000000
0.003267 4.566320 -0.030897 4.511300
-0.031716 9.099120 -0.086649 8.973240
-0.081952 13.587400 -0.149490 13.432000
-0.172757 18.042800 -0.243812 17.834400
-0.267875 22.451600 -0.338803 22.204100
-0.358400 26.802000 -0.438456 26.512300
-0.442803 31.082000 -0.526506 30.729800
-0.523018 35.272000 -0.609935 34.878600
-0.611006 39.330200 -0.690533 38.944500
-0.673187 43.239600 -0.754464 42.805100
-0.695957 46.977500 -0.772291 46.502900
-0.690361 50.605500 -0.751643 50.085000
-0.609462 54.133000 -0.655937 53.606900
-0.411112 57.531100 -0.442432 56.974600
-0.030280 60.807300 -0.058624 60.248200
0.568852 63.940700 0.547044 63.375000
1.400580 66.903900 1.367770 66.372400
2.445160 69.702400 2.403870 69.205700
3.697180 72.300100 3.647070 71.797200
5.171920 74.740400 5.121300 74.251100
6.852970 76.941900 6.808110 76.468800
8.750800 78.905900 8.697240 78.411100
10.823400 80.634300 10.783900 80.170600
13.066200 82.178400 13.035600 81.690000
15.504900 83.526400 15.526300 82.989800
18.101300 84.588800 18.147700 84.013400
20.853200 85.339500 20.947300 84.769500
23.704100 85.757700 23.844500 85.198200
26.596700 85.903500 26.766000 85.334800
29.539100 85.860000 29.736600 85.271900
32.495500 85.669700 32.702600 85.061300
35.473900 85.419300 35.735700 84.826800
38.479400 85.150900 38.770600 84.561200
42.541500 84.733400 42.851400 84.160500
45.623900 84.396200 45.914800 83.857100
48.742600 84.038000 49.092100 83.536600
51.907100 83.645900 52.267300 83.179600
55.089500 83.231200 55.411900 82.789000
58.312200 82.831900 58.616200 82.415000
61.589500 82.420100 61.829100 82.036200
64.903000 81.971700 65.143200 81.627700
68.228400 81.527400 68.461900 81.216900
71.621200 81.110200 71.847300 80.827000
75.027600 80.689600 75.264200 80.423100
78.496800 80.260700 78.680200 80.022400
81.988700 79.840800 82.143500 79.637800
85.481300 79.418600 85.687100 79.235300
89.030300 78.991800 89.220800 78.846600
92.666400 78.573400 92.790600 78.473100
96.338000 78.171500 96.454800 78.111100
100.043000 77.821800 100.121000 77.764400
103.785000 77.450400 103.855000 77.394800
107.533000 77.047300 107.620000 77.001100
111.239000 76.607900 111.292000 76.578100
114.911000 76.049000 115.065000 76.022400
118.541000 75.316600 118.635000 75.343400
122.080000 74.447300 122.081000 74.519800
125.597000 73.427200 125.583000 73.540300
129.015000 72.235900 129.028000 72.373700
132.355000 70.904500 132.383000 71.071600
135.604000 69.414600 135.614000 69.615800
138.810000 67.753600 138.779000 68.002400
141.967000 65.911900 141.977000 66.184800
145.045000 63.875500 145.078000 64.170300
148.036000 61.640700 148.090000 61.957400
150.918000 59.226300 151.004000 59.556200
153.688000 56.608100 153.802000 56.958100
156.298000 53.772000 156.429000 54.139700
158.756000 50.726400 158.799000 51.140700
161.003000 47.560600 160.941000 47.975000
162.973000 44.229100 162.824000 44.718000
164.751000 40.788800 164.602000 41.305800
166.349000 37.262500 166.176000 37.850000
167.797000 33.658100 167.601000 34.309200
169.138000 30.028200 168.890000 30.766200
170.362000 26.355100 170.203000 27.155200
171.513000 22.672700 171.453000 23.584200
172.618000 19.010100 172.698000 19.972000
173.783000 15.401200 173.944000 16.419800
175.061000 11.811900 175.242000 12.926400
176.400000 8.270140 176.585000 9.445230
177.861000 4.751500 178.051000 6.000350
179.498000 1.286300 179.698000 2.555650
181.288000 -2.083450 181.439000 -0.714728
183.206000 -5.312670 183.322000 -3.878780
185.272000 -8.397020 185.341000 -6.836860
187.524000 -11.322400 187.571000 -9.703580
189.943000 -14.003100 189.984000 -12.388000
192.559000 -16.436600 192.545000 -14.801900
195.323000 -18.644300 195.272000 -16.952600
198.214000 -20.605800 198.216000 -18.936000
201.311000 -22.263400 201.309000 -20.596100
204.529000 -23.619200 204.548000 -21.920200
207.905000 -24.614400 207.910000 -22.910100
211.336000 -25.229100 211.358000 -23.546700
214.798000 -25.460600 214.808000 -23.768400
218.271000 -25.319500 218.250000 -23.647000
221.723000 -24.847400 221.732000 -23.211600
225.163000 -24.068600 225.151000 -22.425800
228.539000 -22.970400 228.531000 -21.340300
231.818000 -21.554900 231.775000 -19.958000
234.979000 -19.835500 234.886000 -18.250200
238.016000 -17.827800 237.900000 -16.250200
240.914000 -15.584700 240.790000 -14.019200
243.698000 -13.158900 243.538000 -11.561100
246.324000 -10.518600 246.133000 -8.959910
248.811000 -7.723090 248.538000 -6.196130
251.159000 -4.750830 250.859000 -3.233500
253.382000 -1.629800 253.071000 -0.096025
255.497000 1.628720 255.141000 3.149960
257.540000 4.989320 257.183000 6.499500
259.554000 8.410910 259.214000 9.915040
261.532000 11.883000 261.175000 13.348600
263.468000 15.395100 263.100000 16.847900
265.374000 18.917000 264.989000 20.350400
267.266000 22.441100 266.867000 23.852900
269.162000 25.959200 268.765000 27.375300
271.597000 30.720700 271.320000 32.148600
273.477000 34.317400 273.200000 35.659400
275.415000 37.873000 275.138000 39.274000
277.333000 41.460300 277.049000 42.873400
279.279000 45.079300 278.977000 46.502300
281.156000 48.738900 280.887000 50.106200
282.972000 52.343600 282.779000 53.708300
284.765000 55.885800 284.602000 57.271300
286.512000 59.383000 286.395000 60.813900
289.248000 65.078500 289.176000 66.505700
290.816000 68.385400 290.738000 69.765000
292.408000 71.634000 292.402000 73.063200
294.130000 74.798200 294.159000 76.265700
295.971000 77.887000 296.032000 79.358200
297.947000 80.872400 298.056000 82.335700
300.113000 83.688500 300.294000 85.193700
302.463000 86.284400 302.683000 87.794300
304.988000 88.620000 305.284000 90.150800
307.705000 90.645600 308.028000 92.175900
310.567000 92.341700 310.943000 93.892700
313.550000 93.704300 313.951000 95.255200
316.637000 94.733200 317.067000 96.275500
319.795000 95.422300 320.285000 96.977400
323.038000 95.811400 323.525000 97.335500
326.290000 95.851100 326.770000 97.340800
329.440000 95.523700 329.967000 96.983800
332.691000 94.811700 333.107000 96.293100
335.719000 93.800800 336.147000 95.245400
338.557000 92.488100 339.029000 93.878900
341.251000 90.918400 341.832000 92.166600
343.805000 89.016400 344.447000 90.110700
346.174000 86.791700 346.818000 87.756700
348.260000 84.188200 348.924000 85.117800
350.027000 81.361200 350.711000 82.278400
351.450000 78.407400 352.159000 79.280200
352.529000 75.387500 353.285000 76.196600
353.354000 72.243900 354.105000 73.066300
354.038000 69.029500 354.754000 69.938300
354.673000 65.810800 355.354000 66.759500
355.210000 62.588300 355.886000 63.548600
355.632000 59.387800 356.350000 60.335000
355.981000 56.259000 356.712000 57.225200
356.411000 52.204500 357.205000 53.121000
357.147000 47.471300 357.967000 48.448900
358.587000 42.648000 359.355000 43.730700
359.688000 40.585800 360.392000 41.755300
361.095000 38.827200 361.715000 40.065500
362.759000 37.405300 363.303000 38.688800
364.588000 36.303900 365.197000 37.579200
366.828000 35.549900 367.365000 36.825600
369.390000 35.126500 369.804000 36.414100
372.055000 35.056700 372.377000 36.356600
374.838000 35.290600 375.114000 36.598600
377.631000 35.817600 377.916000 37.135800
380.381000 36.614100 380.681000 37.941300
383.095000 37.677100 383.394000 39.007300
385.712000 38.976900 386.015000 40.309500
388.175000 40.556500 388.481000 41.900100
390.437000 42.440000 390.770000 43.786700
392.464000 44.575700 392.823000 45.922800
394.271000 46.883600 394.690000 48.240800
395.919000 49.282800 396.392000 50.657600
397.416000 51.757600 397.911000 53.137800
398.745000 54.305500 399.267000 55.699900
399.918000 56.937000 400.461000 58.340300
400.877000 59.636300 401.473000 61.053000
401.618000 62.430000 402.255000 63.845600
402.129000 65.297200 402.802000 66.711500
402.404000 68.246300 403.108000 69.647800
402.483000 71.285200 403.191000 72.708100
402.408000 74.403900 403.120000 75.841100
402.311000 77.621100 402.986000 79.065500
402.177000 80.909200 402.818000 82.383100
402.028000 84.299600 402.608000 85.781700
401.867000 87.753600 402.361000 89.253300
401.633000 91.310700 402.090000 92.791700
401.364000 94.964500 401.797000 96.424900
401.063000 98.684000 401.479000 100.131000
400.718000 102.458000 401.125000 103.904000
400.356000 106.240000 400.756000 107.694000
399.945000 109.993000 400.339000 111.438000
399.476000 113.741000 399.870000 115.169000
398.967000 117.463000 399.366000 118.926000
398.415000 121.154000 398.821000 122.618000
397.823000 124.844000 398.234000 126.324000
397.215000 128.545000 397.656000 130.007000
396.630000 132.240000 397.087000 133.691000
396.010000 135.892000 396.491000 137.344000
395.412000 139.484000 395.938000 140.995000
394.847000 143.084000 395.407000 144.667000
394.305000 146.685000 394.888000 148.309000
393.792000 150.300000 394.391000 151.931000
393.290000 153.935000 393.901000 155.584000
392.800000 157.578000 393.419000 159.238000
392.310000 161.234000 392.931000 162.899000
391.829000 164.904000 392.454000 166.599000
391.352000 168.586000 391.974000 170.303000
390.884000 172.272000 391.500000 174.018000
390.417000 175.978000 391.034000 177.709000
389.960000 179.676000 390.563000 181.446000
389.516000 183.387000 390.135000 185.160000
389.119000 187.155000 389.768000 188.931000
388.793000 190.940000 389.473000 192.683000
388.529000 194.721000 389.233000 196.417000
388.337000 198.516000 389.053000 200.191000
388.209000 202.319000 388.939000 203.979000
388.155000 206.114000 388.902000 207.803000
388.179000 209.926000 388.928000 211.617000
388.259000 213.735000 389.004000 215.438000
388.387000 217.548000 389.121000 219.252000
388.603000 221.371000 389.331000 223.131000
388.881000 225.205000 389.597000 226.993000
389.239000 229.043000 389.942000 230.806000
389.673000 232.882000 390.373000 234.672000
390.175000 236.742000 390.868000 238.544000
390.720000 240.619000 391.404000 242.402000
391.348000 244.486000 392.040000 246.324000
392.061000 248.379000 392.754000 250.226000
392.661000 252.308000 393.542000 254.114000
393.500000 256.243000 394.473000 258.029000
394.474000 260.140000 395.509000 261.946000
395.594000 264.012000 396.611000 265.821000
396.784000 267.818000 397.795000 269.662000
398.022000 271.542000 399.030000 273.416000
399.361000 275.204000 400.296000 277.097000
400.731000 278.821000 401.615000 280.725000
402.141000 282.436000 402.987000 284.369000
403.594000 286.018000 404.389000 287.980000
405.029000 289.538000 405.778000 291.527000
406.455000 293.008000 407.181000 295.041000
407.866000 296.416000 408.565000 298.480000
409.245000 299.766000 409.926000 301.858000
410.617000 303.062000 411.273000 305.175000
411.993000 306.340000 412.624000 308.465000
413.370000 309.608000 413.960000 311.718000
414.741000 312.922000 415.322000 315.059000
416.074000 316.288000 416.690000 318.413000
417.411000 319.687000 418.133000 321.813000
418.857000 323.089000 419.700000 325.222000
420.476000 326.495000 421.377000 328.632000
422.222000 329.918000 423.143000 332.036000
424.097000 333.348000 425.049000 335.490000
426.050000 336.793000 427.015000 338.929000
428.071000 340.191000 429.066000 342.355000
430.129000 343.537000 431.140000 345.711000
432.186000 346.837000 433.230000 349.046000
434.247000 350.137000 435.317000 352.371000
436.348000 353.456000 437.426000 355.681000
438.434000 356.783000 439.520000 358.993000
440.558000 360.130000 441.669000 362.359000
442.628000 363.473000 443.747000 365.693000
444.704000 366.820000 445.841000 369.053000
446.759000 370.160000 447.936000 372.429000
448.775000 373.508000 449.978000 375.747000
450.761000 376.861000 452.023000 379.064000
452.740000 380.183000 454.126000 382.406000
454.748000 383.483000 456.223000 385.723000
456.868000 386.769000 458.349000 389.038000
458.921000 390.053000 460.501000 392.342000
461.075000 393.274000 462.660000 395.548000
463.200000 396.422000 464.802000 398.694000
465.258000 399.398000 466.906000 401.694000
467.313000 402.311000 468.962000 404.604000
469.324000 405.167000 470.990000 407.468000
471.318000 407.972000 473.009000 410.277000
473.349000 410.686000 475.001000 413.024000
475.304000 413.382000 476.975000 415.731000
477.228000 416.004000 478.894000 418.370000
479.128000 418.555000 480.760000 420.914000
480.989000 421.025000 482.600000 423.372000
482.788000 423.367000 484.388000 425.707000
484.526000 425.557000 486.103000 427.890000
486.157000 427.581000 487.737000 429.917000
487.703000 429.498000 489.284000 431.818000
490.108000 432.492000 491.662000 434.784000
492.522000 435.661000 494.060000 437.908000
494.602000 438.499000 496.166000 440.744000
496.198000 441.456000 497.751000 443.624000
496.895000 444.688000 498.463000 446.787000
496.743000 446.996000 498.422000 449.126000
496.408000 448.813000 498.093000 450.908000
495.818000 450.663000 497.501000 452.730000
495.028000 452.496000 496.703000 454.521000
493.711000 454.961000 495.381000 456.954000
491.893000 458.188000 493.589000 460.148000
489.581000 462.284000 491.261000 464.257000
488.365000 464.466000 490.041000 466.411000
487.101000 466.762000 488.776000 468.670000
485.809000 469.134000 487.462000 471.018000
484.486000 471.563000 486.115000 473.429000
483.147000 474.023000 484.742000 475.877000
481.790000 476.503000 483.361000 478.347000
480.421000 479.024000 481.967000 480.852000
479.056000 481.565000 480.571000 483.366000
477.680000 484.085000 479.162000 485.867000
476.265000 486.641000 477.727000 488.405000
474.858000 489.214000 476.305000 490.954000
473.426000 491.781000 474.860000 493.494000
471.982000 494.358000 473.407000 496.047000
470.565000 496.875000 471.978000 498.549000
469.203000 499.297000 470.610000 500.952000
467.868000 501.670000 469.270000 503.306000
466.582000 503.944000 467.980000 505.562000
465.373000 506.080000 466.764000 507.686000
464.254000 508.066000 465.639000 509.654000
462.582000 511.077000 463.954000 512.647000
460.699000 514.516000 462.061000 516.054000
459.036000 517.582000 460.380000 519.105000
457.589000 520.177000 458.914000 521.683000
455.798000 522.447000 457.160000 523.915000
453.457000 523.963000 454.877000 525.483000
451.505000 524.592000 452.966000 526.117000
449.835000 524.718000 451.317000 526.287000
448.084000 524.563000 449.548000 526.137000
446.256000 524.067000 447.706000 525.665000
444.348000 523.300000 445.832000 524.900000
441.737000 522.006000 443.237000 523.539000
437.726000 519.517000 439.232000 520.992000
435.767000 518.178000 437.272000 519.624000
432.627000 515.783000 434.128000 517.172000
430.228000 513.729000 431.739000 515.088000
428.526000 512.108000 430.033000 513.449000
426.907000 510.439000 428.412000 511.763000
425.384000 508.737000 426.878000 510.051000
423.027000 505.798000 424.484000 507.083000
421.723000 503.994000 423.159000 505.262000
420.486000 502.126000 421.899000 503.378000
419.312000 500.198000 420.693000 501.427000
418.179000 498.209000 419.536000 499.422000
417.070000 496.165000 418.416000 497.356000
415.642000 493.341000 416.959000 494.483000
414.620000 491.141000 415.891000 492.266000
413.621000 488.917000 414.862000 490.020000
412.632000 486.682000 413.848000 487.765000
411.640000 484.416000 412.851000 485.490000
410.696000 482.138000 411.897000 483.216000
409.780000 479.837000 410.971000 480.925000
408.317000 476.007000 409.503000 477.064000
407.466000 473.720000 408.656000 474.761000
406.645000 471.434000 407.843000 472.465000
405.842000 469.178000 407.050000 470.208000
405.068000 467.000000 406.294000 468.043000
404.109000 464.284000 405.353000 465.324000
402.779000 460.661000 404.045000 461.699000
401.510000 457.137000 402.735000 458.188000
400.206000 453.590000 401.378000 454.625000
398.858000 449.854000 399.980000 450.875000
397.536000 446.572000 398.656000 447.591000
396.116000 443.117000 397.228000 444.177000
394.288000 438.749000 395.369000 439.889000
392.359000 434.222000 393.462000 435.462000
390.997000 431.122000 392.118000 432.407000
389.920000 428.729000 391.047000 430.036000
387.602000 423.807000 388.741000 425.193000
385.951000 420.482000 387.109000 421.914000
384.687000 417.967000 385.860000 419.424000
383.372000 415.418000 384.529000 416.861000
382.037000 412.884000 383.201000 414.352000
380.682000 410.317000 381.852000 411.820000
379.300000 407.750000 380.477000 409.282000
377.882000 405.167000 379.058000 406.712000
376.433000 402.584000 377.617000 404.145000
374.941000 399.999000 376.137000 401.608000
373.398000 397.412000 374.595000 399.027000
371.821000 394.824000 373.011000 396.449000
370.205000 392.233000 371.396000 393.879000
368.557000 389.649000 369.749000 391.310000
366.918000 387.109000 368.072000 388.747000
365.246000 384.546000 366.379000 386.187000
363.556000 381.958000 364.661000 383.587000
361.851000 379.394000 362.921000 381.004000
360.068000 376.888000 361.188000 378.491000
358.317000 374.492000 359.482000 376.082000
356.613000 372.183000 357.801000 373.758000
354.349000 369.168000 355.556000 370.725000
352.663000 366.944000 353.880000 368.482000
351.019000 364.781000 352.241000 366.301000
349.445000 362.679000 350.674000 364.190000
347.970000 360.670000 349.198000 362.199000
346.143000 358.156000 347.361000 359.715000
343.565000 354.917000 344.751000 356.452000
341.005000 352.191000 342.177000 353.759000
338.279000 350.136000 339.469000 351.768000
335.258000 349.046000 336.429000 350.673000
333.593000 348.931000 334.766000 350.535000
331.918000 349.156000 333.093000 350.745000
330.223000 349.593000 331.464000 351.258000
328.662000 350.440000 329.880000 352.096000
326.609000 351.834000 327.806000 353.532000
323.431000 354.394000 324.623000 356.116000
319.898000 357.263000 321.055000 358.965000
315.817000 359.788000 317.008000 361.431000
313.608000 360.846000 314.816000 362.459000
311.302000 361.744000 312.524000 363.320000
308.889000 362.463000 310.140000 364.009000
306.402000 363.003000 307.678000 364.518000
303.828000 363.357000 305.143000 364.845000
301.202000 363.538000 302.532000 365.009000
298.538000 363.550000 299.886000 365.006000
295.807000 363.440000 297.181000 364.880000
293.032000 363.245000 294.434000 364.664000
290.238000 363.018000 291.658000 364.416000
287.430000 362.769000 288.874000 364.145000
284.619000 362.477000 286.072000 363.826000
281.845000 362.181000 283.318000 363.503000
279.083000 361.935000 280.584000 363.214000
276.353000 361.718000 277.865000 362.962000
273.639000 361.558000 275.162000 362.769000
270.935000 361.466000 272.459000 362.655000
268.228000 361.469000 269.755000 362.640000
265.529000 361.600000 267.059000 362.754000
262.831000 361.866000 264.384000 362.999000
260.150000 362.256000 261.724000 363.358000
257.463000 362.763000 259.066000 363.836000
254.803000 363.415000 256.436000 364.447000
252.170000 364.203000 253.805000 365.201000
249.540000 365.149000 251.183000 366.117000
246.950000 366.260000 248.601000 367.213000
244.404000 367.527000 246.062000 368.478000
241.899000 368.981000 243.579000 369.917000
239.477000 370.601000 241.195000 371.507000
237.179000 372.368000 238.929000 373.242000
234.991000 374.266000 236.795000 375.097000
232.900000 376.272000 234.740000 377.077000
230.916000 378.397000 232.789000 379.184000
229.042000 380.640000 230.948000 381.405000
227.304000 382.977000 229.240000 383.710000
225.728000 385.439000 227.679000 386.154000
224.307000 387.997000 226.270000 388.700000
223.045000 390.667000 225.014000 391.354000
221.943000 393.458000 223.918000 394.121000
221.009000 396.364000 222.984000 397.007000
220.247000 399.351000 222.223000 399.985000
219.653000 402.471000 221.628000 403.109000
219.230000 405.722000 221.213000 406.354000
218.990000 409.054000 220.978000 409.678000
218.939000 412.433000 220.932000 413.063000
219.065000 415.832000 221.061000 416.469000
219.337000 419.243000 221.346000 419.867000
219.697000 422.668000 221.708000 423.285000
220.136000 426.093000 222.144000 426.717000
220.678000 429.535000 222.666000 430.148000
221.249000 433.000000 223.212000 433.610000
221.836000 436.491000 223.777000 437.102000
222.458000 440.015000 224.365000 440.620000
223.111000 443.570000 224.966000 444.166000
223.760000 447.177000 225.565000 447.759000
224.420000 450.830000 226.180000 451.419000
225.097000 454.505000 226.804000 455.088000
225.778000 458.206000 227.432000 458.800000
226.496000 461.896000 228.102000 462.483000
227.240000 465.599000 228.797000 466.164000
227.992000 469.294000 229.502000 469.839000
228.758000 472.990000 230.219000 473.522000
229.512000 476.669000 230.940000 477.187000
230.251000 480.345000 231.630000 480.847000
230.999000 484.015000 232.330000 484.542000
231.758000 487.671000 233.038000 488.201000
232.513000 491.317000 233.748000 491.859000
233.286000 494.964000 234.456000 495.499000
234.069000 498.597000 235.185000 499.133000
234.845000 502.221000 235.906000 502.744000
235.639000 505.821000 236.645000 506.332000
236.440000 509.409000 237.388000 509.912000
237.225000 512.980000 238.127000 513.494000
237.989000 516.524000 238.843000 517.025000
238.761000 520.056000 239.551000 520.541000
239.506000 523.573000 240.235000 524.032000
240.216000 527.068000 240.894000 527.540000
240.880000 530.543000 241.532000 531.016000
241.528000 533.987000 242.161000 534.478000
242.155000 537.413000 242.761000 537.881000
242.778000 540.812000 243.357000 541.266000
243.432000 544.178000 243.982000 544.629000
244.095000 547.526000 244.627000 547.977000
244.755000 550.830000 245.296000 551.281000
245.447000 554.102000 245.981000 554.554000
246.157000 557.339000 246.681000 557.789000
246.903000 560.546000 247.424000 560.993000
247.683000 563.696000 248.196000 564.151000
248.510000 566.824000 249.018000 567.270000
249.405000 569.872000 249.901000 570.319000
250.367000 572.885000 250.842000 573.339000
251.374000 575.840000 251.829000 576.279000
252.433000 578.754000 252.861000 579.192000
253.532000 581.651000 253.925000 582.092000
254.633000 584.564000 254.992000 585.005000
255.727000 587.492000 256.049000 587.947000
256.784000 590.423000 257.058000 590.879000
257.811000 593.368000 258.044000 593.826000
258.812000 596.307000 259.004000 596.780000
259.808000 599.253000 259.956000 599.764000
260.788000 602.176000 260.903000 602.704000
261.820000 605.065000 261.890000 605.594000
262.927000 607.907000 262.967000 608.448000
264.153000 610.685000 264.172000 611.236000
265.521000 613.391000 265.516000 613.960000
267.043000 616.017000 267.007000 616.605000
268.726000 618.585000 268.671000 619.193000
270.565000 621.077000 270.483000 621.709000
272.552000 623.481000 272.427000 624.128000
274.653000 625.778000 274.498000 626.451000
276.858000 627.942000 276.689000 628.660000
279.175000 629.963000 278.975000 630.721000
281.610000 631.842000 281.380000 632.637000
284.182000 633.562000 283.934000 634.407000
286.864000 635.163000 286.592000 636.047000
289.654000 636.687000 289.375000 637.625000
292.569000 638.095000 292.259000 639.072000
295.611000 639.457000 295.268000 640.485000
298.746000 640.771000 298.376000 641.863000
301.983000 642.063000 301.566000 643.224000
305.262000 643.343000 304.782000 644.546000
308.567000 644.605000 308.036000 645.859000
311.890000 645.840000 311.303000 647.147000
315.227000 647.052000 314.591000 648.418000
318.557000 648.275000 317.861000 649.696000
321.855000 649.529000 321.095000 651.001000
325.097000 650.854000 324.281000 652.372000
328.286000 652.258000 327.432000 653.824000
331.417000 653.716000 330.503000 655.320000
334.434000 655.181000 333.481000 656.821000
337.274000 656.614000 336.336000 658.300000
339.979000 658.047000 339.065000 659.767000
342.557000 659.447000 341.665000 661.199000
347.315000 662.060000 346.445000 663.864000
351.605000 664.408000 350.727000 666.256000
355.317000 666.333000 354.429000 668.238000
358.280000 667.751000 357.344000 669.724000
360.685000 668.879000 359.759000 670.903000
362.884000 670.042000 361.884000 672.143000
364.210000 671.331000 363.201000 673.430000
364.986000 672.612000 364.015000 674.809000
365.438000 673.938000 364.432000 676.147000
365.713000 675.544000 364.615000 677.705000
365.687000 677.317000 364.481000 679.439000
365.415000 679.199000 364.089000 681.295000
364.905000 681.164000 363.468000 683.191000
364.213000 683.214000 362.662000 685.191000
363.259000 685.310000 361.661000 687.247000
362.089000 687.487000 360.455000 689.371000
360.809000 689.760000 359.120000 691.598000
359.459000 692.140000 357.708000 693.927000
358.030000 694.658000 356.200000 696.390000
356.534000 697.301000 354.617000 698.967000
354.981000 700.041000 352.957000 701.663000
353.361000 702.883000 351.227000 704.458000
351.697000 705.805000 349.453000 707.329000
349.992000 708.813000 347.630000 710.283000
348.258000 711.876000 345.771000 713.292000
346.453000 715.002000 343.849000 716.343000
344.633000 718.206000 341.909000 719.476000
342.770000 721.482000 339.939000 722.654000
340.889000 724.807000 337.941000 725.898000
338.981000 728.196000 335.903000 729.217000
337.051000 731.641000 333.854000 732.561000
335.085000 735.136000 331.773000 735.942000
333.111000 738.687000 329.679000 739.385000
331.125000 742.298000 327.557000 742.905000
329.139000 745.890000 325.434000 746.412000
327.170000 749.425000 323.345000 749.832000
325.237000 752.910000 321.282000 753.216000
323.313000 756.375000 319.230000 756.580000
321.362000 759.865000 317.149000 759.997000
319.384000 763.327000 315.049000 763.355000
317.460000 766.767000 312.986000 766.712000
315.543000 770.202000 310.938000 770.045000
313.597000 773.639000 308.858000 773.384000
311.609000 777.076000 306.733000 776.719000
309.559000 780.506000 304.554000 780.030000
307.385000 783.911000 302.253000 783.364000
305.086000 787.290000 299.866000 786.619000
302.674000 790.604000 297.369000 789.809000
300.106000 793.848000 294.729000 792.920000
297.450000 796.985000 291.985000 795.937000
294.711000 800.076000 289.133000 798.930000
291.917000 803.151000 286.248000 801.877000
289.067000 806.166000 283.309000 804.766000
286.135000 809.133000 280.292000 807.598000
283.098000 812.010000 277.181000 810.328000
279.994000 814.774000 273.973000 812.983000
276.799000 817.415000 270.725000 815.512000
273.562000 819.928000 267.440000 817.899000
270.293000 822.306000 264.116000 820.151000
267.032000 824.540000 260.784000 822.273000
263.781000 826.673000 257.475000 824.278000
260.538000 828.738000 254.167000 826.221000
257.359000 830.711000 250.910000 828.082000
254.229000 832.582000 247.699000 829.844000
251.146000 834.371000 244.559000 831.518000
247.895000 835.963000 241.513000 833.085000
244.592000 837.430000 238.543000 834.577000
241.553000 838.868000 235.688000 835.986000
237.829000 840.667000 232.114000 837.731000
232.927000 843.140000 227.313000 840.101000
228.788000 845.318000 223.209000 842.181000
225.138000 846.950000 219.591000 843.708000
221.729000 847.762000 216.245000 844.418000
218.766000 847.608000 213.403000 844.228000
217.074000 847.059000 211.717000 843.684000
215.482000 846.188000 210.142000 842.814000
214.043000 844.993000 208.725000 841.626000
212.765000 843.539000 207.475000 840.177000
211.617000 841.834000 206.379000 838.507000
210.614000 840.010000 205.418000 836.646000
209.737000 837.968000 204.593000 834.565000
208.914000 835.741000 203.841000 832.306000
208.173000 833.417000 203.171000 829.935000
207.446000 830.901000 202.529000 827.391000
206.725000 828.290000 201.909000 824.757000
205.987000 825.584000 201.273000 822.022000
205.240000 822.787000 200.609000 819.200000
204.470000 819.905000 199.925000 816.303000
203.702000 816.955000 199.230000 813.325000
202.925000 813.926000 198.523000 810.285000
202.116000 810.808000 197.790000 807.158000
201.277000 807.612000 197.039000 803.949000
200.421000 804.357000 196.277000 800.679000
199.546000 801.071000 195.491000 797.369000
198.666000 797.740000 194.705000 794.013000
197.787000 794.392000 193.915000 790.631000
196.920000 791.003000 193.121000 787.223000
196.024000 787.582000 192.303000 783.779000
195.072000 784.142000 191.456000 780.322000
194.067000 780.677000 190.550000 776.822000
193.011000 777.197000 189.582000 773.285000
191.886000 773.696000 188.548000 769.729000
190.705000 770.174000 187.466000 766.169000
189.504000 766.613000 186.356000 762.564000
188.299000 763.005000 185.254000 758.928000
187.147000 759.343000 184.205000 755.222000
186.064000 755.636000 183.226000 751.480000
185.063000 751.891000 182.330000 747.715000
184.113000 748.118000 181.482000 743.918000
183.210000 744.316000 180.683000 740.042000
182.348000 740.478000 179.925000 736.163000
181.530000 736.632000 179.213000 732.302000
180.734000 732.752000 178.522000 728.429000
179.991000 728.866000 177.860000 724.562000
179.269000 724.965000 177.198000 720.622000
178.540000 721.053000 176.551000 716.686000
177.826000 717.123000 175.930000 712.727000
177.134000 713.159000 175.339000 708.729000
176.456000 709.153000 174.762000 704.740000
175.794000 705.201000 174.213000 700.769000
175.162000 701.266000 173.689000 696.813000
174.581000 697.370000 173.198000 692.884000
174.025000 693.508000 172.737000 689.027000
173.480000 689.708000 172.291000 685.243000
172.946000 685.944000 171.847000 681.506000
172.443000 682.221000 171.402000 677.804000
171.947000 678.527000 170.977000 674.116000
171.452000 674.857000 170.549000 670.468000
170.950000 671.211000 170.112000 666.828000
170.417000 667.583000 169.651000 663.169000
169.882000 663.946000 169.206000 659.485000
169.316000 660.295000 168.744000 655.843000
168.734000 656.629000 168.280000 652.172000
168.162000 652.934000 167.821000 648.487000
167.604000 649.235000 167.392000 644.779000
167.063000 645.519000 166.963000 641.068000
166.532000 641.793000 166.536000 637.339000
165.975000 638.047000 166.092000 633.579000
165.414000 634.296000 165.655000 629.833000
164.813000 630.523000 165.187000 626.072000
164.204000 626.718000 164.703000 622.281000
163.589000 622.888000 164.210000 618.449000
162.987000 619.051000 163.714000 614.619000
162.389000 615.191000 163.222000 610.771000
161.811000 611.350000 162.741000 606.931000
161.190000 607.523000 162.261000 603.065000
160.550000 603.701000 161.787000 599.193000
159.921000 599.852000 161.294000 595.302000
159.276000 595.971000 160.797000 591.404000
158.624000 592.062000 160.309000 587.453000
158.001000 588.138000 159.823000 583.509000
157.369000 584.194000 159.346000 579.588000
156.731000 580.235000 158.862000 575.603000
156.106000 576.257000 158.384000 571.619000
155.494000 572.272000 157.914000 567.649000
154.901000 568.283000 157.459000 563.679000
154.291000 564.298000 156.991000 559.705000
153.685000 560.308000 156.503000 555.740000
153.067000 556.338000 156.013000 551.785000
152.452000 552.378000 155.540000 547.842000
151.782000 548.418000 155.053000 543.865000
151.123000 544.467000 154.556000 539.904000
150.499000 540.517000 154.068000 535.908000
149.927000 536.533000 153.581000 531.916000
149.390000 532.553000 153.107000 527.935000
148.918000 528.553000 152.650000 523.929000
148.417000 524.562000 152.201000 519.948000
147.937000 520.573000 151.773000 515.970000
147.433000 516.578000 151.325000 511.994000
146.909000 512.594000 150.854000 508.014000
146.370000 508.607000 150.377000 504.032000
145.801000 504.621000 149.907000 500.063000
145.222000 500.669000 149.434000 496.113000
144.632000 496.709000 148.947000 492.147000
144.038000 492.734000 148.423000 488.171000
143.458000 488.761000 147.918000 484.198000
142.906000 484.770000 147.433000 480.226000
142.329000 480.780000 146.942000 476.235000
141.770000 476.788000 146.465000 472.227000
141.230000 472.783000 146.004000 468.244000
140.684000 468.786000 145.552000 464.275000
140.153000 464.805000 145.097000 460.338000
139.631000 460.861000 144.661000 456.425000
139.111000 456.965000 144.223000 452.554000
138.601000 453.090000 143.796000 448.750000
138.102000 449.260000 143.385000 444.959000
137.624000 445.440000 142.987000 441.162000
137.181000 441.618000 142.620000 437.335000
136.774000 437.787000 142.285000 433.517000
136.391000 433.965000 141.956000 429.687000
136.030000 430.140000 141.659000 425.883000
135.727000 426.314000 141.417000 422.063000
135.449000 422.455000 141.223000 418.243000
135.188000 418.618000 141.063000 414.419000
134.970000 414.741000 140.953000 410.576000
134.809000 410.880000 140.888000 406.747000
134.704000 407.046000 140.875000 402.919000
134.643000 403.257000 140.912000 399.149000
134.612000 399.533000 140.971000 395.444000
134.600000 395.866000 141.045000 391.801000
134.633000 392.268000 141.166000 388.199000
134.686000 388.728000 141.297000 384.671000
134.777000 385.239000 141.462000 381.235000
134.887000 381.809000 141.635000 377.839000
135.021000 378.454000 141.826000 374.520000
135.195000 375.158000 142.055000 371.263000
135.404000 371.959000 142.321000 368.078000
135.641000 368.825000 142.617000 364.979000
135.953000 365.769000 142.980000 361.973000
136.381000 362.813000 143.447000 359.059000
136.930000 359.946000 144.047000 356.211000
137.595000 357.155000 144.786000 353.413000
138.674000 353.455000 145.931000 349.742000
139.894000 349.806000 147.217000 346.149000
140.896000 347.157000 148.251000 343.555000
141.971000 344.579000 149.355000 341.019000
143.536000 341.271000 150.945000 337.799000
144.836000 338.882000 152.270000 335.449000
146.277000 336.574000 153.726000 333.191000
147.889000 334.341000 155.363000 330.993000
149.676000 332.183000 157.159000 328.882000
151.644000 330.088000 159.121000 326.872000
153.775000 328.133000 161.277000 324.970000
156.077000 326.330000 163.600000 323.200000
158.526000 324.679000 166.053000 321.618000
161.147000 323.225000 168.673000 320.207000
163.906000 322.007000 171.446000 319.021000
166.828000 321.009000 174.381000 318.051000
169.843000 320.209000 177.395000 317.293000
175.094000 319.154000 182.697000 316.302000
181.671000 318.108000 189.402000 315.355000
188.361000 317.015000 196.512000 314.481000
194.138000 316.137000 202.490000 313.703000
197.640000 315.573000 206.046000 313.180000
201.147000 314.946000 209.576000 312.610000
204.678000 314.265000 213.123000 311.977000
208.210000 313.491000 216.690000 311.244000
211.718000 312.620000 220.229000 310.413000
215.148000 311.660000 223.672000 309.497000
218.510000 310.593000 227.017000 308.476000
221.768000 309.401000 230.283000 307.320000
224.885000 308.086000 233.402000 306.048000
227.884000 306.646000 236.412000 304.654000
230.771000 305.061000 239.301000 303.125000
233.520000 303.373000 242.052000 301.485000
236.127000 301.618000 244.661000 299.770000
238.574000 299.807000 247.118000 297.996000
240.863000 297.958000 249.430000 296.181000
242.936000 296.134000 251.526000 294.384000
244.793000 294.337000 253.417000 292.588000
247.396000 291.432000 256.044000 289.721000
249.635000 288.190000 258.324000 286.478000
250.925000 285.061000 259.684000 283.361000
251.232000 283.459000 260.029000 281.767000
251.323000 281.809000 260.134000 280.128000
251.116000 280.153000 259.952000 278.453000
250.569000 278.491000 259.433000 276.733000
249.632000 276.780000 258.560000 275.032000
248.391000 275.199000 257.309000 273.406000
246.817000 273.693000 255.744000 271.869000
244.287000 271.747000 253.233000 269.845000
241.483000 269.657000 250.447000 267.694000
239.256000 267.931000 248.232000 265.928000
236.942000 266.063000 245.973000 264.035000
234.573000 264.061000 243.645000 261.991000
232.194000 261.911000 241.308000 259.804000
229.829000 259.644000 238.962000 257.490000
227.459000 257.286000 236.643000 255.104000
225.118000 254.818000 234.346000 252.624000
222.795000 252.268000 232.044000 250.032000
220.540000 249.684000 229.814000 247.411000
218.379000 247.150000 227.699000 244.844000
216.332000 244.689000 225.696000 242.355000
214.447000 242.297000 223.836000 239.920000
212.739000 239.986000 222.145000 237.592000
210.646000 237.112000 220.054000 234.678000
207.645000 233.537000 217.056000 231.018000
204.521000 231.055000 213.917000 228.426000
200.919000 229.629000 210.239000 226.902000
198.975000 229.413000 208.218000 226.643000
197.005000 229.542000 206.196000 226.757000
195.061000 230.028000 204.185000 227.225000
193.124000 230.870000 202.200000 228.053000
191.259000 231.969000 200.241000 229.158000
189.369000 233.212000 198.254000 230.407000
187.332000 234.510000 196.152000 231.695000
185.149000 235.831000 193.895000 233.004000
182.815000 237.140000 191.490000 234.290000
180.298000 238.423000 188.921000 235.523000
177.600000 239.650000 186.193000 236.695000
174.747000 240.762000 183.327000 237.745000
171.674000 241.734000 180.322000 238.688000
168.553000 242.658000 177.249000 239.581000
165.389000 243.468000 174.124000 240.354000
162.197000 244.225000 170.928000 241.056000
158.930000 244.946000 167.723000 241.741000
155.629000 245.616000 164.486000 242.373000
152.293000 246.236000 161.206000 242.962000
148.991000 246.836000 157.917000 243.508000
145.708000 247.422000 154.651000 244.029000
142.407000 247.991000 151.376000 244.531000
139.114000 248.554000 148.133000 245.030000
135.853000 249.114000 144.916000 245.527000
132.634000 249.669000 141.744000 246.030000
129.457000 250.227000 138.604000 246.567000
126.334000 250.832000 135.498000 247.161000
123.257000 251.503000 132.435000 247.809000
120.225000 252.250000 129.396000 248.540000
117.249000 253.090000 126.421000 249.357000
114.334000 254.056000 123.475000 250.283000
111.463000 255.204000 120.580000 251.346000
108.607000 256.541000 117.726000 252.609000
105.856000 258.083000 114.954000 254.058000
103.172000 259.774000 112.250000 255.670000
100.616000 261.609000 109.664000 257.427000
98.145000 263.622000 107.144000 259.377000
95.781000 265.770000 104.725000 261.461000
93.472500 268.089000 102.378000 263.703000
91.273500 270.509000 100.144000 266.090000
89.191700 273.096000 98.018300 268.633000
87.228300 275.827000 96.020500 271.303000
85.391700 278.709000 94.129800 274.140000
83.695300 281.714000 92.378300 277.082000
82.094700 284.834000 90.727000 280.138000
80.625800 288.040000 89.206100 283.297000
79.375400 291.375000 87.899200 286.560000
78.182800 294.790000 86.630800 289.898000
77.135400 298.254000 85.500600 293.287000
76.215300 301.762000 84.509300 296.740000
75.437000 305.306000 83.656900 300.224000
74.795100 308.886000 82.937000 303.781000
74.297600 312.506000 82.360400 307.369000
73.939600 316.154000 81.920600 310.983000
73.717600 319.825000 81.604200 314.600000
73.740300 323.474000 81.368200 318.229000
73.776900 327.126000 81.200400 321.866000
73.875600 330.761000 81.086300 325.488000
74.062400 334.387000 81.016000 329.095000
74.223900 338.020000 80.980500 332.689000
74.405500 341.658000 80.981800 336.310000
74.570500 345.305000 81.023900 339.907000
74.692400 348.970000 81.009200 343.507000
74.747800 352.604000 80.940200 347.088000
74.783900 356.195000 80.878900 350.660000
74.806600 359.781000 80.808200 354.213000
74.720700 363.365000 80.710900 357.772000
74.658700 366.944000 80.599700 361.335000
74.494800 370.524000 80.426200 364.882000
74.279000 374.141000 80.191100 368.452000
74.020800 377.729000 79.886700 372.004000
73.716600 381.332000 79.545300 375.539000
73.333000 384.909000 79.116500 379.069000
72.922500 388.484000 78.669800 382.607000
72.471300 392.007000 78.149100 386.093000
71.950600 395.550000 77.550100 389.609000
71.390200 399.089000 76.910200 393.102000
70.760200 402.611000 76.199100 396.588000
70.079100 406.128000 75.434600 400.086000
69.357500 409.612000 74.649800 403.572000
68.633800 413.115000 73.869700 407.067000
67.898800 416.629000 73.056900 410.526000
67.199900 420.161000 72.261400 413.998000
66.507100 423.671000 71.476800 417.459000
65.799800 427.150000 70.707000 420.955000
65.107800 430.606000 69.943100 424.431000
64.476800 434.175000 69.237900 428.003000
63.902200 437.759000 68.588900 431.570000
63.378100 441.375000 67.994400 435.149000
62.949000 444.987000 67.486800 438.723000
62.578000 448.611000 67.049800 442.300000
62.315900 452.213000 66.710700 445.874000
62.122000 455.793000 66.433500 449.442000
61.968700 459.379000 66.198200 453.006000
61.840800 462.956000 65.983300 456.568000
61.757600 466.534000 65.804000 460.138000
61.690900 470.118000 65.640700 463.701000
61.675500 473.699000 65.530100 467.260000
61.701400 477.290000 65.454500 470.804000
61.786300 482.066000 65.402200 475.578000
61.924800 486.878000 65.398600 480.356000
62.056600 490.479000 65.429000 483.942000
62.176000 494.118000 65.444500 487.586000
62.266700 497.774000 65.434000 491.217000
62.330900 501.484000 65.410400 494.875000
62.383600 505.245000 65.405100 498.514000
62.456800 509.016000 65.445800 502.234000
62.639700 512.801000 65.592700 505.994000
62.868300 516.638000 65.779100 509.782000
63.106400 520.457000 65.962800 513.524000
63.367200 524.259000 66.166400 517.291000
63.593600 528.082000 66.324400 521.061000
63.801500 531.888000 66.457900 524.854000
64.024500 535.668000 66.606200 528.617000
64.206800 539.467000 66.708700 532.364000
64.344700 543.235000 66.761700 536.082000
64.496300 546.997000 66.829200 539.780000
64.631900 550.743000 66.862500 543.489000
64.749200 554.463000 66.879100 547.123000
64.914600 558.167000 66.948500 550.775000
65.103700 561.867000 67.043500 554.472000
65.336000 565.517000 67.184500 558.104000
65.569200 569.190000 67.324200 561.735000
65.794300 572.864000 67.453900 565.405000
65.979200 576.522000 67.554900 569.015000
66.180000 580.172000 67.685900 572.633000
66.362300 583.853000 67.803000 576.285000
66.594400 588.737000 67.944700 581.080000
66.777600 594.811000 67.990500 587.083000
66.890400 598.420000 68.027300 590.681000
67.026700 602.043000 68.082400 594.263000
67.177500 605.623000 68.145400 597.844000
67.323000 609.198000 68.217500 601.351000
67.450500 612.758000 68.271900 604.864000
67.653600 616.289000 68.405600 608.391000
67.878300 619.814000 68.559400 611.903000
68.154000 623.308000 68.770300 615.406000
68.437000 626.800000 68.988700 618.898000
68.771400 630.258000 69.267700 622.376000
69.202600 633.695000 69.631300 625.819000
69.600700 637.103000 69.967200 629.204000
70.036800 640.489000 70.343000 632.569000
70.506300 643.807000 70.745500 635.883000
70.892800 647.162000 71.070000 639.227000
71.232800 650.443000 71.352600 642.506000
71.580200 653.721000 71.618300 645.788000
71.988200 656.939000 71.884900 649.058000
72.305100 660.204000 72.100800 652.327000
72.604100 663.408000 72.276500 655.543000
72.917000 666.635000 72.436000 658.784000
73.242500 669.852000 72.603500 662.033000
73.637300 673.050000 72.801300 665.267000
74.027700 676.284000 73.051200 668.509000
74.459600 679.527000 73.375100 671.761000
74.950700 682.820000 73.765100 675.043000
75.485400 686.101000 74.156000 678.323000
75.997000 689.438000 74.577600 681.634000
76.620800 692.818000 75.040500 684.992000
77.255800 696.266000 75.546400 688.445000
77.860900 699.720000 76.054200 691.914000
78.457000 703.252000 76.549500 695.455000
79.046600 706.838000 77.036400 699.049000
79.749000 710.432000 77.541200 702.662000
80.377800 714.088000 78.022400 706.337000
80.985000 717.795000 78.544500 710.066000
81.568500 721.524000 79.068800 713.760000
82.227000 725.230000 79.629800 717.486000
82.971600 728.933000 80.232700 721.209000
83.716800 732.638000 80.861300 724.923000
84.461400 736.340000 81.543100 728.646000
85.205900 740.042000 82.281000 732.349000
85.988300 743.735000 83.031400 736.016000
86.881100 747.371000 83.821900 739.654000
87.770200 751.019000 84.611700 743.296000
88.659100 754.658000 85.410100 746.886000
89.568800 758.256000 86.240900 750.520000
90.529500 761.919000 87.131000 754.206000
91.504400 765.495000 88.024800 757.795000
92.518400 769.126000 88.943600 761.444000
93.542000 772.703000 89.885300 765.016000
94.615300 776.302000 90.872700 768.626000
95.687300 779.833000 91.863300 772.171000
96.764600 783.369000 92.870500 775.718000
97.858000 786.888000 93.901600 779.232000
98.977700 790.364000 94.949100 782.702000
100.103000 793.842000 96.011400 786.182000
101.282000 797.279000 97.115300 789.639000
102.480000 800.701000 98.238300 793.069000
103.707000 804.080000 99.380900 796.455000
104.948000 807.449000 100.537000 799.853000
106.192000 810.798000 101.685000 803.191000
107.467000 814.117000 102.863000 806.547000
108.775000 817.412000 104.061000 809.858000
110.078000 820.690000 105.266000 813.174000
111.337000 823.917000 106.441000 816.431000
112.596000 827.083000 107.629000 819.631000
113.862000 830.153000 108.827000 822.726000
115.118000 833.167000 109.996000 825.762000
116.424000 836.129000 111.222000 828.740000
117.895000 839.037000 112.574000 831.655000
119.448000 841.885000 114.036000 834.516000
121.089000 844.702000 115.605000 837.371000
122.872000 847.291000 117.204000 840.104000
124.724000 849.811000 118.928000 842.835000
126.576000 852.330000 120.718000 845.448000
128.427000 854.849000 122.555000 848.005000
130.277000 857.367000 124.382000 850.427000
132.127000 859.884000 126.207000 852.748000
133.992000 862.015000 128.008000 854.951000
135.815000 864.035000 129.760000 857.028000
137.605000 865.988000 131.485000 859.028000
139.298000 867.836000 133.140000 860.929000
140.919000 869.609000 134.721000 862.745000
143.941000 872.954000 137.634000 866.177000
146.559000 875.662000 140.184000 868.969000
148.685000 877.021000 142.283000 870.813000
150.732000 878.228000 144.258000 872.072000
152.808000 879.342000 146.458000 872.845000
154.500000 879.496000 148.177000 873.076000
155.899000 879.474000 149.607000 873.072000
157.413000 879.184000 151.160000 872.831000
159.026000 878.722000 152.801000 872.406000
160.703000 878.051000 154.516000 871.769000
162.456000 877.199000 156.311000 870.952000
164.298000 876.226000 158.205000 870.012000
166.256000 875.169000 160.207000 868.986000
168.323000 874.063000 162.318000 867.916000
172.036000 872.094000 166.086000 866.017000
174.385000 870.862000 168.473000 864.832000
176.855000 869.589000 170.978000 863.608000
179.401000 868.288000 173.549000 862.360000
181.976000 866.970000 176.158000 861.083000
184.537000 865.639000 178.748000 859.795000
187.062000 864.285000 181.313000 858.476000
189.539000 862.925000 183.818000 857.159000
191.919000 861.611000 186.238000 855.882000
196.343000 858.956000 190.774000 853.492000
200.275000 856.919000 194.940000 851.499000
204.073000 855.496000 198.784000 850.203000
207.864000 855.202000 202.442000 849.988000
210.293000 855.616000 204.827000 850.520000
212.062000 856.410000 206.566000 851.342000
213.745000 857.588000 208.192000 852.537000
215.288000 859.079000 209.667000 854.062000
216.690000 860.819000 211.009000 855.888000
218.030000 862.789000 212.277000 857.919000
219.272000 864.921000 213.449000 860.129000
220.393000 867.294000 214.500000 862.553000
221.798000 870.674000 215.799000 865.989000
222.890000 873.329000 216.830000 868.699000
224.022000 876.069000 217.884000 871.491000
225.163000 878.885000 218.939000 874.360000
226.282000 881.752000 219.965000 877.263000
227.366000 884.641000 220.958000 880.188000
228.393000 887.538000 221.897000 883.122000
229.402000 890.410000 222.818000 886.033000
230.415000 893.252000 223.740000 888.904000
231.448000 896.052000 224.693000 891.740000
232.501000 898.792000 225.678000 894.531000
233.608000 901.450000 226.714000 897.238000
234.846000 903.987000 227.897000 899.828000
236.227000 906.365000 229.231000 902.269000
237.762000 908.601000 230.722000 904.571000
239.430000 910.621000 232.346000 906.689000
241.255000 912.505000 234.102000 908.629000
243.262000 914.215000 236.026000 910.411000
245.403000 915.724000 238.080000 912.000000
249.322000 917.748000 241.868000 914.190000
252.681000 918.955000 245.184000 915.503000
255.340000 919.571000 247.840000 916.205000
258.109000 919.908000 250.622000 916.639000
261.017000 920.059000 253.545000 916.919000
264.007000 920.084000 256.559000 917.037000
267.145000 920.100000 259.693000 916.997000
270.394000 919.989000 262.904000 916.871000
273.704000 919.783000 266.177000 916.683000
277.089000 919.471000 269.501000 916.421000
280.534000 919.042000 272.873000 916.083000
283.981000 918.540000 276.321000 915.651000
287.453000 917.943000 279.814000 915.153000
290.967000 917.261000 283.348000 914.581000
294.456000 916.500000 286.860000 913.929000
297.935000 915.670000 290.365000 913.212000
301.388000 914.693000 293.838000 912.401000
304.815000 913.654000 297.286000 911.525000
308.192000 912.576000 300.674000 910.581000
311.554000 911.429000 304.036000 909.563000
314.932000 910.280000 307.409000 908.523000
318.326000 909.141000 310.810000 907.482000
321.700000 907.962000 314.206000 906.414000
325.110000 906.757000 317.643000 905.316000
328.536000 905.549000 321.085000 904.214000
332.022000 904.318000 324.584000 903.086000
335.559000 903.053000 328.154000 901.923000
339.168000 901.761000 331.788000 900.730000
342.832000 900.430000 335.486000 899.493000
346.541000 899.048000 339.209000 898.217000
350.203000 897.677000 342.881000 896.951000
353.790000 896.301000 346.505000 895.667000
357.320000 894.925000 350.060000 894.384000
360.800000 893.540000 353.580000 893.100000
364.219000 892.183000 357.054000 891.837000
367.540000 890.835000 360.411000 890.581000
370.728000 889.529000 363.610000 889.373000
373.729000 888.308000 366.644000 888.245000
377.389000 886.824000 370.358000 886.861000
380.659000 885.529000 373.648000 885.636000
382.909000 884.646000 375.909000 884.793000
386.401000 883.311000 379.394000 883.513000
390.309000 881.775000 383.370000 882.058000
394.378000 880.162000 387.495000 880.546000
398.842000 878.315000 392.055000 878.832000
403.790000 876.325000 397.084000 876.994000
406.436000 875.291000 399.767000 876.034000
409.217000 874.215000 402.574000 875.035000
412.118000 873.111000 405.471000 874.009000
415.119000 871.960000 408.467000 872.933000
418.218000 870.771000 411.553000 871.828000
421.393000 869.520000 414.722000 870.670000
424.627000 868.193000 417.969000 869.438000
427.915000 866.772000 421.279000 868.115000
431.248000 865.255000 424.634000 866.711000
434.552000 863.690000 427.974000 865.258000
437.808000 862.082000 431.268000 863.759000
440.967000 860.444000 434.477000 862.226000
444.049000 858.817000 437.614000 860.676000
447.069000 857.194000 440.677000 859.144000
450.037000 855.607000 443.693000 857.652000
452.945000 854.081000 446.649000 856.212000
455.778000 852.654000 449.515000 854.874000
458.468000 851.383000 452.224000 853.673000
460.991000 850.198000 454.774000 852.566000
465.788000 847.991000 459.638000 850.501000
470.367000 845.937000 464.269000 848.594000
475.122000 843.800000 469.093000 846.594000
480.152000 841.532000 474.186000 844.496000
485.445000 839.143000 479.565000 842.246000
489.113000 837.469000 483.274000 840.693000
491.932000 836.193000 486.096000 839.525000
495.682000 834.517000 489.918000 837.944000
498.522000 833.239000 492.834000 836.745000
502.358000 831.503000 496.753000 835.114000
508.248000 828.948000 502.719000 832.670000
514.267000 826.347000 508.782000 830.241000
520.389000 823.719000 514.945000 827.794000
526.283000 821.190000 520.873000 825.460000
532.560000 818.587000 527.212000 823.041000
537.450000 816.619000 532.132000 821.224000
542.071000 814.489000 536.807000 819.233000
546.393000 811.951000 541.211000 816.794000
548.395000 810.467000 543.241000 815.339000
550.185000 808.712000 545.093000 813.665000
551.781000 806.806000 546.760000 811.792000
553.207000 804.696000 548.251000 809.691000
554.412000 802.324000 549.523000 807.344000
555.345000 799.730000 550.550000 804.750000
556.059000 796.954000 551.359000 801.992000
556.696000 794.050000 552.086000 799.113000
557.303000 791.027000 552.783000 796.153000
557.911000 787.899000 553.474000 793.066000
558.523000 784.671000 554.167000 789.899000
559.196000 781.370000 554.920000 786.667000
560.139000 776.855000 555.959000 782.223000
560.885000 773.372000 556.790000 778.812000
561.683000 769.815000 557.664000 775.341000
562.510000 766.157000 558.536000 771.789000
563.376000 762.439000 559.447000 768.175000
564.231000 758.688000 560.361000 764.506000
565.077000 754.938000 561.286000 760.829000
565.922000 751.207000 562.194000 757.166000
566.757000 747.457000 563.100000 753.516000
567.618000 743.707000 564.024000 749.874000
568.512000 739.953000 564.976000 746.221000
569.382000 736.200000 565.915000 742.540000
570.213000 732.429000 566.829000 738.846000
571.089000 728.643000 567.779000 735.142000
571.953000 724.891000 568.721000 731.456000
572.778000 721.155000 569.611000 727.812000
573.608000 717.411000 570.519000 724.144000
574.445000 713.658000 571.429000 720.483000
575.261000 709.899000 572.322000 716.791000
576.030000 706.124000 573.167000 713.070000
576.708000 702.340000 573.915000 709.327000
577.366000 698.510000 574.620000 705.548000
577.989000 694.664000 575.294000 701.737000
578.586000 690.795000 575.941000 697.913000
579.159000 686.897000 576.567000 694.069000
579.702000 682.973000 577.168000 690.197000
580.159000 679.039000 577.723000 686.288000
580.612000 675.069000 578.255000 682.359000
581.029000 671.111000 578.761000 678.445000
581.394000 667.170000 579.222000 674.552000
581.724000 663.264000 579.632000 670.681000
582.002000 659.396000 579.985000 666.852000
582.213000 655.557000 580.280000 663.039000
582.384000 651.707000 580.534000 659.222000
582.550000 647.859000 580.782000 655.413000
582.704000 643.990000 581.010000 651.575000
582.830000 640.109000 581.206000 647.732000
582.876000 636.202000 581.338000 643.879000
582.955000 632.265000 581.511000 639.972000
583.042000 628.321000 581.682000 636.046000
583.149000 624.375000 581.876000 632.116000
583.283000 620.448000 582.094000 628.239000
583.427000 616.530000 582.318000 624.354000
583.574000 612.600000 582.544000 620.455000
583.688000 608.655000 582.790000 616.524000
583.797000 604.715000 583.046000 612.581000
583.903000 600.768000 583.283000 608.633000
584.000000 596.863000 583.517000 604.740000
584.120000 592.981000 583.768000 600.862000
584.208000 589.139000 584.009000 597.013000
584.286000 585.303000 584.246000 593.166000
584.421000 581.468000 584.524000 589.354000
584.689000 577.658000 584.917000 585.561000
585.081000 573.885000 585.419000 581.819000
585.595000 570.145000 586.033000 578.128000
586.236000 566.432000 586.768000 574.445000
586.988000 562.733000 587.578000 570.802000
587.771000 559.060000 588.429000 567.154000
588.563000 555.393000 589.275000 563.528000
589.398000 551.726000 590.154000 559.913000
590.233000 548.082000 591.046000 556.291000
591.072000 544.459000 591.925000 552.697000
591.879000 540.880000 592.791000 549.156000
592.605000 537.344000 593.571000 545.660000
593.254000 533.817000 594.275000 542.168000
593.847000 530.385000 594.922000 538.763000
594.385000 527.125000 595.520000 535.548000
594.900000 524.058000 596.098000 532.543000
595.437000 521.172000 596.679000 529.707000
595.982000 518.490000 597.266000 527.081000
596.531000 515.952000 597.854000 524.597000
597.037000 513.582000 598.398000 522.272000
597.659000 510.002000 599.090000 518.747000
597.708000 506.007000 599.268000 514.738000
597.226000 503.405000 598.870000 512.131000
596.637000 501.580000 598.312000 510.286000
594.596000 498.062000 596.334000 506.655000
593.121000 496.443000 594.881000 504.991000
591.333000 494.998000 593.149000 503.516000
589.258000 493.739000 591.136000 502.218000
586.961000 492.620000 588.884000 501.052000
584.568000 491.617000 586.488000 499.975000
582.036000 490.579000 583.977000 498.872000
579.394000 489.472000 581.353000 497.703000
576.654000 488.281000 578.649000 496.453000
571.951000 486.106000 573.980000 494.168000
569.085000 484.723000 571.150000 492.718000
566.211000 483.271000 568.318000 491.202000
563.310000 481.780000 565.469000 489.653000
560.374000 480.267000 562.573000 488.077000
557.401000 478.756000 559.656000 486.507000
554.361000 477.239000 556.701000 484.906000
551.337000 475.711000 553.740000 483.292000
548.298000 474.127000 550.779000 481.634000
545.249000 472.535000 547.807000 479.969000
542.181000 470.922000 544.810000 478.288000
539.096000 469.308000 541.790000 476.605000
536.048000 467.688000 538.803000 474.914000
533.044000 466.092000 535.858000 473.253000
530.100000 464.521000 532.985000 471.627000
527.250000 462.990000 530.176000 470.028000
524.479000 461.482000 527.445000 468.458000
521.828000 459.989000 524.834000 466.904000
519.321000 458.540000 522.364000 465.395000
517.000000 457.156000 520.071000 463.955000
514.840000 455.839000 517.910000 462.580000
512.153000 454.179000 515.229000 460.848000
509.027000 452.465000 512.119000 459.038000
507.238000 451.740000 510.318000 458.245000
505.376000 451.212000 508.474000 457.692000
503.496000 450.974000 506.578000 457.381000
501.611000 451.013000 504.660000 457.342000
499.775000 451.348000 502.776000 457.602000
497.958000 451.994000 500.912000 458.189000
496.220000 452.981000 499.119000 459.135000
494.494000 454.241000 497.421000 460.443000
492.987000 455.904000 495.862000 462.103000
491.709000 457.858000 494.444000 464.095000
490.493000 460.092000 493.103000 466.367000
489.283000 462.526000 491.767000 468.824000
487.992000 465.095000 490.348000 471.428000
486.582000 467.844000 488.823000 474.189000
485.077000 470.734000 487.218000 477.078000
483.453000 473.765000 485.519000 480.089000
481.737000 476.885000 483.750000 483.176000
479.972000 480.099000 481.926000 486.358000
478.165000 483.357000 480.062000 489.572000
476.368000 486.575000 478.152000 492.793000
474.548000 489.853000 476.229000 496.064000
472.705000 493.114000 474.288000 499.321000
470.840000 496.406000 472.317000 502.604000
468.926000 499.729000 470.335000 505.899000
467.005000 503.079000 468.328000 509.221000
465.062000 506.464000 466.303000 512.561000
463.126000 509.870000 464.290000 515.925000
461.215000 513.315000 462.298000 519.314000
459.259000 516.779000 460.299000 522.718000
457.280000 520.283000 458.310000 526.139000
455.284000 523.788000 456.313000 529.565000
453.260000 527.277000 454.274000 532.990000
451.272000 530.793000 452.240000 536.436000
449.310000 534.318000 450.215000 539.872000
447.362000 537.872000 448.200000 543.359000
445.394000 541.422000 446.177000 546.838000
443.387000 545.015000 444.139000 550.348000
441.382000 548.618000 442.115000 553.844000
439.368000 552.234000 440.067000 557.356000
437.348000 555.832000 437.994000 560.868000
435.294000 559.439000 435.898000 564.384000
433.224000 563.063000 433.797000 567.918000
431.149000 566.684000 431.702000 571.430000
429.076000 570.312000 429.589000 574.966000
426.949000 573.979000 427.445000 578.524000
424.840000 577.660000 425.331000 582.091000
422.728000 581.321000 423.193000 585.644000
420.620000 584.994000 421.040000 589.215000
418.519000 588.678000 418.913000 592.809000
416.430000 592.370000 416.764000 596.400000
414.295000 596.078000 414.622000 600.001000
412.177000 599.780000 412.470000 603.582000
410.052000 603.513000 410.298000 607.199000
407.937000 607.237000 408.144000 610.802000
405.781000 610.971000 405.944000 614.435000
403.635000 614.690000 403.758000 618.045000
401.524000 618.384000 401.595000 621.657000
399.454000 622.004000 399.478000 625.182000
397.420000 625.547000 397.406000 628.629000
395.425000 629.040000 395.376000 632.027000
393.429000 632.529000 393.329000 635.444000
391.438000 635.987000 391.292000 638.823000
389.458000 639.420000 389.266000 642.180000
387.483000 642.861000 387.245000 645.528000
385.550000 646.336000 385.237000 648.871000
383.659000 649.759000 383.250000 652.212000
381.749000 653.125000 381.270000 655.482000
379.827000 656.471000 379.284000 658.738000
377.825000 659.828000 377.252000 662.013000
375.826000 663.160000 375.242000 665.303000
373.834000 666.494000 373.203000 668.594000
371.833000 669.894000 371.146000 671.940000
369.830000 673.330000 369.092000 675.308000
367.786000 676.779000 367.000000 678.682000
365.739000 680.300000 364.892000 682.134000
363.681000 683.823000 362.781000 685.571000
361.602000 687.361000 360.652000 689.029000
359.542000 690.934000 358.527000 692.549000
357.497000 694.479000 356.428000 696.023000
355.431000 698.027000 354.321000 699.487000
353.405000 701.524000 352.251000 702.896000
351.360000 705.028000 350.150000 706.329000
349.335000 708.518000 348.071000 709.754000
347.306000 712.016000 345.989000 713.177000
345.258000 715.472000 343.895000 716.551000
343.237000 718.930000 341.823000 719.937000
341.216000 722.373000 339.745000 723.296000
339.215000 725.801000 337.680000 726.674000
337.198000 729.259000 335.616000 730.045000
335.202000 732.737000 333.558000 733.458000
333.379000 736.307000 331.470000 736.916000
331.460000 739.904000 329.398000 740.392000
329.431000 743.539000 327.285000 743.968000
327.356000 747.226000 325.138000 747.584000
325.266000 750.929000 322.978000 751.194000
323.196000 754.622000 320.844000 754.801000
321.113000 758.236000 318.696000 758.375000
318.973000 761.874000 316.507000 761.943000
316.918000 765.485000 314.307000 765.456000
314.874000 769.108000 312.114000 768.951000
312.834000 772.728000 309.893000 772.446000
310.759000 776.302000 307.658000 775.903000
308.646000 779.774000 305.419000 779.262000
306.455000 783.186000 303.119000 782.568000
304.164000 786.572000 300.740000 785.848000
301.793000 789.906000 298.279000 789.093000
299.321000 793.204000 295.734000 792.284000
296.736000 796.441000 293.111000 795.422000
294.037000 799.590000 290.389000 798.497000
291.215000 802.698000 287.548000 801.539000
288.176000 805.678000 284.595000 804.510000
285.125000 808.592000 281.584000 807.384000
282.041000 811.398000 278.508000 810.145000
278.985000 814.120000 275.378000 812.797000
275.912000 816.782000 272.238000 815.322000
272.749000 819.330000 269.021000 817.747000
269.521000 821.750000 265.732000 820.055000
266.217000 824.066000 262.371000 822.274000
262.894000 826.299000 258.986000 824.404000
259.527000 828.439000 255.557000 826.426000
256.140000 830.488000 252.098000 828.376000
252.722000 832.460000 248.632000 830.246000
249.311000 834.407000 245.155000 832.090000
245.927000 836.262000 241.716000 833.869000
242.552000 838.083000 238.295000 835.618000
239.169000 839.893000 234.891000 837.336000
232.377000 843.507000 228.069000 840.763000
227.887000 845.925000 223.559000 843.053000
224.531000 847.688000 220.185000 844.724000
221.160000 849.419000 216.788000 846.385000
217.775000 851.149000 213.400000 848.030000
214.400000 852.876000 210.013000 849.671000
211.014000 854.566000 206.615000 851.277000
207.616000 856.305000 203.183000 852.914000
204.166000 858.044000 199.720000 854.556000
200.676000 859.784000 196.241000 856.201000
197.169000 861.520000 192.732000 857.864000
193.677000 863.297000 189.213000 859.582000
190.223000 865.088000 185.748000 861.289000
186.766000 866.909000 182.262000 863.055000
183.337000 868.747000 178.807000 864.810000
179.895000 870.598000 175.340000 866.563000
176.465000 872.434000 171.900000 868.304000
173.021000 874.303000 168.464000 870.089000
169.603000 876.230000 165.043000 871.939000
166.210000 878.212000 161.644000 873.854000
162.887000 880.310000 158.293000 875.893000
159.622000 882.544000 155.009000 878.054000
156.421000 884.899000 151.799000 880.329000
153.310000 887.413000 148.671000 882.773000
150.251000 890.016000 145.609000 885.294000
147.285000 892.718000 142.629000 887.923000
144.322000 895.460000 139.635000 890.605000
141.392000 898.228000 136.675000 893.322000
138.431000 900.975000 133.722000 896.017000
135.430000 903.687000 130.723000 898.691000
132.434000 906.377000 127.718000 901.342000
129.412000 909.056000 124.706000 903.972000
126.376000 911.721000 121.642000 906.622000
123.426000 914.401000 118.666000 909.285000
