-0.000000 0.000000 0.000000 0.000000
-0.031067 2.888050 -0.008808 2.860110
-0.064586 5.738960 -0.007489 5.671410
-0.101303 8.535490 -0.027232 8.444930
-0.154881 12.223400 -0.061488 12.113100
-0.254852 17.634800 -0.150446 17.489300
-0.333567 21.168900 -0.231026 21.034100
-0.393368 23.757700 -0.301202 23.624300
-0.447402 26.266200 -0.379257 26.152700
-0.514723 28.669600 -0.459609 28.556900
-0.637347 32.497500 -0.605295 32.385200
-0.822501 36.085700 -0.789085 35.945600
-1.022970 40.037500 -1.002220 39.913200
-1.156520 43.592400 -1.140720 43.473900
-1.139700 46.435600 -1.128290 46.332600
-0.936956 48.975600 -0.917884 48.923800
-0.407494 51.181500 -0.370712 51.162100
0.427978 52.800300 0.486322 52.781400
1.658260 54.153400 1.726080 54.153600
3.766140 55.335400 3.815540 55.341500
6.612370 55.902800 6.735270 56.009200
9.933250 55.981800 10.120300 56.105300
13.673100 55.883300 13.928600 55.991000
17.784700 55.672100 18.270000 55.837300
22.167100 55.510100 22.654100 55.715600
26.568100 55.472600 27.179900 55.709000
30.985600 55.548600 31.820500 55.769300
35.442500 55.709300 36.379500 55.936300
40.002200 55.976300 40.955700 56.206600
44.713700 56.343900 45.626600 56.584600
49.540700 56.921600 50.549500 57.172400
54.343200 57.698500 55.187900 57.942800
56.645500 58.120300 57.502200 58.382000
58.876000 58.567300 59.746500 58.844800
62.382000 59.320900 63.215400 59.604900
65.032800 59.902200 65.930100 60.202900
68.120200 60.554400 69.075100 60.891800
71.545400 61.243800 72.617700 61.586400
74.787600 61.841800 75.894200 62.188300
78.128700 62.553000 79.193800 62.896600
81.654700 63.541100 82.733200 63.898800
85.538800 64.888100 86.627300 65.245700
89.792400 66.599400 90.864700 66.938400
93.288900 68.247500 94.326400 68.537200
97.206500 70.236100 98.299100 70.491200
100.787000 72.125500 101.873000 72.348200
104.036000 73.909800 105.208000 74.102500
107.059000 75.634200 108.268000 75.831600
109.986000 77.489900 111.189000 77.701600
113.116000 79.627700 114.269000 79.859200
116.530000 82.188900 117.632000 82.434600
120.164000 85.223900 121.219000 85.463300
123.378000 87.978200 124.445000 88.259000
125.311000 89.753600 126.289000 89.991100
127.276000 91.596900 128.271000 91.854000
129.225000 93.463900 130.230000 93.717900
131.792000 96.070400 132.802000 96.302100
133.685000 98.104400 134.714000 98.340100
135.601000 100.196000 136.617000 100.401000
137.484000 102.280000 138.513000 102.494000
139.390000 104.383000 140.419000 104.617000
141.310000 106.457000 142.327000 106.697000
143.230000 108.465000 144.260000 108.736000
145.790000 111.096000 146.794000 111.359000
147.733000 113.008000 148.746000 113.297000
151.048000 116.037000 152.005000 116.376000
153.774000 118.399000 154.709000 118.829000
156.645000 120.725000 157.539000 121.227000
158.906000 122.432000 159.791000 122.990000
162.729000 125.091000 163.647000 125.783000
167.292000 128.052000 168.149000 128.787000
171.621000 130.752000 172.498000 131.514000
175.690000 133.218000 176.643000 134.002000
179.557000 135.505000 180.577000 136.308000
183.167000 137.533000 184.236000 138.329000
186.702000 139.356000 187.914000 140.214000
190.496000 141.098000 191.688000 141.930000
194.696000 142.754000 195.941000 143.611000
196.986000 143.567000 198.267000 144.453000
200.975000 144.868000 202.279000 145.760000
206.105000 146.423000 207.419000 147.324000
211.462000 147.881000 212.894000 148.844000
217.009000 149.278000 218.559000 150.276000
222.574000 150.600000 224.215000 151.614000
228.104000 151.845000 229.828000 152.877000
233.615000 152.965000 235.447000 154.023000
239.105000 153.959000 240.952000 155.032000
244.576000 154.798000 246.595000 155.938000
249.955000 155.453000 251.915000 156.612000
253.514000 155.806000 255.450000 156.984000
258.791000 156.185000 260.946000 157.445000
264.006000 156.345000 266.195000 157.613000
269.183000 156.349000 271.526000 157.658000
272.588000 156.330000 274.939000 157.640000
275.862000 156.336000 278.244000 157.671000
279.738000 156.429000 281.987000 157.746000
283.338000 156.594000 285.733000 157.913000
287.209000 156.852000 289.604000 158.166000
290.660000 157.134000 293.050000 158.468000
293.753000 157.421000 296.119000 158.785000
296.701000 157.720000 299.194000 159.120000
300.433000 158.017000 302.977000 159.443000
304.038000 158.268000 306.650000 159.712000
308.049000 158.532000 310.633000 159.989000
312.381000 158.771000 314.870000 160.227000
315.454000 158.903000 317.910000 160.357000
320.302000 159.140000 322.809000 160.605000
325.435000 159.443000 327.869000 160.904000
328.988000 159.689000 331.375000 161.157000
331.697000 159.915000 334.144000 161.401000
335.346000 160.242000 337.806000 161.739000
338.998000 160.587000 341.514000 162.094000
342.616000 160.912000 345.096000 162.441000
345.328000 161.145000 347.792000 162.701000
348.010000 161.391000 350.502000 162.963000
351.590000 161.718000 354.062000 163.303000
354.273000 161.969000 356.723000 163.586000
356.966000 162.240000 359.413000 163.908000
359.667000 162.550000 362.069000 164.274000
363.272000 163.035000 365.593000 164.838000
368.601000 164.049000 370.927000 165.941000
372.964000 165.139000 375.278000 167.029000
377.357000 166.315000 379.703000 168.239000
382.480000 167.898000 384.912000 169.808000
387.435000 169.573000 389.931000 171.469000
392.227000 171.238000 394.849000 173.114000
396.979000 172.796000 399.580000 174.647000
401.857000 174.411000 404.513000 176.265000
406.952000 176.092000 409.730000 177.954000
412.093000 177.816000 414.894000 179.660000
417.168000 179.450000 419.904000 181.334000
421.959000 180.989000 424.615000 182.911000
426.455000 182.427000 429.131000 184.394000
430.805000 183.783000 433.514000 185.783000
435.177000 185.168000 437.888000 187.176000
439.318000 186.550000 442.133000 188.584000
443.112000 187.838000 445.966000 189.894000
446.526000 189.016000 449.418000 191.102000
450.015000 190.249000 452.951000 192.364000
453.710000 191.550000 456.709000 193.701000
456.505000 192.534000 459.601000 194.698000
459.428000 193.640000 462.606000 195.785000
461.903000 194.967000 465.098000 197.089000
464.354000 196.274000 467.562000 198.427000
466.953000 197.073000 470.145000 199.216000
468.992000 197.852000 472.174000 200.068000
470.093000 198.600000 473.254000 200.950000
