-0.000000 0.000000 0.000000 0.000000
0.002038 3.941730 -0.016073 4.011870
0.007571 7.908780 -0.033403 7.989280
0.006781 11.904300 -0.062485 12.013100
-0.005852 15.930700 -0.102446 16.069900
0.005006 19.986700 -0.118069 20.145700
-0.007369 24.072100 -0.151873 24.262700
0.001962 28.194700 -0.161716 28.391900
0.006827 32.335300 -0.176609 32.566600
0.012119 36.507900 -0.198792 36.729000
0.019429 40.704400 -0.226809 40.967100
0.026224 44.928200 -0.248006 45.236800
0.033592 49.179600 -0.274670 49.511600
0.025370 53.457200 -0.309501 53.831600
0.013229 57.745500 -0.346605 58.152700
0.002764 62.027900 -0.388885 62.419300
-0.005954 66.289400 -0.426296 66.690100
-0.027023 70.530000 -0.468485 70.984200
-0.046776 74.742500 -0.518097 75.183300
-0.052873 78.935000 -0.552496 79.403000
-0.048388 83.097200 -0.572556 83.572500
-0.075180 87.250200 -0.602158 87.737800
-0.111047 91.375200 -0.630738 91.870300
-0.169705 95.460800 -0.665807 95.998900
-0.234406 99.515100 -0.716659 100.031000
-0.286760 103.546000 -0.756061 104.073000
-0.334309 107.565000 -0.799031 108.114000
-0.394315 111.577000 -0.832569 112.059000
-0.429590 115.560000 -0.870698 116.164000
-0.430614 119.561000 -0.881173 120.181000
-0.456074 123.624000 -0.886700 124.184000
-0.470849 127.692000 -0.879981 128.198000
-0.470125 131.756000 -0.855124 132.303000
-0.466120 135.815000 -0.823566 136.323000
-0.464181 139.863000 -0.799978 140.332000
-0.474702 143.910000 -0.780223 144.311000
-0.484415 147.954000 -0.766054 148.345000
-0.497985 151.992000 -0.757806 152.351000
-0.518837 156.033000 -0.761414 156.406000
-0.490889 160.079000 -0.740916 160.450000
-0.476780 164.130000 -0.750871 164.483000
-0.449484 168.200000 -0.747933 168.567000
-0.411154 172.284000 -0.757802 172.656000
-0.358878 176.409000 -0.769741 176.802000
-0.313655 180.542000 -0.752470 181.014000
-0.318656 184.704000 -0.784871 185.177000
-0.308933 188.900000 -0.808061 189.468000
-0.300756 193.121000 -0.818176 193.695000
-0.295505 197.381000 -0.807523 198.039000
-0.332199 201.657000 -0.829800 202.306000
-0.348136 205.970000 -0.842507 206.732000
-0.342964 210.323000 -0.828581 211.053000
-0.357581 214.714000 -0.839047 215.435000
-0.360488 219.142000 -0.850855 219.847000
-0.375507 223.589000 -0.868379 224.347000
-0.378527 228.060000 -0.885937 228.879000
-0.374570 232.542000 -0.898541 233.380000
-0.378408 237.045000 -0.919679 237.862000
-0.382092 241.571000 -0.939839 242.464000
-0.377078 246.123000 -0.942116 247.029000
-0.365894 250.696000 -0.944974 251.697000
-0.356528 255.288000 -0.950928 256.317000
-0.340799 259.900000 -0.938220 260.964000
-0.325374 264.511000 -0.940136 265.593000
-0.317394 269.138000 -0.931968 270.249000
-0.314040 273.765000 -0.932845 274.830000
-0.306203 278.395000 -0.926090 279.501000
-0.276490 283.050000 -0.891952 284.324000
-0.230158 287.700000 -0.841287 289.013000
-0.192693 292.369000 -0.808786 293.601000
-0.168171 297.072000 -0.784817 298.428000
-0.143657 301.821000 -0.778753 303.231000
-0.111308 306.609000 -0.743751 308.003000
-0.093249 311.433000 -0.716674 312.851000
-0.107981 316.295000 -0.713059 317.777000
-0.103970 321.182000 -0.700256 322.663000
-0.096484 326.068000 -0.689326 327.496000
-0.074427 330.951000 -0.669422 332.441000
-0.054350 335.802000 -0.645936 337.279000
-0.042570 340.629000 -0.645941 342.026000
-0.035147 345.452000 -0.652615 346.830000
-0.041563 350.253000 -0.665840 351.664000
-0.075066 355.038000 -0.689178 356.494000
-0.109101 359.812000 -0.705413 361.300000
-0.141995 364.587000 -0.733136 366.063000
-0.185891 369.387000 -0.755359 370.914000
-0.237813 374.225000 -0.777907 375.714000
-0.270401 378.993000 -0.792938 380.491000
-0.296087 383.841000 -0.835174 385.301000
-0.316454 388.686000 -0.848398 390.182000
-0.323790 393.558000 -0.855704 395.000000
