0.000000 0.000000 0.000000 0.000000
-0.029694 3.390280 -0.030596 3.402080
-0.123858 6.989630 -0.108540 7.030200
-0.253794 11.064200 -0.236809 11.117600
-0.345120 15.748800 -0.367978 15.836700
-0.368644 18.288100 -0.440314 18.416400
-0.406558 20.990600 -0.518448 21.153000
-0.450732 23.849200 -0.611033 24.025900
-0.505576 26.794900 -0.703599 27.009700
-0.567916 29.817300 -0.791935 30.046400
-0.634186 32.902500 -0.881129 33.142000
-0.704629 36.067300 -0.979907 36.325200
-0.763742 39.277000 -1.089640 39.545200
-0.840559 42.506500 -1.201550 42.804200
-0.944805 45.707300 -1.324170 46.041900
-1.050110 48.934600 -1.447730 49.283900
-1.142900 52.159500 -1.564890 52.558000
-1.248790 55.372500 -1.673690 55.840500
-1.352180 58.600600 -1.778330 59.078200
-1.444560 61.847400 -1.878010 62.367600
-1.528090 65.085300 -1.986230 65.653400
-1.623510 68.349700 -2.108630 68.968700
-1.697570 71.606000 -2.211990 72.265400
-1.784430 74.842900 -2.311840 75.538200
-1.892750 78.044600 -2.427630 78.770300
-2.009250 81.241000 -2.548920 82.041100
-2.118150 84.381500 -2.672290 85.229300
-2.224920 87.410700 -2.793000 88.276400
-2.344770 90.265600 -2.912710 91.149100
-2.486720 92.915800 -3.060180 93.780700
-2.649590 95.352100 -3.222450 96.240600
-2.992550 99.437400 -3.551760 100.400000
-3.196720 102.604000 -3.747170 103.657000
-3.061830 105.116000 -3.594950 106.168000
-2.431750 107.285000 -2.964510 108.328000
-1.282830 109.050000 -1.838860 110.085000
0.055784 110.206000 -0.446361 111.230000
1.408130 110.857000 0.944354 111.845000
3.783820 111.364000 3.437030 112.325000
6.728520 111.518000 6.547430 112.484000
10.365300 111.412000 10.399000 112.394000
14.658300 111.336000 14.934200 112.309000
19.371500 111.225000 19.870500 112.186000
24.338200 111.128000 24.999600 112.046000
29.340300 111.019000 29.978500 111.884000
31.824400 110.950000 32.415700 111.803000
34.255600 110.896000 34.880400 111.738000
36.655700 110.832000 37.236900 111.658000
39.804400 110.731000 40.477600 111.532000
42.876100 110.594000 43.566300 111.380000
45.778700 110.472000 46.436800 111.235000
47.871100 110.382000 48.616800 111.126000
49.939500 110.289000 50.694600 111.020000
53.966400 110.084000 54.775300 110.787000
58.012500 109.725000 58.879100 110.413000
62.329400 109.265000 63.178800 109.925000
66.059700 108.857000 67.000200 109.478000
68.285700 108.648000 69.208200 109.216000
71.274100 108.316000 72.205300 108.845000
75.878900 107.783000 76.820300 108.245000
80.656200 107.159000 81.627400 107.549000
85.650200 106.499000 86.598800 106.821000
89.043300 106.076000 90.028200 106.358000
92.487300 105.675000 93.422000 105.924000
95.936500 105.268000 96.986300 105.468000
101.043000 104.696000 102.075000 104.860000
105.991000 104.117000 107.100000 104.222000
110.757000 103.531000 111.894000 103.591000
113.842000 103.109000 114.960000 103.136000
116.117000 102.766000 117.280000 102.763000
118.386000 102.411000 119.604000 102.383000
120.611000 102.053000 121.808000 101.994000
123.547000 101.547000 124.809000 101.447000
127.837000 100.640000 129.132000 100.501000
129.927000 100.066000 131.268000 99.901900
132.668000 99.216100 133.998000 99.032300
136.005000 98.134900 137.304000 97.941400
139.243000 97.119800 140.537000 96.911700
141.130000 96.554500 142.437000 96.342700
142.983000 96.034500 144.302000 95.819300
144.801000 95.539000 146.121000 95.321400
147.725000 94.841600 149.036000 94.610300
151.160000 94.251000 152.436000 94.019300
152.854000 94.142100 154.118000 93.912300
155.089000 94.139300 156.305000 93.919300
156.743000 94.093100 157.982000 93.850200
158.879000 93.906800 160.135000 93.638500
160.431000 93.669200 161.696000 93.382000
162.899000 93.161000 164.189000 92.838600
165.278000 92.622600 166.578000 92.250200
168.622000 91.810300 169.950000 91.365300
171.748000 90.896500 173.104000 90.398100
176.116000 89.513500 177.534000 88.950600
180.322000 88.255600 181.832000 87.593600
183.833000 87.409800 185.394000 86.665500
186.194000 87.244200 187.702000 86.460200
188.424000 87.525900 189.912000 86.740000
190.234000 88.157300 191.720000 87.382400
191.320000 88.781600 192.771000 88.004100
192.411000 89.600500 193.826000 88.831300
193.780000 91.087800 195.190000 90.357800
195.684000 94.121700 197.153000 93.527000
197.418000 97.970100 198.967000 97.542200
198.972000 102.487000 200.481000 102.054000
200.371000 106.591000 201.944000 106.280000
201.252000 109.169000 202.884000 108.931000
203.059000 114.350000 204.761000 114.257000
204.858000 119.562000 206.660000 119.706000
206.599000 124.790000 208.415000 124.942000
207.980000 129.071000 209.834000 129.241000
208.751000 131.553000 210.590000 131.631000
210.115000 136.111000 211.996000 136.234000
211.168000 139.969000 213.116000 140.185000
211.968000 143.023000 213.917000 143.187000
212.587000 145.739000 214.546000 145.893000
212.698000 148.309000 214.669000 148.479000
212.120000 150.688000 214.119000 150.782000
210.858000 152.646000 212.917000 152.745000
209.986000 153.386000 212.103000 153.522000
209.036000 153.976000 211.180000 154.087000
208.004000 154.357000 210.150000 154.467000
206.514000 154.664000 208.684000 154.788000
204.055000 154.916000 206.207000 155.062000
201.071000 155.005000 203.159000 155.177000
197.401000 154.857000 199.516000 155.056000
194.586000 154.754000 196.682000 154.962000
192.285000 154.760000 194.287000 154.992000
188.985000 154.903000 190.924000 155.141000
186.382000 155.122000 188.304000 155.341000
182.877000 155.503000 184.735000 155.731000
178.450000 156.008000 180.271000 156.259000
174.881000 156.428000 176.622000 156.702000
172.211000 156.746000 173.995000 157.021000
169.532000 157.058000 171.334000 157.335000
166.857000 157.368000 168.646000 157.645000
164.166000 157.688000 165.938000 157.972000
161.544000 158.015000 163.288000 158.302000
158.917000 158.348000 160.629000 158.642000
156.307000 158.686000 157.973000 158.981000
152.830000 159.144000 154.503000 159.432000
149.301000 159.622000 150.941000 159.888000
144.824000 160.257000 146.431000 160.519000
142.090000 160.640000 143.718000 160.891000
139.316000 161.019000 140.927000 161.267000
135.547000 161.464000 137.147000 161.695000
132.677000 161.749000 134.239000 161.983000
129.767000 162.034000 131.296000 162.277000
126.824000 162.314000 128.327000 162.572000
121.952000 162.748000 123.414000 163.022000
119.040000 162.998000 120.516000 163.278000
116.126000 163.248000 117.585000 163.535000
113.213000 163.504000 114.625000 163.800000
110.299000 163.762000 111.724000 164.061000
107.386000 164.015000 108.784000 164.329000
104.478000 164.269000 105.867000 164.592000
101.572000 164.514000 102.988000 164.839000
98.680100 164.752000 100.027000 165.091000
95.779500 165.025000 97.109100 165.378000
92.886500 165.326000 94.158400 165.688000
89.971900 165.637000 91.235200 166.003000
87.096100 165.963000 88.333100 166.329000
84.184100 166.305000 85.423500 166.663000
81.265600 166.646000 82.533600 166.990000
78.338900 166.974000 79.556800 167.314000
74.424800 167.427000 75.686800 167.756000
71.472600 167.755000 72.745600 168.081000
68.508300 168.070000 69.727900 168.398000
65.536300 168.354000 66.729300 168.682000
62.542100 168.615000 63.704100 168.943000
59.539300 168.859000 60.658600 169.194000
56.534100 169.103000 57.671200 169.432000
53.536300 169.343000 54.673500 169.668000
50.561600 169.567000 51.657200 169.898000
47.611800 169.776000 48.718500 170.102000
44.681800 169.959000 45.806100 170.283000
41.781800 170.125000 42.907400 170.443000
38.907200 170.278000 40.005000 170.602000
36.068800 170.426000 37.156200 170.758000
33.290000 170.561000 34.368400 170.896000
30.581800 170.679000 31.665200 171.009000
27.954800 170.777000 29.002500 171.107000
25.405500 170.857000 26.439100 171.196000
22.986200 170.916000 24.012700 171.277000
19.944300 171.028000 20.982600 171.404000
17.028200 171.183000 18.024600 171.564000
12.875800 171.447000 13.822000 171.835000
9.120530 171.740000 10.074500 172.120000
5.941200 172.090000 6.807750 172.447000
3.262750 172.549000 4.081650 172.884000
1.066700 173.186000 1.804890 173.500000
-0.774407 174.082000 0.004887 174.343000
-2.298970 175.308000 -1.563450 175.510000
-3.613630 177.056000 -2.888900 177.219000
-4.658890 179.398000 -3.905290 179.558000
-5.273350 182.524000 -4.506420 182.771000
-5.394180 186.293000 -4.587070 186.698000
-5.376080 190.633000 -4.560810 191.276000
-5.414880 195.395000 -4.614160 196.116000
-5.489710 200.280000 -4.733380 201.058000
-5.574640 205.230000 -4.859000 206.062000
-5.692120 209.294000 -5.027860 210.238000
-5.836100 213.232000 -5.205420 214.212000
-5.970020 216.847000 -5.363580 217.816000
-6.145730 220.567000 -5.576100 221.642000
-6.308440 223.545000 -5.762780 224.678000
-6.236170 226.152000 -5.702850 227.320000
-5.705410 228.552000 -5.160100 229.734000
-4.639220 230.599000 -4.118950 231.747000
-3.051120 232.292000 -2.513380 233.518000
-0.874758 233.542000 -0.264283 234.775000
1.451820 234.167000 2.153520 235.398000
4.818400 234.522000 5.677010 235.742000
8.074200 234.506000 9.072240 235.692000
10.950000 234.353000 12.020500 235.506000
15.698200 234.114000 16.861300 235.229000
19.726200 233.956000 20.918400 235.052000
23.000400 233.896000 24.294300 234.954000
26.276700 233.893000 27.561500 234.912000
28.754700 233.888000 30.024000 234.867000
31.234500 233.863000 32.477900 234.819000
34.522700 233.842000 35.795400 234.759000
36.968600 233.805000 38.306100 234.689000
41.762800 233.684000 43.172700 234.525000
46.458400 233.547000 47.966100 234.359000
51.045200 233.390000 52.585600 234.176000
55.550300 233.252000 57.122700 234.000000
59.173700 233.123000 60.754100 233.842000
63.454400 233.030000 65.041600 233.723000
66.907900 232.934000 68.544400 233.611000
70.238100 232.832000 71.853100 233.495000
74.103500 232.726000 75.757400 233.369000
77.861800 232.553000 79.586200 233.197000
81.745800 232.254000 83.502700 232.907000
85.969600 231.795000 87.744000 232.448000
89.024100 231.380000 90.796700 232.026000
91.467800 231.021000 93.253000 231.663000
94.900900 230.520000 96.797500 231.143000
97.624100 230.132000 99.532200 230.756000
100.455000 229.778000 102.350000 230.407000
103.377000 229.468000 105.278000 230.086000
106.348000 229.193000 108.239000 229.807000
109.350000 228.921000 111.233000 229.529000
112.367000 228.650000 114.247000 229.254000
115.372000 228.394000 117.268000 229.003000
118.355000 228.153000 120.273000 228.764000
121.331000 227.930000 123.275000 228.544000
124.289000 227.734000 126.192000 228.346000
127.217000 227.574000 129.137000 228.187000
130.110000 227.426000 132.097000 228.022000
132.962000 227.260000 134.976000 227.848000
135.796000 227.099000 137.797000 227.682000
138.590000 226.919000 140.620000 227.495000
141.363000 226.703000 143.406000 227.272000
144.133000 226.441000 146.184000 227.009000
146.902000 226.123000 149.000000 226.683000
149.665000 225.721000 151.764000 226.277000
152.426000 225.231000 154.517000 225.792000
156.104000 224.435000 158.224000 224.986000
158.853000 223.736000 161.005000 224.284000
161.603000 223.016000 163.785000 223.565000
165.293000 222.111000 167.497000 222.663000
168.052000 221.507000 170.258000 222.057000
172.652000 220.646000 174.877000 221.174000
176.246000 220.043000 178.478000 220.572000
178.819000 219.634000 181.063000 220.145000
181.257000 219.252000 183.551000 219.747000
183.679000 218.884000 185.977000 219.362000
186.883000 218.363000 189.173000 218.818000
189.238000 217.971000 191.548000 218.412000
192.361000 217.486000 194.681000 217.914000
194.669000 217.159000 196.985000 217.584000
196.962000 216.856000 199.276000 217.275000
200.697000 216.403000 203.006000 216.804000
204.639000 215.925000 207.035000 216.297000
208.163000 215.447000 210.629000 215.837000
211.132000 214.943000 213.643000 215.364000
214.254000 214.240000 216.841000 214.724000
216.878000 213.413000 219.546000 213.931000
219.819000 211.889000 222.664000 212.369000
221.895000 210.117000 224.739000 210.536000
223.767000 207.624000 226.616000 207.977000
225.247000 204.454000 228.082000 204.713000
226.041000 200.700000 228.877000 200.759000
225.976000 196.591000 228.697000 196.640000
225.430000 192.957000 228.084000 192.940000
224.270000 188.432000 226.879000 188.268000
222.660000 183.771000 225.225000 183.579000
221.190000 179.799000 223.782000 179.764000
220.307000 177.397000 222.898000 177.413000
219.483000 174.996000 222.075000 175.050000
218.254000 171.065000 220.831000 171.046000
217.612000 168.845000 220.203000 168.845000
217.026000 166.792000 219.623000 166.786000
216.293000 164.277000 218.880000 164.244000
215.198000 160.946000 217.762000 160.817000
213.854000 158.088000 216.401000 157.935000
211.965000 155.873000 214.493000 155.665000
209.587000 154.410000 212.092000 154.207000
207.289000 153.779000 209.792000 153.618000
204.109000 153.563000 206.572000 153.471000
200.497000 153.690000 202.866000 153.662000
196.372000 154.070000 198.671000 154.119000
193.347000 154.350000 195.622000 154.446000
189.288000 154.765000 191.451000 154.884000
186.708000 155.043000 188.819000 155.182000
184.027000 155.361000 186.115000 155.511000
181.272000 155.712000 183.333000 155.875000
178.461000 156.059000 180.477000 156.235000
175.624000 156.401000 177.605000 156.584000
172.794000 156.735000 174.763000 156.927000
169.956000 157.068000 171.950000 157.267000
167.148000 157.410000 169.123000 157.617000
164.357000 157.756000 166.286000 157.975000
161.586000 158.104000 163.508000 158.325000
158.826000 158.448000 160.731000 158.678000
156.060000 158.797000 157.931000 159.033000
153.294000 159.152000 155.150000 159.388000
150.510000 159.529000 152.338000 159.759000
145.814000 160.206000 147.636000 160.427000
142.964000 160.610000 144.797000 160.822000
140.057000 160.997000 141.917000 161.201000
136.081000 161.455000 137.909000 161.655000
133.044000 161.745000 134.852000 161.949000
129.955000 162.035000 131.747000 162.236000
126.807000 162.331000 128.564000 162.538000
123.621000 162.614000 125.361000 162.830000
120.428000 162.892000 122.171000 163.102000
117.233000 163.180000 118.968000 163.383000
114.041000 163.476000 115.742000 163.677000
110.848000 163.771000 112.514000 163.971000
107.659000 164.063000 109.323000 164.258000
104.468000 164.349000 106.138000 164.539000
101.282000 164.630000 102.957000 164.815000
98.099200 164.929000 99.708600 165.123000
94.891000 165.287000 96.474900 165.482000
91.675400 165.680000 93.223400 165.870000
88.454200 166.096000 90.000800 166.284000
85.210400 166.528000 86.769500 166.710000
81.944100 166.960000 83.513600 167.139000
77.534400 167.504000 79.086000 167.679000
74.178400 167.871000 75.745800 168.048000
70.781000 168.206000 72.346800 168.378000
67.348600 168.533000 68.916300 168.705000
63.877400 168.835000 65.407000 169.016000
60.375700 169.113000 61.904400 169.296000
56.891800 169.366000 58.398300 169.550000
53.424100 169.604000 54.922500 169.784000
49.976400 169.831000 51.446200 170.014000
46.564200 170.046000 48.054800 170.224000
43.173900 170.254000 44.693100 170.426000
39.839200 170.430000 41.356000 170.603000
36.592200 170.583000 38.114100 170.754000
33.462700 170.718000 34.946400 170.898000
30.488300 170.829000 31.924100 171.014000
27.650300 170.927000 29.075000 171.105000
24.960300 171.007000 26.347400 171.191000
22.417500 171.094000 23.787400 171.277000
20.020700 171.240000 21.393600 171.407000
17.201800 171.658000 18.303200 171.708000
12.980400 172.284000 14.028200 172.383000
8.838190 172.908000 10.125300 173.085000
5.611290 173.387000 6.869180 173.572000
2.929190 173.680000 4.114190 173.890000
-0.128030 173.962000 0.988792 174.157000
-2.997580 174.095000 -1.900390 174.288000
-5.904320 174.187000 -4.790440 174.378000
-9.205890 174.363000 -8.121570 174.570000
-11.803500 174.479000 -10.659900 174.692000
-13.919100 174.528000 -12.768100 174.741000
-16.222300 174.591000 -15.058900 174.812000
-19.515500 174.657000 -18.364400 174.881000
-22.153200 174.695000 -21.003600 174.937000
-25.825200 174.752000 -24.676700 175.010000
-28.697900 174.812000 -27.522000 175.074000
-31.664300 174.901000 -30.490200 175.161000
-34.686500 175.005000 -33.524700 175.265000
-38.803600 175.134000 -37.664600 175.385000
-41.948400 175.221000 -40.795900 175.467000
-45.122500 175.319000 -43.951200 175.557000
-49.374400 175.443000 -48.204900 175.673000
-52.557400 175.526000 -51.416700 175.745000
-55.757600 175.616000 -54.628500 175.828000
-58.925900 175.703000 -57.777800 175.911000
-62.130100 175.805000 -61.006800 176.013000
-65.328100 175.907000 -64.189100 176.108000
-68.537700 176.003000 -67.427300 176.202000
-71.749200 176.081000 -70.625300 176.273000
-74.976500 176.146000 -73.861200 176.338000
-78.208800 176.218000 -77.117300 176.408000
-81.447100 176.258000 -80.337800 176.450000
-84.692200 176.291000 -83.587400 176.487000
-87.936800 176.289000 -86.826100 176.489000
-91.211300 176.258000 -90.125900 176.468000
-94.484400 176.205000 -93.395200 176.429000
-97.757000 176.122000 -96.683400 176.360000
-101.045000 176.004000 -99.978600 176.263000
-104.339000 175.862000 -103.264000 176.154000
-107.640000 175.695000 -106.530000 176.016000
-110.949000 175.520000 -109.834000 175.865000
-114.268000 175.326000 -113.195000 175.693000
-117.599000 175.123000 -116.535000 175.511000
-120.943000 174.923000 -119.914000 175.324000
-124.294000 174.719000 -123.268000 175.130000
-127.663000 174.506000 -126.619000 174.927000
-131.049000 174.295000 -130.045000 174.725000
-134.443000 174.072000 -133.449000 174.512000
-137.847000 173.848000 -136.864000 174.296000
-141.262000 173.635000 -140.271000 174.090000
-144.675000 173.416000 -143.647000 173.884000
-148.093000 173.189000 -147.053000 173.670000
-151.507000 172.967000 -150.499000 173.466000
-154.902000 172.728000 -153.892000 173.248000
-158.293000 172.495000 -157.289000 173.041000
-161.632000 172.250000 -160.601000 172.825000
-164.975000 172.023000 -163.972000 172.626000
-168.236000 171.803000 -167.282000 172.428000
-171.502000 171.597000 -170.472000 172.247000
-174.668000 171.360000 -173.647000 172.025000
-177.746000 171.132000 -176.757000 171.816000
-180.803000 170.903000 -179.817000 171.607000
-183.779000 170.688000 -182.813000 171.406000
-186.702000 170.476000 -185.741000 171.210000
-189.566000 170.268000 -188.568000 171.021000
-192.391000 170.071000 -191.374000 170.840000
-195.150000 169.858000 -194.123000 170.639000
-198.778000 169.550000 -197.780000 170.342000
-202.317000 169.176000 -201.300000 169.983000
-207.480000 168.431000 -206.493000 169.264000
-211.647000 167.751000 -210.688000 168.629000
-214.818000 167.254000 -213.887000 168.171000
-217.089000 167.005000 -216.183000 167.939000
-219.272000 166.870000 -218.385000 167.814000
-221.357000 166.819000 -220.498000 167.779000
-224.615000 166.963000 -223.818000 167.951000
-228.107000 167.420000 -227.293000 168.416000
-231.179000 168.018000 -230.335000 169.016000
-233.871000 168.462000 -232.997000 169.464000
-236.139000 168.528000 -235.294000 169.545000
-238.042000 168.099000 -237.177000 169.126000
-239.680000 167.281000 -238.833000 168.331000
-241.052000 166.207000 -240.244000 167.302000
-242.552000 164.780000 -241.747000 165.901000
-243.957000 163.041000 -243.150000 164.190000
-244.988000 161.117000 -244.191000 162.264000
-245.815000 158.552000 -245.040000 159.657000
-246.482000 155.841000 -245.724000 156.853000
-247.176000 151.724000 -246.421000 152.560000
-247.681000 146.671000 -246.945000 147.329000
-247.930000 143.834000 -247.195000 144.450000
-248.192000 140.784000 -247.455000 141.405000
-248.443000 137.527000 -247.715000 138.102000
-248.689000 134.054000 -247.968000 134.630000
-248.939000 130.508000 -248.230000 131.056000
-249.156000 126.990000 -248.453000 127.519000
-249.339000 123.462000 -248.641000 124.023000
-249.513000 119.932000 -248.829000 120.464000
-249.655000 116.406000 -248.972000 116.947000
-249.779000 112.906000 -249.106000 113.446000
-249.902000 109.425000 -249.237000 109.955000
-250.013000 105.963000 -249.352000 106.516000
-250.100000 102.525000 -249.450000 103.074000
-250.169000 99.118700 -249.521000 99.677400
-250.225000 95.723200 -249.585000 96.301900
-250.283000 92.368800 -249.653000 92.954100
-250.362000 89.037500 -249.747000 89.624800
-250.498000 85.742800 -249.886000 86.322400
-250.642000 82.449400 -250.035000 83.021700
-250.786000 79.188700 -250.184000 79.762000
-250.964000 75.918700 -250.365000 76.514000
-251.126000 72.636700 -250.543000 73.219600
-251.297000 69.380600 -250.728000 69.966400
-251.457000 66.142900 -250.900000 66.739300
-251.593000 62.920700 -251.045000 63.540400
-251.712000 59.725500 -251.176000 60.337300
-251.814000 56.546500 -251.283000 57.156000
-251.906000 53.387300 -251.382000 53.997900
-251.999000 50.257700 -251.485000 50.893600
-252.102000 47.147000 -251.595000 47.785300
-252.285000 43.039200 -251.802000 43.683000
-252.625000 36.956400 -252.161000 37.626300
-252.930000 31.965800 -252.491000 32.651200
-253.098000 28.028900 -252.664000 28.753400
-253.102000 24.130400 -252.684000 24.867600
-252.993000 21.241300 -252.584000 22.004800
-252.628000 17.426200 -252.239000 18.237800
-251.476000 11.778300 -251.121000 12.621500
-250.609000 8.989690 -250.257000 9.856070
-249.523000 6.226440 -249.184000 7.116520
-248.227000 3.510400 -247.931000 4.423250
-246.714000 0.853569 -246.458000 1.779810
-245.012000 -1.755500 -244.785000 -0.819730
-243.148000 -4.341980 -242.949000 -3.422840
-241.203000 -6.934220 -241.018000 -6.043130
-239.205000 -9.558650 -239.034000 -8.694190
-237.154000 -12.229100 -236.996000 -11.381700
-235.131000 -14.883700 -234.957000 -14.087300
-233.151000 -17.580200 -232.964000 -16.830600
-231.249000 -20.297700 -231.051000 -19.597200
-229.433000 -23.052300 -229.235000 -22.396300
-227.695000 -25.815500 -227.495000 -25.212900
-225.981000 -28.557800 -225.781000 -28.007300
-224.309000 -31.275800 -224.110000 -30.765000
-222.658000 -33.962800 -222.467000 -33.468000
-221.036000 -36.615700 -220.863000 -36.137400
-219.454000 -39.194900 -219.285000 -38.751700
-217.954000 -41.600400 -217.781000 -41.206200
-215.634000 -45.096300 -215.467000 -44.742700
-213.203000 -48.453000 -213.018000 -48.172000
-211.050000 -51.103500 -210.872000 -50.865500
-208.996000 -53.182500 -208.855000 -52.942300
-206.381000 -54.881000 -206.299000 -54.654300
-204.511000 -55.514200 -204.438000 -55.332300
-202.693000 -55.791000 -202.613000 -55.642300
-200.405000 -55.775600 -200.320000 -55.625700
-197.459000 -55.309900 -197.357000 -55.166800
-193.807000 -54.237500 -193.670000 -54.099000
-190.391000 -52.693600 -190.203000 -52.545600
-188.230000 -51.420100 -187.982000 -51.235700
-185.994000 -49.947800 -185.740000 -49.763800
-182.849000 -47.788100 -182.555000 -47.590700
-180.360000 -46.112000 -180.038000 -45.909800
-177.745000 -44.361200 -177.365000 -44.129300
-175.014000 -42.559900 -174.589000 -42.300300
-172.161000 -40.715900 -171.718000 -40.466800
-169.196000 -38.863800 -168.695000 -38.606800
-166.122000 -37.039800 -165.550000 -36.769700
-162.993000 -35.250500 -162.367000 -34.982300
-159.803000 -33.517300 -159.131000 -33.259900
-156.578000 -31.863300 -155.878000 -31.609800
-153.354000 -30.271800 -152.604000 -30.021100
-150.138000 -28.708100 -149.365000 -28.457900
-146.931000 -27.133700 -146.104000 -26.879200
-142.641000 -25.057000 -141.758000 -24.803000
-139.403000 -23.486300 -138.475000 -23.245700
-136.173000 -21.934700 -135.199000 -21.696100
-132.945000 -20.377100 -131.889000 -20.116200
-129.755000 -18.849300 -128.662000 -18.591200
-126.595000 -17.311800 -125.475000 -17.060400
-123.482000 -15.777200 -122.351000 -15.537400
-120.382000 -14.275300 -119.205000 -14.025500
-117.291000 -12.878700 -116.064000 -12.624800
-114.141000 -11.587500 -112.879000 -11.342000
-110.986000 -10.399800 -109.685000 -10.160800
-106.766000 -8.864290 -105.392000 -8.615040
-103.575000 -7.760120 -102.202000 -7.517570
-100.383000 -6.646980 -98.980500 -6.397480
-96.134100 -5.250180 -94.643500 -5.000960
-92.897000 -4.291720 -91.330700 -4.043400
-89.650400 -3.413660 -88.026300 -3.177170
-86.373100 -2.610900 -84.726700 -2.402280
-83.080900 -1.875300 -81.362700 -1.668440
-79.793100 -1.185020 -78.031800 -0.997688
-76.511200 -0.513200 -74.714900 -0.346508
-73.251600 0.114807 -71.419900 0.263662
-70.006800 0.722953 -68.129000 0.851765
-66.773000 1.313420 -64.869500 1.424940
-63.556200 1.869260 -61.647400 1.957100
-60.360400 2.402350 -58.429800 2.465590
-57.179100 2.922340 -55.205100 2.972600
-54.025800 3.418970 -52.005200 3.453380
-50.909800 3.888600 -48.851000 3.907750
-47.800700 4.328700 -45.713500 4.326030
-44.731300 4.727660 -42.615900 4.710270
-41.680500 5.102230 -39.565100 5.070810
-38.675500 5.453220 -36.529200 5.407930
-35.745500 5.782570 -33.604200 5.722210
-32.913500 6.092160 -30.764500 6.031270
-30.186900 6.375920 -28.015900 6.312950
-27.554300 6.639510 -25.371200 6.566840
-25.099500 6.878690 -22.878100 6.801370
-22.816000 7.091690 -20.556900 7.016540
-19.362300 7.426240 -17.061100 7.342970
-15.780800 7.743640 -13.446900 7.658630
-12.895400 7.961590 -10.536000 7.880380
-10.287400 8.195050 -7.889860 8.112510
-7.791720 8.786060 -5.387660 8.678560
-6.183680 9.491640 -3.863030 9.364540
-4.550620 10.781700 -2.270770 10.586700
-2.862180 12.992700 -0.565164 12.760900
-1.456350 16.318600 0.817126 16.139700
-0.548150 20.675400 1.720550 20.650000
-0.345650 24.974200 1.867060 24.953800
-0.387238 28.818500 1.753810 28.801600
-0.443525 31.935100 1.642960 31.950400
-0.493185 35.252000 1.543020 35.317200
-0.558895 38.686200 1.439880 38.770600
-0.638781 42.134800 1.326510 42.280500
-0.739454 45.564300 1.192660 45.754600
-0.850380 48.997000 1.052110 49.219700
-0.957993 52.396600 0.904929 52.673600
-1.058520 55.761200 0.768654 56.095800
-1.153350 59.132200 0.641985 59.499900
-1.238850 62.463900 0.519457 62.874400
-1.337330 65.762700 0.389210 66.228500
-1.442690 69.061600 0.247517 69.582800
-1.531720 72.330800 0.129182 72.870200
-1.625770 75.568300 0.009289 76.128000
-1.736260 78.780700 -0.121366 79.343700
-1.856480 81.972500 -0.266965 82.572500
-1.977120 85.139100 -0.404248 85.761700
-2.103770 88.286400 -0.550702 88.916700
-2.226840 91.405500 -0.687427 92.043800
-2.336050 94.508200 -0.813339 95.113400
-2.437820 97.590200 -0.930763 98.179100
-2.516260 100.632000 -1.026480 101.259000
-2.573630 103.688000 -1.101660 104.351000
-2.591380 106.681000 -1.132700 107.378000
-2.613520 109.679000 -1.175800 110.351000
-2.643630 112.748000 -1.225820 113.411000
-2.670820 115.896000 -1.276430 116.545000
-2.704280 119.120000 -1.338410 119.767000
-2.753130 122.390000 -1.407050 123.053000
-2.818490 125.767000 -1.489210 126.476000
-2.894670 129.194000 -1.587670 129.932000
-2.989270 132.663000 -1.689490 133.440000
-3.098990 136.118000 -1.824520 136.877000
-3.223180 139.555000 -1.971500 140.281000
-3.349040 142.960000 -2.118150 143.730000
-3.477540 146.351000 -2.267180 147.163000
-3.624480 149.680000 -2.438030 150.480000
-3.754720 152.939000 -2.590590 153.719000
-3.868960 156.123000 -2.728700 156.908000
-3.996790 160.276000 -2.889490 161.105000
-4.071650 163.334000 -2.985220 164.211000
-4.122560 166.369000 -3.058930 167.300000
-4.194280 169.381000 -3.159790 170.334000
-4.264260 172.440000 -3.251860 173.354000
-4.319750 175.547000 -3.336920 176.447000
-4.393170 178.706000 -3.440240 179.619000
-4.501450 181.893000 -3.581050 182.810000
-4.607670 185.156000 -3.722680 186.116000
-4.701220 188.478000 -3.851040 189.475000
-4.806530 191.850000 -3.991000 192.899000
-4.887290 195.207000 -4.102110 196.260000
-4.976510 198.566000 -4.229470 199.581000
-5.057620 201.891000 -4.344330 202.947000
-5.132020 205.179000 -4.455960 206.258000
-5.210160 208.394000 -4.565280 209.499000
-5.281370 211.452000 -4.652090 212.559000
-5.354880 214.366000 -4.738090 215.463000
-5.416050 217.206000 -4.802180 218.309000
-5.483240 220.944000 -4.889600 222.061000
-5.516510 223.722000 -4.929260 224.887000
-5.552130 227.420000 -4.969150 228.619000
-5.574280 230.189000 -4.997210 231.394000
-5.665680 233.028000 -5.094750 234.220000
-5.826840 235.935000 -5.267340 237.113000
-6.024780 238.900000 -5.482690 240.072000
-6.173460 241.967000 -5.653720 243.133000
-6.311470 245.130000 -5.813330 246.292000
-6.472200 248.419000 -5.987980 249.595000
-6.614430 251.820000 -6.139750 253.029000
-6.746370 255.311000 -6.298100 256.513000
-6.881150 258.850000 -6.465570 260.046000
-7.013520 262.362000 -6.632830 263.571000
-7.131030 265.841000 -6.784350 267.039000
-7.243240 269.311000 -6.927400 270.497000
-7.373620 272.726000 -7.086540 273.881000
-7.486340 276.076000 -7.227110 277.258000
-7.607880 279.313000 -7.368170 280.510000
-7.739180 282.409000 -7.527630 283.622000
-7.871950 285.368000 -7.683840 286.615000
-8.012240 288.186000 -7.844110 289.474000
-8.229550 292.834000 -8.102980 294.201000
-8.352570 295.587000 -8.246590 296.983000
-8.469170 299.300000 -8.392100 300.734000
-8.517480 302.132000 -8.460400 303.570000
-8.539300 305.033000 -8.512510 306.481000
-8.525270 308.012000 -8.524600 309.505000
-8.470880 311.080000 -8.495640 312.590000
-8.389100 314.234000 -8.437430 315.760000
-8.262020 317.437000 -8.336220 319.029000
-8.095540 320.709000 -8.191230 322.320000
-7.881870 324.056000 -8.000640 325.669000
-7.607920 327.445000 -7.760060 329.099000
-7.322560 330.898000 -7.511590 332.562000
-7.028230 334.443000 -7.246610 336.118000
-6.734160 338.049000 -6.984030 339.719000
-6.445910 341.658000 -6.722650 343.300000
-6.181210 345.219000 -6.487120 346.843000
-5.935450 348.773000 -6.260500 350.428000
-5.716450 352.280000 -6.054740 353.941000
-5.509190 355.746000 -5.860900 357.422000
-5.307420 359.176000 -5.679000 360.864000
-5.144170 362.563000 -5.541110 364.249000
-5.000050 365.885000 -5.419190 367.560000
-4.851690 369.178000 -5.301210 370.852000
