0.000000 0.000000 0.000000 0.000000
-0.361651 1.788640 -0.403844 1.778090
-1.103630 3.142080 -1.115610 3.080820
-2.187840 4.215880 -2.152290 4.141970
-3.836960 5.057270 -3.813110 5.022120
-5.701360 5.401690 -5.773530 5.389020
-7.950410 5.389280 -8.229450 5.368740
-11.152700 5.088360 -11.678300 5.015580
-15.593700 4.630000 -16.171500 4.514040
-19.988300 4.223120 -20.482100 4.066270
-23.164100 3.971020 -23.793200 3.787910
-26.461400 3.716340 -27.038700 3.509280
-29.837200 3.418460 -30.476200 3.197390
-32.354400 3.198820 -33.054300 2.954470
-34.860000 2.980360 -35.589600 2.716630
-38.214800 2.706980 -38.961700 2.429840
-42.365200 2.363070 -43.051700 2.071970
-47.307400 1.959120 -48.013100 1.639580
-50.532500 1.659370 -51.183800 1.324200
-52.915900 1.416810 -53.586100 1.073180
-55.263000 1.184700 -55.954400 0.812422
-58.330400 0.883063 -59.025300 0.485461
-62.620200 0.461718 -63.367100 0.029957
-66.375600 0.255567 -67.151900 -0.203941
-69.403800 0.611089 -70.168900 0.122832
-71.814200 1.753830 -72.582700 1.213410
-73.659300 3.554380 -74.420600 3.035170
-74.615100 5.155830 -75.338500 4.704010
-75.692000 8.281090 -76.460900 7.975150
-76.492900 12.091500 -77.297600 11.924300
-77.040900 16.446800 -77.891400 16.386100
-77.337200 19.534000 -78.209400 19.423900
-77.622100 23.377700 -78.529500 23.274200
-77.789600 25.654800 -78.737300 25.613000
-77.969000 27.939200 -78.920500 27.912800
-78.155500 30.945700 -79.126100 30.942700
-78.295000 33.230800 -79.268800 33.247800
-78.449700 35.561500 -79.420600 35.589900
-78.700400 38.735200 -79.673200 38.775000
-79.029000 42.874300 -80.034600 42.918000
-79.246700 45.438600 -80.272100 45.486000
-79.445300 48.031700 -80.491700 48.134900
-79.633900 50.656300 -80.679600 50.742300
-79.900400 54.113500 -80.956000 54.213900
-80.092700 56.670600 -81.136200 56.667600
-80.280900 59.213100 -81.329700 59.268900
-80.474000 61.695700 -81.529600 61.736300
-80.696000 64.136300 -81.761900 64.185900
-80.945200 66.559300 -82.027900 66.553800
-81.219200 68.948800 -82.311300 68.960900
-81.542300 71.291900 -82.631200 71.262900
-81.910900 73.584700 -83.006700 73.617200
-82.327000 75.852000 -83.402100 75.894500
-82.765600 78.069200 -83.842300 78.138600
-83.284100 80.281000 -84.356800 80.335000
-83.856400 82.430700 -84.956000 82.477800
-84.727500 85.303000 -85.861800 85.311700
-85.996300 88.820800 -87.156300 88.827100
-86.860400 90.918100 -88.024100 90.942000
-87.802500 93.003500 -88.970900 93.047200
-88.749000 95.068200 -89.919300 95.138000
-89.748000 97.163500 -90.927200 97.237200
-90.774900 99.219500 -91.963700 99.321700
-91.840000 101.277000 -93.026400 101.360000
-92.914800 103.296000 -94.086000 103.353000
-94.015100 105.267000 -95.192600 105.353000
-95.123400 107.188000 -96.295700 107.298000
-96.920800 110.248000 -98.081900 110.367000
-98.843500 113.406000 -99.992900 113.507000
-100.399000 115.861000 -101.554000 116.008000
-102.229000 118.326000 -103.344000 118.476000
-103.773000 119.624000 -104.819000 119.781000
-104.931000 120.185000 -105.932000 120.348000
-106.341000 120.554000 -107.252000 120.674000
-108.347000 120.591000 -109.213000 120.684000
-110.736000 119.969000 -111.656000 120.052000
-112.497000 119.062000 -113.488000 119.118000
-114.876000 117.376000 -115.811000 117.409000
-118.086000 114.835000 -119.069000 114.741000
-121.687000 111.858000 -122.797000 111.579000
-125.637000 108.501000 -126.943000 108.039000
-128.462000 106.101000 -129.820000 105.565000
-130.662000 104.215000 -131.994000 103.661000
-132.923000 102.303000 -134.079000 101.822000
-135.189000 100.390000 -136.339000 99.833300
-138.227000 97.827800 -139.347000 97.197500
-140.511000 95.904200 -141.596000 95.218600
-142.770000 93.978900 -143.836000 93.233900
-145.041000 92.048900 -146.081000 91.246900
-147.307000 90.139300 -148.322000 89.274800
-149.601000 88.237000 -150.553000 87.348500
-151.867000 86.349900 -152.768000 85.423800
-154.132000 84.456800 -155.016000 83.474900
-156.374000 82.579100 -157.230000 81.549000
-158.603000 80.703500 -159.435000 79.619900
-160.780000 78.844300 -161.583000 77.734500
-162.940000 76.994100 -163.723000 75.852000
-165.093000 75.170200 -165.817000 74.016600
-167.242000 73.372100 -167.953000 72.167100
-169.381000 71.612700 -169.998000 70.392900
-171.472000 69.905700 -172.056000 68.613500
-173.494000 68.270000 -174.024000 66.917300
-175.419000 66.698100 -175.915000 65.283600
-178.445000 64.197400 -178.897000 62.722400
-181.142000 61.860600 -181.616000 60.377200
-183.975000 59.235700 -184.409000 57.771500
-186.187000 56.537600 -186.545000 55.092600
-187.423000 53.694200 -187.713000 52.373100
-187.741000 50.803400 -188.037000 49.527100
-187.245000 48.083200 -187.478000 46.883000
-186.000000 45.620600 -186.144000 44.495300
-184.287000 43.257200 -184.312000 42.221500
-182.261000 40.777400 -182.211000 39.783000
-180.727000 38.951800 -180.634000 37.984000
-179.493000 37.459100 -179.369000 36.525800
-177.684000 35.296200 -177.531000 34.393600
-175.696000 32.922100 -175.481000 32.001000
-173.002000 29.696000 -172.710000 28.769800
-171.288000 27.660600 -170.955000 26.704600
-169.531000 25.546200 -169.150000 24.584800
-166.582000 21.908700 -166.116000 20.988900
-164.257000 18.992500 -163.695000 18.109900
-162.525000 16.856800 -161.927000 16.032100
-160.803000 14.712100 -160.156000 13.923900
-159.134000 12.591000 -158.425000 11.822800
-156.653000 8.940910 -155.816000 8.184070
-155.074000 5.854250 -154.139000 5.116060
-154.180000 3.475260 -153.195000 2.783770
-153.486000 1.004300 -152.452000 0.332550
-152.946000 -1.551020 -151.836000 -2.254150
-152.535000 -4.184410 -151.371000 -4.888720
-152.230000 -6.932670 -151.017000 -7.636290
-151.931000 -9.767270 -150.668000 -10.423100
-151.591000 -12.686000 -150.266000 -13.359000
-151.254000 -15.709700 -149.866000 -16.380000
-150.899000 -18.794500 -149.446000 -19.480400
-150.542000 -21.935200 -149.028000 -22.598600
-150.210000 -25.093900 -148.642000 -25.739900
-149.892000 -28.243200 -148.251000 -28.860100
-149.588000 -31.365200 -147.871000 -31.982500
-149.300000 -34.472400 -147.509000 -35.049700
-149.039000 -37.549900 -147.178000 -38.116300
-148.810000 -40.602800 -146.880000 -41.195500
-148.593000 -43.621600 -146.602000 -44.195000
-148.369000 -46.613900 -146.337000 -47.158600
-148.156000 -49.576100 -146.082000 -50.128100
-147.942000 -52.511800 -145.822000 -53.053400
-147.724000 -55.413500 -145.552000 -55.954100
-147.500000 -58.281100 -145.274000 -58.805700
-147.260000 -61.108000 -144.978000 -61.605800
-147.022000 -63.869100 -144.687000 -64.358600
-146.805000 -66.507300 -144.426000 -67.020300
-146.602000 -69.786900 -144.176000 -70.304300
-146.499000 -73.981900 -144.029000 -74.513700
-146.546000 -77.208400 -144.034000 -77.782900
-146.644000 -79.571900 -144.048000 -80.201000
-146.574000 -81.796100 -143.933000 -82.487000
-146.351000 -83.116700 -143.513000 -83.636300
-145.491000 -84.682600 -142.653000 -85.046400
-144.077000 -86.065400 -141.267000 -86.404000
-142.503000 -87.088000 -139.603000 -87.390400
-140.976000 -87.751400 -138.020000 -87.960600
-139.159000 -88.219900 -136.161000 -88.318300
-137.113000 -88.501500 -134.049000 -88.467200
-134.013000 -88.676100 -130.845000 -88.508000
-131.453000 -88.701100 -128.231000 -88.439400
-128.689000 -88.612100 -125.396000 -88.239000
-125.721000 -88.504900 -122.427000 -88.009300
-122.553000 -88.368300 -119.231000 -87.748000
-119.227000 -88.130600 -115.877000 -87.422800
-115.761000 -87.848600 -112.406000 -87.046800
-112.182000 -87.539200 -108.782000 -86.656700
-108.579000 -87.247100 -105.205000 -86.286700
-105.010000 -86.953000 -101.625000 -85.915900
-101.445000 -86.672200 -98.034700 -85.548500
-97.910100 -86.386300 -94.491700 -85.183500
-94.392300 -86.110200 -90.966600 -84.820200
-90.914800 -85.844400 -87.527300 -84.475000
-87.458200 -85.591200 -84.096700 -84.140300
-84.042100 -85.352600 -80.665400 -83.814200
-80.646600 -85.082500 -77.293700 -83.461500
-77.289000 -84.784600 -73.970000 -83.062800
-73.956000 -84.481500 -70.664000 -82.665800
-70.650500 -84.159700 -67.355000 -82.249900
-67.368700 -83.844500 -64.096900 -81.846900
-64.072200 -83.553800 -60.832400 -81.491700
-60.801700 -83.279800 -57.579600 -81.147100
-57.588900 -83.022900 -54.366300 -80.816500
-54.362900 -82.759500 -51.137000 -80.510000
-51.151000 -82.509800 -47.918600 -80.206400
-48.004700 -82.250200 -44.707100 -79.885600
-44.854000 -81.993600 -41.558700 -79.564700
-41.668700 -81.755200 -38.356600 -79.257600
-38.496400 -81.513000 -35.231000 -78.941200
-35.358900 -81.260100 -32.125600 -78.613400
-32.265700 -81.018900 -29.032500 -78.307600
-29.182000 -80.790000 -25.923800 -78.004100
-26.142500 -80.579600 -22.896600 -77.696300
-23.123100 -80.380100 -19.884200 -77.413800
-19.203400 -80.118000 -15.951800 -77.048000
-15.558000 -79.866300 -12.298500 -76.714500
-11.471000 -79.505300 -8.166690 -76.292200
-7.272310 -78.940500 -3.934010 -75.663000
-3.867830 -78.086300 -0.555875 -74.773800
-1.027850 -76.800100 2.288430 -73.479400
1.182030 -74.883000 4.342450 -71.641000
2.625590 -72.432500 5.757870 -69.145700
3.160870 -70.579600 6.230890 -67.262600
3.505750 -68.096800 6.460880 -64.755700
3.647770 -65.950300 6.513620 -62.589900
3.664020 -62.925400 6.422160 -59.506400
3.520320 -59.493500 6.170920 -55.927800
3.332430 -55.729600 5.888800 -52.103400
3.005490 -51.142400 5.433840 -47.435900
2.632850 -46.555900 4.934820 -42.860600
2.336490 -42.787000 4.522150 -39.088400
2.128160 -39.853300 4.216510 -36.109900
1.933230 -37.078800 3.953480 -33.372300
1.687770 -33.176900 3.565440 -29.467600
1.450030 -29.449300 3.198260 -25.699100
1.229250 -25.834100 2.820540 -22.015000
0.977752 -22.326600 2.418300 -18.485800
0.732212 -19.111600 2.039530 -15.280800
0.536630 -16.307000 1.749230 -12.546200
0.369966 -14.064600 1.529740 -10.349900
0.263868 -12.153000 1.349040 -8.427080
0.198165 -10.644900 1.207220 -6.905690
0.091011 -9.183500 1.022480 -5.462800
-0.181726 -6.867590 0.642905 -3.119730
-0.401589 -4.328040 0.347524 -0.601002
-0.492906 -1.206880 0.139314 2.531240
-0.433998 1.492120 0.026156 5.230220
-0.442804 3.803060 -0.176714 7.526850
-0.838940 5.951590 -0.708508 9.589070
-1.383810 7.944140 -1.334590 11.530800
