1 1.19763e-11 1.70464e-10 -5.55111e-17 1.19763e-11 1 3.5625e-10 0 1.70464e-10 3.5625e-10 1 2.22045e-16
1 -0.000903519 -0.000210117 0.00128913 0.000903796 0.999999 0.00132565 -0.0182162 0.000208919 -0.00132583 0.999999 1.31064
0.999999 -0.00164635 -0.00055382 0.000444833 0.00164737 0.999997 0.00185972 -0.0420332 0.000550757 -0.00186063 0.999998 2.6253
0.999994 -0.00341345 -0.00073122 0.00203758 0.00341385 0.999994 0.000536192 -0.063028 0.000729385 -0.000538684 1 3.94173
0.999993 -0.00363535 -0.0006434 0.00277789 0.00363587 0.999993 0.000814119 -0.0848376 0.000640437 -0.000816452 1 5.26102
0.999992 -0.00392522 -0.000516224 0.00415793 0.00392606 0.999991 0.00164079 -0.101468 0.000509779 -0.0016428 0.999999 6.58164
0.999985 -0.00550405 -0.000416986 0.00757102 0.00550516 0.999981 0.00269445 -0.116587 0.000402148 -0.00269671 0.999996 7.90878
0.999986 -0.00518455 -0.00059756 0.00832382 0.00518666 0.99998 0.00358304 -0.132803 0.000578972 -0.00358609 0.999993 9.23896
0.999989 -0.00463087 -0.000860471 0.00772834 0.00463247 0.999988 0.0018671 -0.149765 0.000851814 -0.00187107 0.999998 10.5696
0.999998 -0.00190081 -0.000960105 0.00678092 0.00190006 0.999998 -0.000784222 -0.163455 0.000961594 0.000782396 0.999999 11.9043
0.999999 0.00154359 -0.000621867 0.00341939 -0.00154466 0.999997 -0.00172497 -0.176748 0.000619203 0.00172593 0.999998 13.2421
0.999992 0.00396255 -0.00053048 -0.00186218 -0.00396339 0.999991 -0.00157914 -0.19592 0.000524218 0.00158123 0.999999 14.5805
0.999987 0.00518981 -0.000386943 -0.00585176 -0.00519015 0.999986 -0.000872886 -0.21776 0.000382408 0.000874883 1 15.9307
0.999996 0.00299309 2.87676e-05 -0.00426772 -0.00299314 0.999994 0.00176906 -0.236414 -2.34721e-05 -0.00176914 0.999998 17.2822
1 -0.000899386 0.00025249 0.000482789 0.000898369 0.999992 0.00399822 -0.253748 -0.000256084 -0.00399799 0.999992 18.6347
0.999993 -0.00363864 -3.95922e-05 0.00500609 0.00363871 0.999992 0.00183139 -0.26991 3.29284e-05 -0.00183152 0.999998 19.9867
0.999987 -0.00511926 -0.000232036 0.00413469 0.00511913 0.999987 -0.000553928 -0.293109 0.000234869 0.000552734 1 21.3413
0.999996 -0.00284877 0.000426261 -0.000765474 0.00284965 0.999994 -0.0020668 -0.32223 -0.000420371 0.00206801 0.999998 22.7057
0.999999 0.000142485 0.00124543 -0.00736932 -0.000141531 1 -0.000766073 -0.346812 -0.00124553 0.000765897 0.999999 24.0721
0.999997 0.00144063 0.00194206 -0.00971926 -0.00145116 0.999984 0.00542724 -0.368742 -0.00193421 -0.00543004 0.999983 25.4487
0.999997 -0.00105089 0.00236924 -0.00506118 0.00103793 0.999985 0.00546529 -0.38714 -0.00237494 -0.00546281 0.999982 26.8203
0.999984 -0.00533901 0.00195131 0.00196227 0.00533139 0.999978 0.00388791 -0.409938 -0.00197203 -0.00387744 0.999991 28.1947
0.99998 -0.00593323 0.00198489 0.00528159 0.00593062 0.999981 0.00131719 -0.432898 -0.00199267 -0.00130539 0.999997 29.5701
0.999978 -0.00617729 0.0023967 0.00793902 0.00617964 0.99998 -0.00097546 -0.459118 -0.00239062 0.00099025 0.999997 30.9498
0.999991 -0.00286426 0.00317328 0.00682708 0.00286867 0.999995 -0.00138571 -0.485013 -0.00316929 0.0013948 0.999994 32.3353
0.999992 -0.0019166 0.00356983 0.00830517 0.0019291 0.999992 -0.0034995 -0.512237 -0.0035631 0.00350636 0.999988 33.7178
0.999993 -0.00102145 0.00349843 0.0101734 0.00103531 0.999992 -0.00396309 -0.543116 -0.00349435 0.00396669 0.999986 35.1108
0.999994 -0.000956297 0.00340896 0.0121194 0.000961957 0.999998 -0.00165924 -0.574623 -0.00340737 0.00166251 0.999993 36.5079
0.999996 -0.000188957 0.00298614 0.0151148 0.000189138 1 -6.04535e-05 -0.599901 -0.00298613 6.10187e-05 0.999996 37.9059
0.999992 0.00251454 0.00296267 0.0169685 -0.00251343 0.999997 -0.00037895 -0.623853 -0.00296361 0.000371502 0.999996 39.3016
0.999982 0.00505155 0.00310141 0.0194295 -0.00504983 0.999987 -0.000561303 -0.643712 -0.00310421 0.000545632 0.999995 40.7044
0.999969 0.00720365 0.00311105 0.0191634 -0.00720353 0.999974 -5.03362e-05 -0.670725 -0.00311133 2.79249e-05 0.999995 42.111
0.999961 0.00830831 0.00284362 0.0213443 -0.008309 0.999965 0.000228539 -0.694132 -0.00284162 -0.000252157 0.999996 43.5186
0.999971 0.00725972 0.00241226 0.0262236 -0.0072593 0.999974 -0.000183054 -0.717858 -0.00241352 0.000165538 0.999997 44.9282
0.999978 0.00642624 0.00172093 0.0308604 -0.00642486 0.999979 -0.000807473 -0.739025 -0.00172609 0.000796399 0.999998 46.3413
0.999983 0.00580017 0.000761619 0.0340803 -0.00580012 0.999983 -6.59817e-05 -0.761031 -0.000761989 6.15638e-05 1 47.757
0.999982 0.00601056 -0.000241195 0.0335922 -0.00601037 0.999982 0.000792652 -0.783986 0.000245955 -0.000791187 1 49.1796
0.999977 0.00664891 -0.00130382 0.0317553 -0.00664754 0.999977 0.0010528 -0.805635 0.00131079 -0.00104411 0.999999 50.6022
0.999975 0.00663825 -0.00247948 0.0289579 -0.0066366 0.999978 0.000673997 -0.826541 0.0024839 -0.000657523 0.999997 52.0283
0.99997 0.00688278 -0.0035883 0.0253698 -0.0068758 0.999974 0.00195412 -0.845384 0.00360166 -0.00192939 0.999992 53.4572
0.999975 0.00549709 -0.00438741 0.0208294 -0.00548431 0.999981 0.00292109 -0.866832 0.00440338 -0.00289696 0.999986 54.8846
0.999979 0.00400311 -0.00502858 0.0168087 -0.0039889 0.999988 0.00283304 -0.88688 0.00503986 -0.00281292 0.999983 56.3166
0.999982 0.00171938 -0.00565444 0.0132291 -0.00170585 0.999996 0.00239685 -0.907244 0.00565854 -0.00238716 0.999981 57.7455
0.999984 0.00037494 -0.00573077 0.0100754 -0.000358701 0.999996 0.00283441 -0.924947 0.00573181 -0.0028323 0.99998 59.1737
0.999986 -0.000836491 -0.00530079 0.00652425 0.000854902 0.999994 0.00347204 -0.944604 0.00529785 -0.00347652 0.99998 60.6032
0.999986 -0.00185879 -0.00491793 0.00276421 0.00187897 0.99999 0.00410219 -0.964748 0.00491026 -0.00411137 0.99998 62.0279
0.999983 -0.00379255 -0.00448879 -0.00130824 0.00380903 0.999986 0.00366913 -0.98781 0.00447481 -0.00368616 0.999983 63.452
0.999978 -0.0052962 -0.0040082 -0.0028736 0.00530753 0.999982 0.00282093 -1.00818 0.00399319 -0.00284214 0.999988 64.8719
0.999981 -0.00522046 -0.00335959 -0.00595393 0.00522805 0.999984 0.00225172 -1.0297 0.00334779 -0.00226924 0.999992 66.2894
0.999991 -0.00348246 -0.00255314 -0.0100203 0.00348838 0.999991 0.0023161 -1.0502 0.00254505 -0.00232499 0.999994 67.7031
0.999998 -0.000648136 -0.00206877 -0.0193644 0.000655685 0.999993 0.00365043 -1.07607 0.00206639 -0.00365178 0.999991 69.1159
0.999995 0.00301286 -0.00128797 -0.0270228 -0.00300644 0.999983 0.0049609 -1.09783 0.0013029 -0.004957 0.999987 70.53
0.999978 0.00665993 -0.000528741 -0.0351344 -0.00665692 0.999963 0.00551082 -1.11823 0.000565424 -0.00550718 0.999985 71.9398
0.999938 0.0111515 0.000135883 -0.0421465 -0.011152 0.999925 0.00511281 -1.13599 -7.88574e-05 -0.00511401 0.999987 73.3399
0.999899 0.0142169 0.000850324 -0.0467759 -0.0142207 0.999888 0.00462105 -1.15331 -0.000784532 -0.00463267 0.999989 74.7425
0.999865 0.016366 0.00154496 -0.0532768 -0.0163726 0.999857 0.0043445 -1.17723 -0.00147363 -0.00436921 0.999989 76.1445
0.99986 0.0166377 0.00188362 -0.0545851 -0.0166459 0.999851 0.00447234 -1.19794 -0.00180893 -0.00450307 0.999988 77.5408
0.999879 0.0154019 0.00204051 -0.0528732 -0.0154112 0.99987 0.00463559 -1.21803 -0.00196885 -0.00466647 0.999987 78.935
0.999897 0.0142363 0.00195937 -0.0495425 -0.0142434 0.999892 0.0036846 -1.23666 -0.0019067 -0.00371213 0.999991 80.3255
0.999908 0.0134899 0.00167721 -0.0488321 -0.0134958 0.999903 0.00356072 -1.25829 -0.00162902 -0.00358303 0.999992 81.7109
0.999907 0.0135342 0.00144846 -0.0483881 -0.0135396 0.999901 0.00383319 -1.27868 -0.00139644 -0.00385245 0.999992 83.0972
0.999914 0.0130801 0.000908534 -0.0526907 -0.0130831 0.999909 0.00331781 -1.30003 -0.000865054 -0.00332941 0.999994 84.4837
0.99991 0.0134348 0.000187047 -0.06072 -0.0134354 0.999903 0.0036812 -1.32024 -0.000137573 -0.00368338 0.999993 85.8656
0.999915 0.0130541 -0.000745449 -0.0751804 -0.0130507 0.999905 0.00439727 -1.3437 0.000802781 -0.00438716 0.99999 87.2502
0.999938 0.0109306 -0.00187798 -0.0843762 -0.0109202 0.999925 0.00545859 -1.36298 0.0019375 -0.00543774 0.999983 88.6291
0.999957 0.00879073 -0.00308665 -0.0981323 -0.00877154 0.999942 0.00617618 -1.38264 0.00314076 -0.00614884 0.999976 90.0063
0.99997 0.00680326 -0.00371164 -0.111047 -0.00677963 0.999957 0.00634212 -1.39978 0.00375462 -0.00631677 0.999973 91.3752
0.999976 0.00550975 -0.00418878 -0.128335 -0.00548599 0.999969 0.00566366 -1.41806 0.00421986 -0.00564054 0.999975 92.7413
0.999981 0.00428222 -0.00446849 -0.14546 -0.00425922 0.999978 0.00514399 -1.43596 0.00449042 -0.00512486 0.999977 94.1034
0.999977 0.00494145 -0.00460477 -0.169705 -0.00491952 0.999977 0.00476266 -1.45619 0.00462819 -0.0047399 0.999978 95.4608
0.999979 0.00473858 -0.00448741 -0.191341 -0.00472032 0.999981 0.00407044 -1.47621 0.00450661 -0.00404917 0.999982 96.8138
0.999976 0.00546203 -0.00424626 -0.212031 -0.00544763 0.999979 0.0033954 -1.49648 0.00426472 -0.00337218 0.999985 98.1655
0.999968 0.00706084 -0.00387695 -0.234406 -0.00704719 0.999969 0.00352491 -1.51768 0.00390172 -0.00349747 0.999986 99.5151
0.999965 0.00752926 -0.00362721 -0.248572 -0.00751145 0.99996 0.00490014 -1.535 0.00366396 -0.00487272 0.999981 100.86
0.999955 0.00883381 -0.0034583 -0.269402 -0.00881134 0.99994 0.00645962 -1.55602 0.00351515 -0.00642886 0.999973 102.205
0.99996 0.00830225 -0.00341329 -0.28676 -0.00828462 0.999952 0.00514996 -1.57525 0.00345588 -0.00512147 0.999981 103.546
0.999961 0.00817387 -0.0033382 -0.305326 -0.00816552 0.999964 0.0025071 -1.59605 0.00335858 -0.00247974 0.999991 104.885
0.999965 0.00763327 -0.00338736 -0.315395 -0.00762881 0.99997 0.00133045 -1.6133 0.00339741 -0.00130456 0.999993 106.221
0.99998 0.00550493 -0.00323905 -0.334309 -0.00549641 0.999981 0.00263482 -1.63843 0.00325349 -0.00261696 0.999991 107.565
0.999992 0.00314211 -0.00262588 -0.350813 -0.00312962 0.999984 0.00474478 -1.66128 0.00264075 -0.00473653 0.999985 108.906
0.999997 0.00156146 -0.00170952 -0.373776 -0.0015522 0.999984 0.00540652 -1.68674 0.00171793 -0.00540385 0.999984 110.245
0.999999 0.000676165 -0.00100019 -0.394315 -0.000672199 0.999992 0.00396047 -1.7101 0.00100286 -0.00395979 0.999992 111.577
0.999997 0.0025812 -0.000333754 -0.413713 -0.00258068 0.999995 0.00155683 -1.734 0.000337771 -0.00155596 0.999999 112.905
0.999989 0.00453267 0.000748283 -0.421968 -0.00453219 0.999989 -0.000645575 -1.75399 -0.000751201 0.000642177 1 114.229
0.999969 0.0075702 0.00216128 -0.42959 -0.00756832 0.999971 -0.000875418 -1.775 -0.00216785 0.000859034 0.999997 115.56
0.999953 0.00899672 0.00359694 -0.433478 -0.00900143 0.999959 0.0012921 -1.79423 -0.00358517 -0.00132442 0.999993 116.893
0.999948 0.00907989 0.00466731 -0.433415 -0.00909732 0.999952 0.00372716 -1.81179 -0.00463325 -0.00376942 0.999982 118.227
0.999953 0.00807788 0.00544954 -0.430614 -0.00810203 0.999957 0.00442471 -1.82585 -0.00541357 -0.00446865 0.999975 119.561
0.999942 0.00858716 0.00646894 -0.433415 -0.00861102 0.999956 0.00366898 -1.84632 -0.00643715 -0.00372447 0.999972 120.904
0.999917 0.0103503 0.00770925 -0.447293 -0.0103751 0.999941 0.00318368 -1.88093 -0.00767584 -0.0032634 0.999965 122.268
0.999884 0.0123802 0.00884972 -0.456074 -0.0124054 0.999919 0.0027973 -1.91003 -0.00881437 -0.00290676 0.999957 123.624
0.999864 0.0131373 0.00996312 -0.462255 -0.013155 0.999912 0.00171644 -1.94033 -0.00993969 -0.00184727 0.999949 124.984
0.999838 0.014232 0.0110509 -0.464133 -0.0142455 0.999898 0.00113985 -1.96629 -0.0110336 -0.00129708 0.999938 126.337
0.999839 0.0133948 0.0119575 -0.470849 -0.0134061 0.99991 0.000867673 -2.00603 -0.0119448 -0.00102784 0.999928 127.692
0.999836 0.0128646 0.01273 -0.471809 -0.0128866 0.999916 0.00164965 -2.03834 -0.0127076 -0.00181343 0.999918 129.05
0.999837 0.0118896 0.0135774 -0.47428 -0.0119336 0.999924 0.00316674 -2.07319 -0.0135387 -0.00332826 0.999903 130.407
0.999844 0.0108917 0.0138962 -0.470125 -0.0109377 0.999935 0.00323538 -2.09949 -0.0138601 -0.00338687 0.999898 131.756
0.999865 0.00881254 0.0138726 -0.465694 -0.00886363 0.999954 0.00362522 -2.1277 -0.01384 -0.00374769 0.999897 133.11
0.999883 0.00714277 0.0135483 -0.465103 -0.00719965 0.999965 0.00415406 -2.16293 -0.0135182 -0.00425112 0.9999 134.461
0.9999 0.00563661 0.013005 -0.46612 -0.00568639 0.999977 0.00379355 -2.19839 -0.0129833 -0.00386712 0.999908 135.815
0.999923 0.00404864 0.0117494 -0.464495 -0.00409264 0.999985 0.00372265 -2.22631 -0.0117341 -0.00377045 0.999924 137.161
0.999939 0.00279173 0.0106784 -0.464572 -0.00284243 0.999985 0.00473639 -2.25485 -0.010665 -0.00476645 0.999932 138.512
0.999953 0.00122806 0.00965658 -0.464181 -0.00127689 0.999986 0.00505251 -2.28175 -0.00965025 -0.0050646 0.999941 139.863
0.999965 0.000485385 0.00835519 -0.467442 -0.000526886 0.999988 0.00496553 -2.31487 -0.00835268 -0.00496976 0.999953 141.213
0.999975 0.000229275 0.00710214 -0.470457 -0.000261274 0.99999 0.004505 -2.34189 -0.00710104 -0.00450674 0.999965 142.562
0.999982 -0.000146183 0.00606111 -0.474702 0.000121902 0.999992 0.00400624 -2.36746 -0.00606165 -0.00400542 0.999974 143.91
0.999986 -0.00177425 0.00507486 -0.478901 0.00176294 0.999996 0.00223254 -2.39502 -0.0050788 -0.00222356 0.999985 145.258
0.999966 -0.00729861 0.0039474 -0.481393 0.00729554 0.999973 0.000792572 -2.42659 -0.00395308 -0.000763745 0.999992 146.601
0.999897 -0.0140957 0.00280284 -0.484415 0.0140855 0.999894 0.00360825 -2.46297 -0.00285341 -0.0035684 0.99999 147.954
0.999763 -0.0217308 0.00132018 -0.483284 0.0217246 0.999754 0.00454388 -2.48937 -0.0014186 -0.00451412 0.999989 149.303
0.999686 -0.0250495 0.000133244 -0.488799 0.0250491 0.999684 0.00211337 -2.51862 -0.00018614 -0.00210937 0.999998 150.648
0.999684 -0.0251325 0.000380742 -0.497985 0.0251332 0.999682 -0.0018847 -2.54563 -0.000333253 0.00189368 0.999998 151.992
0.999766 -0.0215875 0.00124882 -0.51399 0.0215919 0.99976 -0.00364513 -2.58179 -0.00116983 0.00367124 0.999993 153.337
0.999771 -0.0213319 0.00200194 -0.52034 0.021339 0.999766 -0.00363006 -2.61189 -0.00192403 0.00367195 0.999991 154.684
0.999707 -0.0240594 0.00260929 -0.518837 0.0240607 0.99971 -0.000479524 -2.64145 -0.002597 0.000542165 0.999996 156.033
0.99956 -0.0295122 0.0030818 -0.510487 0.0295036 0.999561 0.00277658 -2.66616 -0.00316239 -0.00268443 0.999991 157.383
0.999428 -0.033667 0.00307072 -0.499605 0.0336562 0.999427 0.00349431 -2.68915 -0.0031866 -0.00338896 0.999989 158.732
0.999367 -0.0354624 0.0030068 -0.490889 0.0354507 0.999364 0.00386476 -2.71138 -0.00314195 -0.00375572 0.999988 160.079
0.999418 -0.0339111 0.00382191 -0.484876 0.0338948 0.999416 0.0042487 -2.73678 -0.00396376 -0.00411668 0.999984 161.429
0.999538 -0.029977 0.0050437 -0.483652 0.0299575 0.999544 0.00390971 -2.7606 -0.0051586 -0.0037568 0.99998 162.779
0.99963 -0.0265435 0.00599233 -0.47678 0.0265348 0.999647 0.00151879 -2.78725 -0.00603052 -0.00135922 0.999981 164.13
0.999696 -0.0237031 0.00675023 -0.468784 0.023699 0.999719 0.000677608 -2.81067 -0.00676439 -0.000517427 0.999977 165.481
0.999739 -0.021701 0.00714542 -0.459926 0.021687 0.999763 0.00202297 -2.83556 -0.00718763 -0.00186748 0.999972 166.839
0.999775 -0.0200619 0.00691939 -0.449484 0.0200497 0.999797 0.00182534 -2.86199 -0.00695461 -0.0016862 0.999974 168.2
0.999815 -0.018133 0.00643441 -0.442444 0.0181372 0.999835 -0.000594343 -2.88656 -0.00642257 0.000710936 0.999979 169.56
0.999875 -0.0146347 0.00593309 -0.438972 0.0146557 0.999886 -0.00351045 -2.91424 -0.00588104 0.00359697 0.999976 170.92
0.999936 -0.00973329 0.00574025 -0.411154 0.00976101 0.999941 -0.00482071 -2.93273 -0.00569299 0.00487643 0.999972 172.284
0.999969 -0.00514315 0.00603701 -0.388112 0.00516723 0.999979 -0.00398054 -2.96077 -0.00601641 0.0040116 0.999974 173.653
0.999977 -0.00182811 0.00656723 -0.37793 0.00183804 0.999997 -0.00150577 -2.98645 -0.00656446 0.00151781 0.999977 175.029
0.999977 -0.00147761 0.00669602 -0.358878 0.00147449 0.999999 0.000470138 -3.00854 -0.00669671 -0.000460253 0.999977 176.409
0.999973 -0.00433959 0.00590949 -0.340531 0.00432893 0.999989 0.00181691 -3.01391 -0.00591731 -0.00179128 0.999981 177.785
0.999967 -0.0068928 0.00423197 -0.321404 0.00688578 0.999975 0.00167189 -3.02295 -0.00424339 -0.00164269 0.99999 179.161
0.999971 -0.0073093 0.00217015 -0.313655 0.00731459 0.99997 -0.00243795 -3.04112 -0.00215226 0.00245375 0.999995 180.542
0.99998 -0.00624916 0.000676272 -0.308999 0.00625371 0.999956 -0.00694788 -3.0621 -0.000632824 0.00695198 0.999976 181.921
0.999999 -0.00147201 7.62514e-05 -0.314056 0.00147256 0.999968 -0.00786872 -3.08816 -6.46658e-05 0.00786882 0.999969 183.31
0.999997 0.00259323 -4.98557e-05 -0.318656 -0.0025935 0.999976 -0.00647632 -3.11447 3.30603e-05 0.00647643 0.999979 184.704
0.999991 0.00430353 0.000233426 -0.31413 -0.00430271 0.999985 -0.00340559 -3.13755 -0.000248078 0.00340455 0.999994 186.099
0.999987 0.00509103 0.000651288 -0.308728 -0.00509022 0.999986 -0.0012315 -3.16448 -0.000657549 0.00122817 0.999999 187.499
0.99999 0.00444872 0.000733086 -0.308933 -0.00444842 0.99999 -0.000417191 -3.19394 -0.000734935 0.000413926 1 188.9
0.999995 0.00295401 0.000675549 -0.307021 -0.00295426 0.999996 0.000363433 -3.22186 -0.000674472 -0.000365426 1 190.305
1 0.000366725 0.000663303 -0.303004 -0.000367256 1 0.000800394 -3.25053 -0.000663009 -0.000800637 1 191.713
0.999997 -0.00229679 0.00103953 -0.300756 0.00229594 0.999997 0.000810272 -3.28116 -0.00104139 -0.000807882 0.999999 193.121
0.999985 -0.00529432 0.00136956 -0.297934 0.00529189 0.999984 0.00177274 -3.31413 -0.00137892 -0.00176546 0.999997 194.54
0.999955 -0.00936861 0.00177159 -0.29453 0.00936222 0.99995 0.00358028 -3.34437 -0.00180504 -0.00356353 0.999992 195.959
0.999916 -0.0128049 0.00199736 -0.295505 0.0127976 0.999911 0.00361732 -3.38456 -0.0020435 -0.00359146 0.999992 197.381
0.999938 -0.0109435 0.00223336 -0.299864 0.0109449 0.99994 -0.000604029 -3.41936 -0.00222661 0.000628435 0.999997 198.801
0.999987 -0.00440476 0.00270578 -0.315003 0.00442152 0.999971 -0.00622074 -3.47136 -0.0026783 0.00623262 0.999977 200.224
0.99998 0.00493768 0.00386701 -0.332199 -0.00491156 0.999965 -0.0067358 -3.51508 -0.00390013 0.00671668 0.99997 201.657
0.999899 0.0131913 0.00530312 -0.348581 -0.013178 0.99991 -0.0025273 -3.55558 -0.00533598 0.00245716 0.999983 203.095
0.999874 0.0146615 0.00608923 -0.351843 -0.0146609 0.999892 -0.000138689 -3.58033 -0.00609061 4.93984e-05 0.999981 204.532
0.999905 0.0126263 0.00555651 -0.348136 -0.0126255 0.99992 -0.000175237 -3.60408 -0.00555828 0.000105067 0.999985 205.97
0.999945 0.00953533 0.00439027 -0.343831 -0.00953493 0.999954 -0.000112239 -3.62867 -0.00439114 7.0373e-05 0.99999 207.418
0.99997 0.00705671 0.00326536 -0.342198 -0.00705616 0.999975 -0.000179166 -3.65089 -0.00326654 0.00015612 0.999995 208.868
0.999969 0.00742121 0.00274637 -0.342964 -0.00741833 0.999972 -0.00105497 -3.67436 -0.00275412 0.00103457 0.999996 210.323
0.999957 0.00886597 0.00263987 -0.347951 -0.00886357 0.99996 -0.000918018 -3.70894 -0.0026479 0.000894581 0.999996 211.785
0.999946 0.0101161 0.0025245 -0.353316 -0.0101163 0.999949 6.07891e-05 -3.74177 -0.00252375 -8.63235e-05 0.999997 213.245
0.999952 0.0095282 0.00228764 -0.357581 -0.00952806 0.999955 -7.33861e-05 -3.77806 -0.00228823 5.15866e-05 0.999997 214.714
0.999957 0.0091095 0.0018821 -0.357484 -0.00910674 0.999957 -0.00147266 -3.80999 -0.00189543 0.00145546 0.999997 216.186
0.999964 0.00835921 0.00168768 -0.355981 -0.00835657 0.999964 -0.00156736 -3.83709 -0.00170072 0.0015532 0.999997 217.661
0.999961 0.00871091 0.00124073 -0.360488 -0.0087094 0.999961 -0.00122115 -3.86762 -0.00125132 0.00121029 0.999999 219.142
0.999961 0.00874363 0.000893922 -0.366905 -0.00874205 0.99996 -0.00176665 -3.89969 -0.000909333 0.00175877 0.999998 220.619
0.999961 0.0087942 0.000693719 -0.371188 -0.00879278 0.999959 -0.00203655 -3.93317 -0.0007116 0.00203037 0.999998 222.105
0.999951 0.0098927 0.000348035 -0.375507 -0.009892 0.999949 -0.00197663 -3.9617 -0.000367571 0.00197309 0.999998 223.589
0.999954 0.00953527 3.06076e-06 -0.37715 -0.00953524 0.999952 -0.00238007 -3.9905 -2.57549e-05 0.00237993 0.999997 225.079
0.99995 0.0100381 -0.000260453 -0.378771 -0.0100387 0.999947 -0.00226492 -4.01707 0.000237704 0.00226742 0.999997 226.569
0.999959 0.00909461 -0.000365091 -0.378527 -0.00909536 0.999956 -0.00212762 -4.04814 0.000345726 0.00213085 0.999998 228.06
0.999969 0.00784032 -0.000257686 -0.378661 -0.00784101 0.999965 -0.0027648 -4.07508 0.000236001 0.00276674 0.999996 229.551
0.999977 0.00670894 -8.90066e-05 -0.376609 -0.00670914 0.999975 -0.00241492 -4.09904 7.28032e-05 0.00241546 0.999997 231.045
0.999987 0.00512032 0.000112845 -0.37457 -0.00512013 0.999985 -0.00166632 -4.12499 -0.000121375 0.00166572 0.999999 232.542
0.999988 0.00496183 0.000104882 -0.373963 -0.0049617 0.999987 -0.00123156 -4.15362 -0.000110991 0.00123102 0.999999 234.038
0.999986 0.00533798 2.02216e-05 -0.376469 -0.00533794 0.999985 -0.00138978 -4.18633 -2.76396e-05 0.00138966 0.999999 235.539
0.999982 0.00602819 0.000236344 -0.378408 -0.00602755 0.999978 -0.00262531 -4.22023 -0.000252165 0.00262384 0.999996 237.045
0.999973 0.00730076 0.000768028 -0.381494 -0.00729934 0.999972 -0.00183317 -4.25331 -0.000781389 0.00182751 0.999998 238.55
0.99997 0.00761506 0.00142164 -0.382906 -0.0076159 0.999971 0.000589276 -4.28539 -0.00141711 -0.000600085 0.999999 240.06
0.999971 0.00734518 0.00193496 -0.382092 -0.00734708 0.999973 0.000972528 -4.3151 -0.00192776 -0.000986715 0.999998 241.571
0.999968 0.00759637 0.00240424 -0.38188 -0.0075949 0.999971 -0.000622748 -4.34714 -0.0024089 0.000604469 0.999997 243.087
0.999967 0.00756499 0.0029504 -0.379639 -0.00755914 0.999969 -0.00198958 -4.37765 -0.00296536 0.00196721 0.999994 244.602
0.999958 0.00859422 0.00326044 -0.377078 -0.00858925 0.999962 -0.00153716 -4.4047 -0.00327352 0.00150909 0.999993 246.123
0.999962 0.00810169 0.00332684 -0.372157 -0.00809975 0.999967 -0.000596884 -4.43202 -0.00333157 0.000569915 0.999994 247.648
0.999962 0.00817963 0.00302256 -0.368389 -0.00818011 0.999966 0.000144004 -4.45822 -0.00302128 -0.000168723 0.999995 249.168
0.99996 0.00850582 0.00279812 -0.365894 -0.00850719 0.999964 0.000474575 -4.48706 -0.00279398 -0.000498359 0.999996 250.696
0.999946 0.00997147 0.00283953 -0.362986 -0.00997312 0.99995 0.00056808 -4.5113 -0.00283373 -0.000596367 0.999996 252.224
0.999935 0.0109512 0.00304427 -0.35989 -0.0109531 0.99994 0.000596336 -4.53575 -0.00303755 -0.000629641 0.999995 253.757
0.999929 0.0115516 0.00293193 -0.356528 -0.0115534 0.999933 0.00062066 -4.55844 -0.00292457 -0.000654489 0.999996 255.288
0.999946 0.0099729 0.0029445 -0.351899 -0.00997571 0.99995 0.000940638 -4.58494 -0.00293497 -0.00096996 0.999995 256.823
0.99996 0.00847383 0.00284962 -0.347449 -0.00847912 0.999962 0.00184616 -4.61158 -0.00283387 -0.00187025 0.999994 258.361
0.99998 0.00564903 0.00291162 -0.340799 -0.00565737 0.99998 0.00286567 -4.6376 -0.00289537 -0.00288208 0.999992 259.9
0.999988 0.00411133 0.00258996 -0.334678 -0.00411675 0.999989 0.00208863 -4.66224 -0.00258135 -0.00209927 0.999995 261.435
0.999993 0.00288747 0.00230749 -0.329134 -0.00288904 0.999996 0.000676581 -4.68655 -0.00230553 -0.000683242 0.999997 262.973
0.999995 0.000935565 0.00288366 -0.325374 -0.00094273 0.999996 0.00248408 -4.71575 -0.00288133 -0.00248678 0.999993 264.511
0.999995 -0.000123414 0.00332916 -0.324905 0.000106729 0.999987 0.0050115 -4.74817 -0.00332974 -0.00501111 0.999982 266.057
0.999992 -0.0020661 0.00345941 -0.320818 0.00205223 0.99999 0.00400846 -4.78837 -0.00346766 -0.00400133 0.999986 267.598
0.999989 -0.00290869 0.00375088 -0.317394 0.00289943 0.999993 0.00247246 -4.82468 -0.00375804 -0.00246155 0.99999 269.138
0.999988 -0.00193803 0.00439599 -0.316602 0.00192754 0.999995 0.00239047 -4.86605 -0.00440061 -0.00238197 0.999988 270.677
0.999985 -0.000466132 0.0054798 -0.315594 0.000450953 0.999996 0.00277095 -4.90659 -0.00548107 -0.00276844 0.999981 272.219
0.999978 0.00123293 0.0064402 -0.31404 -0.0012481 0.999996 0.00235118 -4.95022 -0.00643728 -0.00235917 0.999977 273.765
0.99997 0.00242459 0.00740264 -0.311231 -0.00244139 0.999994 0.0022617 -4.98763 -0.00739712 -0.0022797 0.99997 275.307
0.999961 0.00318273 0.00819315 -0.311421 -0.00319839 0.999993 0.00189905 -5.03984 -0.00818705 -0.00192518 0.999965 276.853
0.999953 0.00354024 0.00902962 -0.306203 -0.00355206 0.999993 0.00129333 -5.08275 -0.00902498 -0.00132534 0.999958 278.395
0.999946 0.00300233 0.00993542 -0.301129 -0.00301076 0.999995 0.000833953 -5.13414 -0.00993287 -0.000863821 0.99995 279.945
0.999939 0.00241208 0.0107745 -0.289754 -0.00242297 0.999996 0.00099742 -5.17204 -0.0107721 -0.00102346 0.999942 281.496
0.999933 0.00149062 0.0115216 -0.27649 -0.00151734 0.999996 0.00231141 -5.21004 -0.0115181 -0.00232874 0.999931 283.05
0.99993 6.99498e-05 0.0118644 -0.259923 -0.000102408 0.999996 0.0027352 -5.24169 -0.0118642 -0.00273623 0.999926 284.601
0.999929 -0.000578305 0.0119268 -0.24473 0.000573806 1 0.000380704 -5.2776 -0.011927 -0.000373832 0.999929 286.145
0.999932 -0.0014923 0.0115724 -0.230158 0.00151767 0.999996 -0.00218383 -5.31624 -0.0115691 0.00220125 0.999931 287.7
0.999942 -0.00117181 0.0107295 -0.217081 0.00119856 0.999996 -0.00248648 -5.35515 -0.0107265 0.00249919 0.999939 289.254
0.999946 -0.00278339 0.0100214 -0.204525 0.00280163 0.999994 -0.00180698 -5.39048 -0.0100163 0.00183496 0.999948 290.81
0.999956 -0.00268179 0.00900787 -0.192693 0.00270369 0.999993 -0.00241999 -5.42488 -0.00900132 0.00244424 0.999957 292.369
0.999961 -0.00241203 0.00844723 -0.182827 0.00243485 0.999993 -0.00269109 -5.46258 -0.00844069 0.00271155 0.999961 293.932
0.999967 -0.00237349 0.00773757 -0.175311 0.00239045 0.999995 -0.00218354 -5.50214 -0.00773234 0.00220197 0.999968 295.501
0.999972 -0.00281961 0.00688721 -0.168171 0.00283259 0.999994 -0.00187537 -5.54265 -0.00688188 0.00189483 0.999974 297.072
0.999977 -0.00346684 0.00585138 -0.157166 0.00347331 0.999993 -0.00109698 -5.57321 -0.00584754 0.00111728 0.999982 298.65
0.999984 -0.00188475 0.00529149 -0.14983 0.00188231 0.999998 0.000466143 -5.60566 -0.00529236 -0.000456174 0.999986 300.237
0.999981 -0.00135813 0.00592315 -0.143657 0.001352 0.999999 0.00103955 -5.63806 -0.00592456 -0.00103152 0.999982 301.821
0.999976 -0.000781736 0.00689487 -0.136231 0.000778236 1 0.000510269 -5.67404 -0.00689526 -0.00050489 0.999976 303.413
0.999971 -0.00206617 0.00727639 -0.12458 0.00206578 0.999998 6.19216e-05 -5.70493 -0.0072765 -4.68878e-05 0.999973 305.01
0.999965 -0.00378431 0.00745307 -0.111308 0.00379043 0.999992 -0.000807868 -5.74056 -0.00744995 0.000836091 0.999972 306.609
0.999955 -0.00542868 0.00775826 -0.10099 0.00545008 0.999981 -0.00274014 -5.77594 -0.00774324 0.0027823 0.999966 308.212
0.999954 -0.00568733 0.00776349 -0.0964999 0.00571638 0.999977 -0.00372565 -5.82111 -0.00774212 0.00376985 0.999963 309.819
0.999971 -0.00514709 0.0056444 -0.0932494 0.00517332 0.999976 -0.00464174 -5.86305 -0.00562037 0.00467081 0.999973 311.433
0.999985 -0.00422132 0.00349667 -0.0965843 0.0042361 0.999982 -0.00423198 -5.90777 -0.00347874 0.00424673 0.999985 313.045
0.999992 -0.00248477 0.00308413 -0.106523 0.00248811 0.999996 -0.00107964 -5.95203 -0.00308144 0.0010873 0.999995 314.668
0.999987 -0.00371696 0.00358398 -0.107981 0.00370907 0.999991 0.00220663 -5.99069 -0.00359215 -0.00219331 0.999991 316.295
0.999981 -0.00476709 0.00379025 -0.10867 0.00475554 0.999984 0.00305185 -6.03243 -0.00380473 -0.00303377 0.999988 317.924
0.999973 -0.00619482 0.00407238 -0.105842 0.00618777 0.999979 0.00174123 -6.06836 -0.00408309 -0.00171598 0.99999 319.553
0.999966 -0.00696486 0.00441216 -0.10397 0.00695707 0.999974 0.00177904 -6.10684 -0.00442444 -0.00174828 0.999989 321.182
0.999966 -0.00684118 0.00460929 -0.100918 0.0068311 0.999974 0.00219832 -6.1434 -0.00462421 -0.00216676 0.999987 322.814
0.999963 -0.00697615 0.00509873 -0.0988311 0.00696604 0.999974 0.00199802 -6.18528 -0.00511254 -0.00196243 0.999985 324.44
0.999969 -0.00553186 0.00558256 -0.0964844 0.00552415 0.999984 0.00139507 -6.22409 -0.00559018 -0.00136418 0.999984 326.068
0.999969 -0.00473991 0.00625482 -0.0941105 0.00473602 0.999989 0.000636986 -6.26882 -0.00625777 -0.000607343 0.99998 327.698
0.999958 -0.00586721 0.00709604 -0.0849696 0.00585006 0.99998 0.00243587 -6.30543 -0.00711019 -0.00239425 0.999972 329.324
0.999951 -0.00676678 0.00722406 -0.0744272 0.00674127 0.999971 0.00354935 -6.34211 -0.00724787 -0.00350048 0.999968 330.951
0.999944 -0.00798854 0.0069226 -0.0642123 0.00797425 0.999966 0.00208908 -6.37224 -0.00693905 -0.00203376 0.999974 332.569
0.99995 -0.00718382 0.00693473 -0.0584489 0.00716878 0.999972 0.00219193 -6.4135 -0.00695028 -0.00214211 0.999974 334.189
0.999965 -0.00478743 0.00683332 -0.0543496 0.00478185 0.999988 0.000833257 -6.45078 -0.00683722 -0.000800552 0.999976 335.802
0.999975 -0.00357196 0.0061093 -0.0494975 0.00359329 0.999988 -0.00348371 -6.49255 -0.00609678 0.00350558 0.999975 337.41
0.999984 -0.00199418 0.00523412 -0.0454804 0.00200654 0.999995 -0.00235718 -6.53219 -0.00522939 0.00236765 0.999984 339.021
0.999989 -0.0014623 0.00436228 -0.0425701 0.00145766 0.999998 0.00106778 -6.5714 -0.00436384 -0.00106141 0.99999 340.629
0.999995 -0.000282664 0.00329943 -0.039303 0.000268431 0.999991 0.00431359 -6.60181 -0.00330061 -0.00431268 0.999985 342.246
0.999998 0.000206242 0.0020917 -0.03681 -0.000212634 0.999995 0.00305604 -6.62892 -0.00209106 -0.00305648 0.999993 343.853
1 -0.000444111 0.000271657 -0.0351466 0.000443834 0.999999 0.00101749 -6.65278 -0.000272108 -0.00101737 1 345.452
0.999998 -0.00143966 -0.0016258 -0.0345479 0.00144385 0.999996 0.00258164 -6.67764 0.00162208 -0.00258398 0.999995 347.055
0.999992 -0.00306261 -0.00262549 -0.0370718 0.00307165 0.999989 0.00344606 -6.70815 0.00261491 -0.00345409 0.999991 348.655
0.99999 -0.00334199 -0.00305751 -0.0415633 0.00334961 0.999991 0.0024902 -6.73724 0.00304916 -0.00250042 0.999992 350.253
0.999987 -0.00400627 -0.00327367 -0.0526102 0.00401149 0.999991 0.00158878 -6.77306 0.00326727 -0.00160189 0.999993 351.848
0.999986 -0.00407135 -0.00329429 -0.0627708 0.00407679 0.99999 0.00164591 -6.80586 0.00328756 -0.00165932 0.999993 353.446
0.999984 -0.00456592 -0.00326332 -0.0750661 0.00457074 0.999988 0.00147062 -6.84356 0.00325656 -0.00148551 0.999994 355.038
0.999981 -0.00521583 -0.0032936 -0.0857036 0.00521871 0.999986 0.000867944 -6.88255 0.00328903 -0.000885115 0.999994 356.631
0.99998 -0.00540174 -0.003418 -0.0972999 0.00540248 0.999985 0.000206237 -6.92176 0.00341684 -0.000224698 0.999994 358.222
0.999977 -0.0058973 -0.00334578 -0.109101 0.00589922 0.999982 0.000562851 -6.95871 0.0033424 -0.000582575 0.999994 359.812
0.99998 -0.00546874 -0.00326977 -0.122301 0.00546734 0.999985 -0.000439521 -6.99594 0.00327213 0.000421635 0.999995 361.404
0.99997 -0.00699099 -0.00319939 -0.132221 0.0069857 0.999974 -0.00166381 -7.03402 0.00321094 0.00164141 0.999993 362.989
0.99996 -0.00834387 -0.00308417 -0.141995 0.00834334 0.999965 -0.0001831 -7.07272 0.00308559 0.000157361 0.999995 364.587
0.999945 -0.0100072 -0.00321568 -0.1553 0.0100103 0.999949 0.000968115 -7.1124 0.00320583 -0.00100025 0.999994 366.184
0.999939 -0.0105576 -0.0031631 -0.166861 0.0105585 0.999944 0.000269207 -7.14688 0.00316009 -0.000302587 0.999995 367.781
0.999951 -0.0094445 -0.00278608 -0.185891 0.00944285 0.999955 -0.000603325 -7.18829 0.00279165 0.000576988 0.999996 369.387
0.99997 -0.00743495 -0.00230747 -0.202919 0.00743648 0.999972 0.000654648 -7.22508 0.00230254 -0.000671787 0.999997 370.975
0.99998 -0.00610012 -0.00180553 -0.222998 0.00610185 0.999981 0.000954059 -7.26884 0.00179968 -0.000965056 0.999998 372.615
0.999983 -0.00569843 -0.00143532 -0.237813 0.00569945 0.999984 0.000704659 -7.30681 0.00143128 -0.000712826 0.999999 374.225
0.999982 -0.00587943 -0.00119997 -0.251989 0.00587933 0.999983 -9.21155e-05 -7.34494 0.00120049 8.50595e-05 0.999999 375.781
0.999983 -0.00571795 -0.000917867 -0.262588 0.00571764 0.999984 -0.000336816 -7.37934 0.000919778 0.000331563 1 377.387
0.999985 -0.00533583 -0.000692926 -0.270401 0.00533556 0.999986 -0.000390062 -7.41442 0.000694998 0.00038636 1 378.993
0.999991 -0.00418331 -0.000381357 -0.278359 0.0041832 0.999991 -0.000270587 -7.44841 0.000382486 0.00026899 1 380.607
0.999996 -0.00289136 -5.68595e-05 -0.287793 0.00289139 0.999996 0.000451874 -7.48506 5.5553e-05 -0.000452036 1 382.22
0.999999 -0.0017385 0.000211452 -0.296087 0.00173854 0.999999 -0.000162598 -7.52208 -0.000211169 0.000162966 1 383.841
1 -0.000874383 0.000481297 -0.303965 0.000874743 0.999999 -0.000747672 -7.55871 -0.000480642 0.000748094 1 385.451
1 -0.000127952 0.000807379 -0.311017 0.000128479 1 -0.000652509 -7.59675 -0.000807295 0.000652613 1 387.068
0.999999 0.00111654 0.00106092 -0.316454 -0.00111683 0.999999 0.000265966 -7.6316 -0.00106062 -0.00026715 0.999999 388.686
0.999996 0.00224124 0.00145239 -0.320658 -0.00224267 0.999997 0.000982551 -7.66443 -0.00145019 -0.000985804 0.999999 390.306
0.999994 0.00290337 0.00183956 -0.3238 -0.00290395 0.999996 0.000314458 -7.6962 -0.00183864 -0.000319797 0.999998 391.936
0.999993 0.00292545 0.00209174 -0.32379 -0.00292642 0.999996 0.00045846 -7.73169 -0.00209039 -0.000464577 0.999998 393.558
