0
0.2073381
0.4146917
0.5184302
0.7257977
0.9331467
1.03691
1.140497
1.244242
1.347979
1.451596
1.555212
1.762569
1.866302
1.969923
2.073666
2.177281
2.281017
2.384639
2.48825
2.591988
2.695832
2.799367
2.903084
3.006768
3.110441
3.214057
3.317669
3.421285
3.524925
3.628545
3.732256
3.835871
3.939488
4.043107
4.146888
4.25046
4.354202
4.45794
4.561559
4.665293
4.768912
4.872532
4.976146
5.079909
5.183503
5.287117
5.390861
5.494473
5.598233
5.701829
5.805571
5.909185
6.012921
6.116541
6.220278
6.323895
6.427659
6.531383
6.634992
6.738741
6.84235
6.945963
7.049705
7.153323
7.256934
7.360549
7.464167
7.567786
7.775144
7.982493
8.189849
8.397102
8.604438
8.811795
9.019162
9.226512
9.433986
9.641587
9.849229
10.05693
10.26466
10.47264
10.68062
10.88875
11.09659
11.30431
11.51192
11.71927
11.82277
11.92638
12.13361
12.3406
12.54767
12.75469
12.96167
13.16877
13.37588
13.58311
13.79034
13.99767
14.1013
14.30854
14.51589
14.72326
14.93048
15.13784
15.34508
15.55255
15.7599
15.96739
16.17474
16.38209
16.58933
16.69309
16.79668
16.90043
17.00419
17.1079
17.21165
17.31539
17.41915
17.52287
17.62648
17.73022
17.83384
17.93746
18.14482
18.35217
18.55957
18.76688
18.97411
19.18141
19.38868
19.5958
19.80291
20.01002
20.21714
20.4241
20.63096
20.83796
20.94151
21.04502
21.14837
21.2519
21.35544
21.459
21.56272
21.66636
21.7701
21.87395
21.97771
22.08144
22.18531
22.28917
22.49716
22.70551
22.91366
23.01761
23.22571
23.4336
23.64143
23.84899
24.05642
24.16001
24.36727
24.471
24.57456
24.6781
24.78183
24.98913
25.19632
25.2999
25.50725
25.71463
25.81822
25.92198
26.12923
26.23299
26.44034
26.54405
26.75126
26.85488
26.9585
27.16587
27.26947
27.47687
27.68407
27.7877
27.89128
27.9951
28.09865
28.20228
28.30587
28.51323
28.72228
28.92794
29.1353
29.23891
29.34253
29.44614
29.54976
29.75712
29.96462
30.172
30.37931
30.58667
30.6904
30.79405
30.89764
31.00138
31.10501
31.20861
31.31235
31.4162
31.52006
31.62342
31.72694
31.83069
31.9343
32.03804
32.14165
32.24526
32.45266
32.65998
32.86747
33.07483
33.17856
33.28231
33.38603
33.48978
33.59356
33.69713
33.80087
33.90461
34.00835
34.11209
34.21584
34.31957
34.42334
34.52694
34.63067
34.7343
34.8379
34.94152
35.04526
35.14887
35.25251
35.35623
35.45985
35.56362
35.6672
35.77094
35.87468
35.9783
36.08208
36.18578
36.2895
36.39322
36.49688
36.60049
36.70436
36.91177
37.11906
37.32643
37.53378
37.74103
37.94836
38.15572
38.36294
38.57023
38.77746
38.98472
39.19202
39.29572
39.39932
39.60673
39.71039
39.91781
40.12518
40.33256
40.43627
40.54
40.64362
40.74735
40.85098
41.05845
41.26581
41.47327
41.68052
41.88768
42.0948
42.30184
42.50885
42.71582
42.92265
43.12965
43.33652
43.5435
43.75071
43.85435
43.95796
44.16542
44.26891
44.47627
44.68375
44.89136
45.09896
45.20336
45.41068
45.61856
45.82651
46.13842
46.34635
46.5541
46.65781
46.86542
46.96918
47.0729
47.17665
47.28039
47.38412
47.48774
47.59151
47.69509
47.79871
48.00607
48.21388
48.31691
48.42053
48.52414
48.62778
48.7314
48.83536
48.93873
49.04259
49.24983
49.35385
49.45761
49.56095
49.66469
49.76834
49.87203
49.97576
50.07937
50.18313
50.39036
50.5977
50.80505
51.01241
51.11603
51.21964
51.32338
51.53076
51.7381
51.94545
52.15294
52.36031
52.56765
52.775
52.98236
53.18958
53.39694
53.60433
53.91514
54.22614
54.53721
54.84806
55.15903
55.78097
58.37224
58.78695
59.09808
59.40914
59.61675
59.82423
60.03212
60.23977
60.44719
60.65478
60.75861
60.966
61.06963
61.17327
61.27685
61.38046
61.48395
61.58757
61.69106
61.8979
62.10479
62.3115
62.51823
62.72522
62.9322
63.13942
63.24292
63.45015
63.55389
63.6575
63.76125
63.96862
64.17597
64.38318
64.48693
64.59071
64.6943
64.79794
64.90164
65.00534
65.10899
65.21283
65.31622
65.41985
65.52362
65.62711
65.73079
65.83443
65.93804
66.04166
66.14527
66.24894
66.35263
66.45624
66.55986
66.66359
66.76724
66.87096
66.97457
67.07831
67.18193
67.28567
67.38928
67.49297
67.59663
67.70027
67.8039
67.90759
68.01129
68.11497
68.21865
68.32222
68.42594
68.52959
68.63317
68.73691
68.84053
68.94427
69.04789
69.15162
69.25532
69.359
69.46264
69.56633
69.66995
69.77371
69.8773
69.98093
70.08466
70.1884
70.29203
70.39563
70.49937
70.60299
70.70661
70.81037
70.91396
71.0176
71.1212
71.22482
71.32843
71.43216
71.6394
71.84665
72.05392
72.15749
72.26124
72.36483
72.46845
72.57206
72.67572
72.77944
72.88304
72.98677
73.09051
73.19419
73.29787
73.50511
73.71256
73.91984
74.02343
74.23088
74.43803
74.64526
74.95596
75.26665
75.47354
75.68041
75.88728
76.09411
76.30097
76.50795
76.71482
76.92199
77.12902
77.23263
77.33625
77.43986
77.54357
77.64709
77.75084
77.8547
77.95859
78.06256
78.16657
78.37479
78.58315
78.79149
78.99975
79.10361
79.20755
79.31138
79.41518
79.51897
79.62267
79.7264
79.83015
79.93387
80.14127
80.24485
80.3485
80.45221
80.55583
80.65945
80.76319
80.8668
80.97042
81.07409
81.17767
81.28139
81.38503
81.48862
81.59223
81.69585
81.79947
81.90308
82.0067
82.11032
82.31767
82.52502
82.62878
82.73238
82.83614
82.93973
83.14722
83.25097
83.35457
83.45819
83.56198
83.66555
83.76938
83.87292
83.97671
84.08013
84.18375
84.2876
84.39116
84.49476
84.59848
84.70212
84.80571
85.01296
85.1167
85.22027
85.32408
85.42775
85.63501
85.84251
86.04958
86.25768
86.46418
86.67155
86.87889
87.08625
87.29364
87.50104
87.70832
87.91565
88.12303
88.33046
88.53778
88.6414
88.74508
88.84889
88.95255
89.05617
89.15979
89.26354
89.47088
89.67823
89.88559
89.98935
90.19671
90.40405
90.6114
90.81876
91.02598
91.1296
91.23322
91.33684
91.44045
91.54407
91.64768
91.7513
91.85504
91.95867
92.06227
92.16588
92.2695
92.37311
92.47686
92.58047
92.68408
92.78783
92.89147
92.99493
93.09857
93.20216
93.30578
93.40939
93.51313
93.61675
93.72048
93.82412
93.92785
94.03155
94.1351
94.23882
94.34255
94.4462
94.54994
94.65365
94.86103
94.96465
95.17185
95.27559
95.37921
95.48285
95.58659
95.6902
95.7938
95.89742
96.00104
96.10478
96.2084
96.312
96.41565
96.62299
96.83026
97.03753
97.24469
97.45171
97.65852
97.86526
98.07206
98.27871
98.48569
98.58919
98.69272
98.79615
98.89976
99.00328
99.107
99.21063
99.31424
99.41837
99.52171
99.62559
99.72953
99.83345
100.042
100.2499
100.458
100.6656
100.8734
101.081
101.2884
101.4958
101.7033
101.8069
101.9106
102.0144
102.1181
102.2218
102.3256
102.4293
102.5329
102.6367
102.8441
102.9476
103.155
103.3622
103.4665
103.5696
103.6733
103.7768
103.8805
103.9841
104.0877
104.1913
104.295
104.3986
104.606
104.7096
104.8132
104.9168
105.0206
105.1242
105.2278
105.3314
105.4352
105.5389
105.6426
105.7461
105.8499
105.9535
106.0576
106.1609
106.3682
106.472
106.5756
106.6793
106.7829
106.9903
107.1975
107.3011
107.4049
107.5085
107.6122
107.716
107.8196
107.9233
108.0271
108.1308
108.2346
108.3382
108.4419
108.5458
108.6493
108.753
108.8571
108.9604
109.0646
109.1678
109.2714
109.375
109.4789
109.5821
109.6857
109.7894
109.893
109.9968
110.1004
110.2043
110.3079
110.5154
110.6196
110.7232
110.827
110.9304
111.0343
111.138
111.2416
111.3453
111.449
111.5527
111.6563
111.7601
111.8637
111.9673
112.0709
112.1747
112.2783
112.382
112.4855
112.5891
112.6928
112.7965
112.9
113.0036
113.1073
113.211
113.3147
113.4183
113.6257
113.8328
114.04
114.2473
114.4543
114.6616
114.8688
115.076
115.2833
115.4904
115.6974
115.9043
116.1112
116.3179
116.5247
116.7318
116.9387
117.1458
117.3529
117.5602
117.7674
117.871
117.9748
118.0784
118.1821
118.2859
118.3896
118.4935
118.7013
118.9094
119.1173
119.3251
119.5329
119.7404
119.9478
120.1552
120.3624
120.5697
120.777
120.9844
121.1916
121.3988
121.6062
121.8135
122.0209
122.2282
122.4356
122.6431
122.7468
122.9542
123.0578
123.2652
123.3688
123.4724
123.5762
123.6797
123.7834
123.9907
124.1981
124.4056
124.613
124.8203
125.0275
125.2349
125.4421
125.6493
125.8567
126.0638
126.2709
126.478
126.6851
126.8921
127.0992
127.3062
127.4096
127.5131
127.7202
127.8239
127.9275
128.0311
128.1349
128.2386
128.3422
128.4459
128.5496
128.6533
128.757
128.9644
129.1721
129.38
129.588
129.796
130.004
130.2121
130.4208
130.6284
130.8365
131.0447
131.2529
131.4608
131.6684
131.7722
131.8757
131.9794
132.1863
132.3936
132.6007
132.8075
133.0144
133.2214
133.4285
133.6355
133.8425
134.0497
134.257
134.4644
134.6716
134.7754
134.879
134.9826
135.1899
135.3972
135.6044
135.7081
135.8118
135.9154
136.0192
136.1227
136.3302
136.4337
136.5374
136.6411
136.7449
136.8484
136.952
137.0558
137.1595
137.2632
137.3669
137.4706
137.5743
137.7817
137.9889
138.0927
138.1963
138.2999
138.4035
138.5071
138.6107
138.7144
138.818
138.9216
139.1288
139.3362
139.5434
139.6472
139.7509
139.9584
140.1654
140.3727
140.4763
140.5799
140.7875
140.9947
141.202
141.4094
141.6165
141.8237
142.0311
142.2384
142.5495
142.8606
143.1717
143.4827
143.8973
144.312
144.7267
145.0378
145.3491
145.5567
145.7643
145.972
146.1796
146.387
146.5945
146.8017
146.9054
147.009
147.1125
147.3194
147.5263
147.733
147.9399
148.1469
148.3537
148.4572
148.5607
148.6642
148.7678
148.8713
148.9749
149.0784
149.1822
149.2856
149.3893
149.4929
149.5965
149.7001
149.8037
149.9073
150.0111
150.1147
150.2183
150.322
150.4257
150.5293
150.6329
150.7365
150.8401
150.9437
151.0475
151.1511
151.2547
151.3583
151.462
151.5656
151.6693
151.7729
151.8767
151.9803
152.0839
152.1875
152.2911
152.3947
152.4985
152.6021
152.7058
152.8094
152.9131
153.0167
153.1204
153.224
153.3276
153.4313
153.5349
153.6386
153.7422
153.8458
153.9495
154.0531
154.1567
154.2603
154.3638
154.4674
154.571
154.6746
154.7781
154.8818
154.9854
155.0889
155.1925
155.2961
155.3997
155.5033
155.6068
155.7104
155.8142
155.9178
156.0214
156.125
156.2286
156.3322
156.436
156.5396
156.6432
156.7468
156.8505
156.9541
157.0578
157.1614
157.265
157.3687
157.4724
157.576
157.6796
157.7833
157.8868
157.9906
158.0942
158.1979
158.3017
158.4053
158.5091
158.6127
158.7164
158.9237
159.131
159.3383
159.5454
159.7524
159.9594
160.1663
160.3732
160.5801
160.7871
160.9942
161.2014
161.4093
161.6157
161.7198
161.8229
161.9266
162.0303
162.1341
162.2376
162.3413
162.4452
162.5489
162.6527
162.7565
162.8605
162.9644
163.0684
163.1722
163.3801
163.588
163.7957
164.0032
164.2107
164.3144
164.418
164.5217
164.729
164.9362
165.1436
165.3508
165.4544
165.6616
165.8691
166.0766
166.1803
166.3879
166.4914
166.5952
166.6988
166.8025
166.9061
167.0099
167.1135
167.2171
167.3207
167.4244
167.528
167.6316
167.8388
168.0459
168.2532
168.4604
168.6677
168.8752
169.0827
169.1864
169.2902
169.3938
169.4976
169.6013
169.7049
169.8087
169.9122
170.016
170.1196
170.2232
170.4303
170.5339
170.6375
170.7409
170.8445
170.9481
171.0515
171.1551
171.2589
171.3625
171.4661
171.5699
171.6735
171.7773
171.8809
172.0881
172.2953
172.5024
172.6059
172.7095
172.8131
172.9167
173.0202
173.1238
173.2276
173.3313
173.4349
173.5387
173.6424
173.746
173.8498
173.9534
174.0571
174.1607
174.2645
174.3681
174.4717
174.5753
174.6789
174.7826
174.8862
174.9898
175.1969
175.404
175.6111
175.8183
176.0257
176.2331
176.4404
176.6478
176.8551
177.0625
177.2697
177.4771
177.6843
177.8915
178.0987
178.2024
178.3059
178.4096
178.5132
178.6168
178.7206
178.8243
178.9279
179.0317
179.239
179.4464
179.6537
179.8611
179.9647
180.1719
180.3792
180.4828
180.5864
180.69
180.7935
180.8971
181.0007
181.1043
181.2078
181.3115
181.4151
181.5187
181.6224
181.726
181.8298
181.9335
182.0371
182.1409
182.2445
182.3481
182.4518
182.5555
182.6592
182.7628
182.8665
182.9702
183.0738
183.1774
183.3846
183.4884
183.6956
183.903
184.1104
184.3178
184.5252
184.7324
184.9395
185.1462
185.3528
185.5596
185.7665
185.9736
186.1809
186.2846
186.3884
186.4921
186.5959
186.6997
186.8036
187.0114
187.1153
187.2193
187.427
187.6346
187.8421
187.9458
188.0495
188.2568
188.3604
188.4641
188.5678
188.775
188.8786
188.9822
189.086
189.2934
189.3971
189.5006
189.708
189.8117
189.9154
190.0191
190.2266
190.434
190.6413
190.7451
190.9524
191.0561
191.2636
191.4708
191.5743
191.678
191.7816
191.989
192.1965
192.4034
192.5072
192.6108
192.7144
192.9218
193.129
193.2327
193.3363
193.4401
193.6474
193.7511
193.9584
194.062
194.1656
194.2693
194.4765
194.5802
194.6838
194.7877
194.8913
194.9951
195.0988
195.2026
195.3063
195.4099
195.5136
195.6173
195.721
195.8247
195.9285
196.0321
196.1359
196.3434
196.4472
196.6548
196.7584
196.8621
196.9658
197.0694
197.1731
197.2769
197.3805
197.4841
197.5878
197.6914
197.7952
197.8988
198.1062
198.2095
198.3131
198.5205
198.7277
198.935
199.1422
199.3494
199.5566
199.7638
200.0745
200.3852
200.6958
201.0063
201.2132
201.4204
201.6273
201.8344
202.0414
202.1455
202.3519
202.559
202.766
202.8696
202.9731
203.1806
203.3879
203.5957
203.8034
204.0112
204.2187
204.4262
204.6338
204.8414
204.9452
205.0489
205.1527
205.2565
205.3602
205.464
205.5677
205.6715
205.7752
205.8788
205.9826
206.0862
206.1898
206.2935
206.397
206.5008
206.6044
206.7081
206.8117
206.9153
207.019
207.1226
207.2262
207.3299
207.4336
207.5372
207.6408
207.7444
207.848
207.9516
208.0554
208.1591
208.2626
208.3663
208.47
208.5736
208.6773
208.7809
208.8848
208.9883
209.0919
209.1956
209.2991
209.4028
209.5064
209.61
209.7136
209.8172
209.9208
210.0244
210.1279
210.2315
210.3353
210.4389
210.5425
210.6462
210.7498
210.8535
210.9571
211.0608
211.1646
211.2682
211.3718
211.4754
211.5792
211.6828
211.7865
211.8901
211.9938
212.0975
212.2011
212.3047
212.4085
212.5121
212.6157
212.7194
212.8231
212.9267
213.0304
213.134
213.2378
213.3414
213.4451
213.5487
213.6524
213.756
213.8597
213.9633
214.0671
214.1707
214.2743
214.378
214.4815
214.5851
214.6888
214.7924
214.8961
214.9998
215.1036
215.2072
215.3109
215.4147
215.5182
215.6219
215.7255
215.8292
216.0367
216.244
216.4513
216.6587
216.8661
216.9697
217.177
217.3841
217.5914
217.7986
218.0057
218.2129
218.4199
218.6265
218.8335
219.0402
219.1434
219.2467
219.35
219.4534
219.5567
219.6601
219.7634
219.8669
219.9704
220.0739
220.1774
220.2809
220.3846
220.4882
220.592
220.6957
220.7994
220.9033
221.0072
221.1112
221.2153
221.3194
221.4234
221.6315
221.7355
221.8395
222.0473
222.2549
222.4625
222.6699
222.7735
222.8771
222.9808
223.0844
223.188
223.2916
223.3954
223.4989
223.6027
223.7064
223.8101
223.9138
224.0187
224.1211
224.225
224.3285
224.4323
224.5359
224.6396
224.7432
224.8468
224.9504
225.0538
225.1574
225.2609
225.3645
225.468
225.5716
225.6752
225.7789
225.8825
225.9861
226.0898
226.1935
226.2972
226.4008
226.5045
226.6082
226.7118
226.8155
226.9191
227.0229
227.1265
227.2302
227.3338
227.4376
227.5414
227.645
227.7487
227.8524
227.956
228.0597
228.1634
228.267
228.3708
228.4742
228.578
228.6816
228.7852
228.8888
228.9926
229.0962
229.1999
229.3036
229.4073
229.6145
229.8219
229.9256
230.1328
230.3403
230.5475
230.7549
230.9623
231.1696
231.4806
231.7917
232.1029
232.5176
232.9322
233.3469
233.7615
234.0724
234.3831
234.5902
234.7973
235.0044
235.2116
235.4189
235.6261
235.8335
236.0408
236.2483
236.4558
236.6631
236.8706
236.9742
237.078
237.1816
237.2853
237.3889
237.5963
237.6999
237.9073
238.1146
238.2182
238.3218
238.4254
238.5291
238.6327
238.7364
238.8401
238.9437
239.0473
239.151
239.3584
239.462
239.6693
239.773
239.8766
239.9802
240.1876
240.3948
240.6021
240.8094
241.0164
241.2233
241.4303
241.6374
241.8445
242.0523
242.2593
242.4668
242.6746
242.8826
242.9861
243.1937
243.4011
243.6086
243.7122
243.9197
244.1271
244.2308
244.3344
244.4382
244.5418
244.6455
244.7491
244.8529
244.9565
245.0601
245.1637
245.2674
245.3711
245.4747
245.5783
245.6819
245.7856
245.8893
245.9928
246.0965
246.2001
246.3037
246.4075
246.5112
246.6148
246.7186
246.8223
246.9259
247.0297
247.1333
247.2369
247.3405
247.4441
247.5479
247.6515
247.7551
247.8588
247.9624
248.0661
248.1698
248.2734
248.377
248.4807
248.5843
248.688
248.7916
248.8952
248.9989
249.1025
249.2061
249.3099
249.4134
249.5172
249.6208
249.8282
250.0355
250.2428
250.4503
250.6579
250.8654
251.0729
251.2806
251.4882
251.6958
251.9036
252.0074
252.1112
252.2151
252.3188
252.4225
252.5262
252.6298
252.7334
252.837
252.9406
253.0442
253.1479
253.2515
253.3551
253.4587
253.5623
253.6658
253.7693
253.8727
253.9762
254.183
254.3898
254.5962
254.8031
255.0101
255.217
255.4243
255.5279
255.6315
255.7352
255.8387
256.0461
256.2534
256.4607
256.5644
256.6681
256.8754
256.9791
257.0826
257.1862
257.2898
257.3935
257.497
257.7042
257.9115
258.1188
258.3261
258.4296
258.5334
258.637
258.7406
258.8443
258.9479
259.0516
259.1552
259.2589
259.3625
259.4662
259.5698
259.6734
259.777
259.8806
259.9843
260.088
260.1916
260.2952
260.3988
260.5027
260.6063
260.7099
260.8136
260.9171
261.0209
261.1245
261.2281
261.3318
261.4354
261.5391
261.6427
261.7463
261.8502
261.9537
262.0573
262.1609
262.2645
262.3686
262.4718
262.5755
262.6793
262.7828
262.8863
262.9901
263.0937
263.1974
263.3012
263.4048
263.5085
263.6123
263.7159
263.8196
263.9232
264.027
264.1306
264.2342
264.3378
264.4415
264.5451
264.6487
264.7523
264.8559
264.9595
265.0631
265.1669
265.2705
265.3741
265.4778
265.5815
265.6852
265.7888
265.8926
265.9962
266.0998
266.2035
266.3071
266.4109
266.5145
266.6181
266.7219
266.8255
266.9291
267.0328
267.1365
267.2402
267.3438
267.4476
267.5512
267.6548
267.7584
267.8621
267.9657
268.0694
268.2766
268.4838
268.6912
268.8984
269.1058
269.313
269.5201
269.7274
269.9347
270.1421
270.2458
270.3495
270.4533
270.557
270.6607
270.7645
270.8682
270.972
271.0757
271.1794
271.2831
271.3868
271.4904
271.5942
271.6978
271.8013
271.9049
272.0086
272.1121
272.2157
272.3192
272.4229
272.5265
272.6301
272.7337
272.8373
272.941
273.0447
273.1484
273.252
273.3558
273.4595
273.5631
273.6667
273.7704
273.8741
273.9777
274.0813
274.185
274.2888
274.3925
274.4961
274.5998
274.7034
274.8071
274.9107
275.0145
275.1181
275.2217
275.3255
275.4291
275.5328
275.6364
275.74
275.8436
275.9473
276.0509
276.1545
276.3618
276.5688
276.6725
276.7765
276.8799
276.9833
277.1907
277.2943
277.3979
277.6054
277.709
277.9166
278.1243
278.3323
278.5405
278.6446
278.853
279.0612
279.2697
279.4778
279.5813
279.6849
279.7887
279.8923
279.996
280.0997
280.2031
280.4105
280.6178
280.8245
281.0314
281.238
281.4445
281.6509
281.8576
282.0645
282.2716
282.3752
282.4788
282.5824
282.7897
282.8935
282.9971
283.1007
283.2045
283.4117
283.5154
283.619
283.7227
283.8264
283.9302
284.0338
284.1375
284.2411
284.3447
284.4485
284.5521
284.6557
284.7593
284.8629
284.9667
285.0704
285.174
285.2778
285.3814
285.4851
285.5887
285.6924
285.7961
285.8999
286.0034
286.107
286.2107
286.3143
286.4179
286.5215
286.7288
286.8325
286.9362
287.0398
287.1435
287.2472
287.3508
287.4544
287.5581
287.6618
287.7655
287.8692
287.9729
288.0765
288.1801
288.2838
288.3874
288.491
288.5946
288.6982
288.8018
288.9054
289.0092
289.1128
289.2164
289.3202
289.4238
289.5275
289.6311
289.7349
289.8386
289.9423
290.046
290.1496
290.2532
290.3568
290.4606
290.5642
290.6678
290.7715
290.8753
290.9789
291.0825
291.1862
291.2899
291.3935
291.4972
291.6008
291.7046
291.8082
291.9121
292.0155
292.1193
292.2228
292.3265
292.43
292.5336
292.6372
292.7409
292.8445
292.9481
293.0518
293.1554
293.2592
293.3628
293.4665
293.5701
293.6739
293.8812
294.0886
294.2958
294.3994
294.5032
294.7105
294.918
295.1255
295.3331
295.5407
295.7482
295.9555
296.1631
296.3707
296.5782
296.7857
296.9932
297.2007
297.4082
297.6155
297.823
297.9267
298.0305
298.1341
298.2377
298.3414
298.4451
298.5486
298.6519
298.7554
298.8586
299.0653
299.272
299.3754
299.5821
299.7888
299.9958
300.2028
300.4099
300.5135
300.6171
300.7207
300.8242
300.9278
301.0315
301.1349
301.2386
301.3422
301.4458
301.5495
301.6532
301.7568
301.8605
301.9641
302.0677
302.1714
302.2751
302.3787
302.4824
302.5861
302.6897
302.7934
302.897
303.0008
303.1044
303.208
303.3117
303.4154
303.519
303.6226
303.7262
303.8299
303.9336
304.0372
304.1408
304.2444
304.348
304.4518
304.5554
304.659
304.7628
304.8664
304.9701
305.0737
305.1773
305.2811
305.3847
305.4884
305.592
305.6957
305.7993
305.9029
306.0066
306.1102
306.2137
306.3175
306.4211
306.5247
306.6283
306.7319
306.8357
306.9393
307.0429
307.1465
307.2501
307.3539
307.4577
307.5613
307.6649
307.7686
307.8722
307.976
308.1836
308.3912
308.5989
308.8069
309.015
309.119
309.2231
309.3272
309.4312
309.5352
309.639
309.7429
309.8466
309.9505
310.0543
310.1579
310.2616
310.365
310.4685
310.572
310.6754
310.8823
311.0893
311.1928
311.2964
311.4
311.5036
311.6072
311.7109
311.8144
311.918
312.0216
312.1253
312.2288
312.3324
312.436
312.5396
312.6431
312.7468
312.8504
312.954
313.0575
313.1611
313.2646
313.3682
313.4718
313.5753
313.6788
313.7823
313.8859
313.9895
314.093
314.1967
314.3004
314.404
314.5076
314.6112
314.7148
314.8184
314.9221
315.0257
315.1293
315.233
315.3366
315.4404
315.544
315.6477
315.7514
315.8551
315.9587
316.0629
316.1659
316.2695
316.373
316.4767
316.5803
316.684
316.7876
316.8912
316.9951
317.0985
317.2022
317.3058
317.4099
317.5135
317.6168
317.7204
317.824
317.9278
318.0314
318.135
318.2385
318.3421
318.4459
318.5495
318.6531
318.7568
318.8604
318.9641
319.0677
319.1714
319.275
319.3788
319.4824
319.5861
319.6897
319.7934
320.0005
320.2076
320.4147
320.6218
320.8288
321.0355
321.2421
321.4486
321.6552
321.8619
321.9653
322.0692
322.1723
322.2759
322.3794
322.4832
322.5869
322.6906
322.7944
322.8982
323.0021
323.106
323.314
323.522
323.7299
323.8338
323.9376
324.0415
324.1452
324.3527
324.56
324.7677
324.871
324.9746
325.0784
325.1823
325.2856
325.3893
325.493
325.5966
325.7004
325.8039
325.9077
326.0114
326.115
326.2186
326.3224
326.426
326.5297
326.6334
326.737
326.8406
326.9442
327.0478
327.1514
327.2552
327.3588
327.4624
327.566
327.6698
327.7734
327.8771
327.9807
328.0843
328.1881
328.2917
328.3953
328.499
328.6025
328.7062
328.8098
328.9135
329.0171
329.1207
329.2244
329.3281
329.4317
329.5353
329.6391
329.7427
329.8463
329.9498
330.0535
330.1571
330.2608
330.3644
330.468
330.5716
330.6752
330.7787
330.8825
330.986
331.0896
331.1932
331.2968
331.4004
331.504
331.6077
331.7112
331.8147
331.9184
332.0219
332.1255
332.2291
332.3326
332.4362
332.54
332.6434
332.7472
332.8509
332.9544
333.0584
333.1617
333.2653
333.3689
333.4725
333.5762
333.6798
333.7834
333.8871
333.9907
334.0945
334.198
334.3017
334.4052
334.6125
334.7162
334.8198
334.9236
335.0272
335.1309
335.2346
335.3382
335.4418
335.5455
335.6491
335.7526
335.8564
335.9602
336.0636
336.1674
336.271
336.4783
336.5819
336.6857
336.7893
336.8931
336.9966
337.204
337.4114
337.6187
337.8261
338.0334
338.2408
338.4485
338.656
338.8639
339.0717
339.2796
339.3834
339.4871
339.5909
339.7985
339.9021
340.006
340.1096
340.2133
340.317
340.4206
340.6278
340.7314
340.8355
340.9387
341.0422
341.1458
341.2494
341.353
341.56
341.7668
341.8702
342.0769
342.2838
342.4907
342.6978
342.9049
343.0083
343.112
343.2155
343.3189
343.4226
343.5262
343.6298
343.7334
343.8371
343.9407
344.0444
344.1479
344.2515
344.4587
344.5623
344.6659
344.7696
344.8732
344.9768
345.0804
345.184
345.2876
345.3913
345.495
345.5986
345.7022
345.806
345.9096
346.0132
346.1168
346.2206
346.3242
346.4278
346.5314
346.6351
346.7388
346.8424
346.9461
347.0497
347.1535
347.257
347.3606
347.5684
347.7753
347.9826
348.19
348.3976
348.6047
348.812
349.0194
349.2272
349.4361
349.642
349.8495
350.057
350.2644
350.4718
350.6792
350.7828
350.8865
350.9903
351.0938
351.1977
351.3012
351.4047
351.5087
351.6118
351.7156
351.9224
352.1294
352.3364
352.5433
352.7503
352.9572
353.1639
353.3708
353.5774
353.784
353.9906
354.1972
354.4038
354.6105
354.8177
354.9205
355.0238
355.2308
355.334
355.4377
355.5411
355.6446
355.7483
355.8517
355.9553
356.0589
356.1627
356.2663
356.4739
356.5778
356.7856
356.9937
357.3056
357.6175
357.8252
357.929
358.0327
358.2402
358.344
358.4477
358.5513
358.655
358.7586
358.8623
358.9659
359.0695
359.1731
359.2769
359.3805
359.4842
359.5879
359.6916
359.7952
359.8988
360.0026
360.1062
360.2099
360.3135
360.4172
360.5209
360.6245
360.7282
360.8318
360.9355
361.0392
361.1428
361.3502
361.4535
361.5574
361.6609
361.7645
361.8682
361.9719
362.0754
362.179
362.2826
362.3862
362.5934
362.8008
363.008
363.2154
363.4226
363.6299
363.9412
364.1485
364.3559
364.5632
364.7705
365.0814
365.3925
365.7036
366.0146
366.3256
366.533
366.7405
366.948
367.1556
367.3631
367.4669
367.6743
367.8817
367.9853
368.0889
368.1925
368.296
368.3996
368.5031
368.6066
368.7101
368.8135
368.9167
369.02
369.1232
369.2263
369.3295
369.536
369.6394
369.7428
369.8461
370.0531
370.1566
370.2603
370.3638
370.5711
370.6747
370.7783
370.8819
370.9855
371.0893
371.1929
371.2965
371.4003
371.5038
371.6076
371.7112
371.815
371.9186
372.0223
372.1265
372.2295
372.3333
372.437
372.5407
372.6442
372.748
372.8516
372.9552
373.0588
373.1625
373.2661
373.3698
373.4734
373.577
373.6808
373.7845
373.8881
373.9918
374.0954
374.1991
374.3027
374.4063
374.51
374.6136
374.7172
374.8209
374.9247
375.0285
375.1319
375.2356
375.3394
375.443
375.5466
375.6503
375.754
375.8577
375.9613
376.065
376.1686
376.2722
376.3758
376.4794
376.583
376.6868
376.7904
376.894
376.9976
377.1012
377.2049
377.3086
377.4123
377.5159
377.6197
377.7233
377.827
377.9306
378.0344
378.138
378.2416
378.3453
378.449
378.5526
378.6562
378.76
378.9673
379.1747
379.382
379.5892
379.7965
380.0033
380.2105
380.4173
380.6238
380.8301
380.9332
381.14
381.3464
381.5532
381.6564
381.7599
381.8633
381.9668
382.0703
382.1739
382.2775
382.3812
382.4851
382.5891
382.6931
382.7973
383.0056
383.2141
383.4226
383.6308
383.8388
383.9426
384.0466
384.1504
384.2544
384.3581
384.4619
384.5657
384.6694
384.8769
384.9805
385.0841
385.1878
385.2915
385.3951
385.4987
385.6024
385.706
385.8097
385.9134
386.017
386.1207
386.2243
386.3279
386.4315
386.5351
386.7423
386.8459
386.9496
387.0532
387.1569
387.2605
387.3641
387.4678
387.5714
387.6751
387.7787
387.8825
387.9861
388.0897
388.1934
388.2971
388.4008
388.5044
388.608
388.7118
388.8154
388.9191
389.0227
389.1264
389.2301
389.3337
389.4373
389.5411
389.6447
389.7484
389.852
390.0591
390.2661
390.4732
390.6805
390.8879
391.0955
391.1992
391.3027
391.4064
391.5101
391.6141
391.7175
391.8214
391.925
392.0287
392.1325
392.3401
392.4433
392.5471
392.7544
392.9619
393.1693
393.2729
393.3765
393.4801
393.5836
393.6872
393.7908
393.8944
393.9979
394.1015
394.205
394.3085
394.4121
394.5156
394.6192
394.7228
394.8265
394.9302
395.0339
395.1375
395.2411
395.3448
395.4484
395.552
395.6558
395.7601
395.8631
395.9668
396.0704
396.1741
396.2777
396.3812
396.4849
396.5886
396.6922
396.7959
396.8995
397.0033
397.107
397.2105
397.3143
397.4179
397.5215
397.6252
397.7288
397.8325
397.9361
398.0398
398.1434
398.2472
398.3508
398.4544
398.5581
398.6616
398.7652
398.8689
398.9726
399.0761
399.1798
399.2834
399.3871
399.4907
399.5944
399.698
399.8016
399.9054
400.009
400.1126
400.2162
400.3198
400.4235
400.5272
400.6308
400.7344
400.838
400.9417
401.0453
401.149
401.2527
401.4601
401.5637
401.6674
401.7711
401.8747
401.9784
402.0821
402.1858
402.2894
402.393
402.6003
402.8075
402.9111
403.0148
403.1184
403.3259
403.5333
403.637
403.7409
403.8446
403.9482
404.052
404.2594
404.4666
404.6737
404.8808
405.088
405.2951
405.5022
405.7093
406.0201
406.2274
406.4348
406.6422
406.8497
407.0573
407.2647
407.4722
407.6795
407.887
408.1979
408.5088
408.8195
409.1301
409.4404
409.6472
409.8541
410.0608
410.2675
410.4743
410.5776
410.6811
410.7845
410.888
410.9915
411.095
411.1985
411.3019
411.4056
411.5091
411.6127
411.7164
411.82
411.9238
412.0276
412.1315
412.2352
412.3391
412.4428
412.6504
412.858
413.0655
413.2731
413.4809
413.6886
413.7924
413.8961
413.9997
414.1034
414.2071
414.3107
414.4143
414.5178
414.6214
414.8286
415.0357
415.243
415.3466
415.4502
415.5538
415.6574
415.7612
415.8648
415.9684
416.072
416.1756
416.2792
416.3829
416.4865
416.59
416.6936
416.7972
416.9008
417.0045
417.1081
417.2117
417.3153
417.4189
417.5225
417.6261
417.7298
417.8333
417.9371
418.0407
418.1443
418.2479
418.3515
418.4552
418.5588
418.6624
418.766
418.8696
418.9732
419.0769
419.1805
419.2841
419.3877
419.4913
419.5949
419.6986
419.802
419.9057
420.0093
420.1129
420.2165
420.3201
420.4237
420.5274
420.631
420.7345
420.8381
420.9417
421.0452
421.1488
421.2524
421.356
421.4597
421.5632
421.6667
421.7704
421.8741
421.9777
422.0814
422.1849
422.2886
422.3922
422.4958
422.6001
422.7031
422.8066
422.9103
423.0139
423.1175
423.2211
423.3247
423.4283
423.5321
423.6357
423.7393
423.8429
423.9465
424.0502
424.1538
424.2574
424.3612
424.4647
424.5682
424.6719
424.7755
424.8791
424.9828
425.0863
425.1899
425.2935
425.3972
425.5009
425.6045
425.7081
425.8117
425.9154
426.019
426.1226
426.2262
426.3297
426.4333
426.5369
426.6404
426.744
426.8476
426.9514
427.055
427.1586
427.2622
427.3659
427.4695
427.5731
427.6769
427.7804
427.884
427.9877
428.0914
428.195
428.2986
428.4023
428.5059
428.6095
428.7131
428.8167
428.9202
429.0238
429.1274
429.2311
429.3347
429.4383
429.5419
429.6454
429.749
429.8526
429.9563
430.0599
430.1635
430.2671
430.3707
430.4744
430.5781
430.6817
430.7854
430.889
430.9928
431.0964
431.2
431.3037
431.4074
431.511
431.6146
431.7182
431.8218
431.9254
432.029
432.1327
432.2363
432.3399
432.4435
432.547
432.6506
432.7542
432.8577
432.9613
433.065
433.1686
433.2722
433.3758
433.4794
433.583
433.6866
433.7904
433.894
433.9976
434.1012
434.2048
434.3086
434.4122
434.5158
434.6195
434.7232
434.8269
434.9305
435.0342
435.1378
435.2415
435.3451
435.4488
435.5525
435.6561
435.7597
435.8634
435.9671
436.0707
436.1743
436.2778
436.3814
436.485
436.5886
436.6924
436.796
436.8996
437.0032
437.107
437.2106
437.3142
437.4179
437.5215
437.6253
437.7289
437.8326
437.9362
438.04
438.1436
438.2472
438.3507
438.4543
438.558
438.6616
438.7652
438.8688
438.9724
439.076
439.1797
439.2834
439.387
439.4907
439.5943
439.698
439.8016
439.9053
440.0089
440.1126
440.2162
440.3198
440.4234
440.527
440.6307
440.7342
440.8379
440.9415
441.0451
441.1487
441.2522
441.3558
441.4594
441.563
441.6667
441.7703
441.8739
441.9775
442.0811
442.1847
442.2883
442.392
442.5992
442.7027
442.8063
442.9099
443.0135
443.1171
443.2208
443.3244
443.428
443.5316
443.6353
443.739
443.8426
443.9462
444.0499
444.1534
444.257
444.3608
444.4644
444.568
444.6716
444.7754
444.879
444.9826
445.0862
445.1898
445.2936
445.3972
445.5008
445.6044
445.708
445.8117
445.9154
446.0189
446.1226
446.2263
446.3297
446.4335
446.5371
446.6407
446.7443
446.8479
446.9515
447.0553
447.1589
447.2625
447.3661
447.4699
447.5735
447.6771
447.7807
447.8843
447.9879
448.0917
448.1953
448.2989
448.4025
448.5062
448.6098
448.7134
448.817
448.9206
449.0243
449.1278
449.2316
449.3352
449.4388
449.5424
449.646
449.7498
449.8534
449.957
450.0606
450.1644
450.268
450.3716
450.4752
450.5788
450.6826
450.7862
450.8899
450.9935
451.0972
451.2008
451.4081
451.5116
451.7188
451.926
452.0296
452.2366
452.3402
452.4437
452.5472
452.6507
452.7542
452.8578
452.9613
453.0649
453.1684
453.272
453.3755
453.4792
453.5828
453.6865
453.7903
453.8942
453.9978
454.1016
454.2051
454.3089
454.4126
454.5163
454.6202
454.8279
455.0362
455.2438
455.4515
455.659
455.8665
456.0738
456.2811
456.4882
456.6954
457.0062
457.3172
457.6282
458.0425
458.4566
458.7671
459.0777
459.3883
459.5954
459.8024
460.0096
460.2165
460.4237
460.6309
460.8381
460.9417
461.1489
461.2525
461.3561
461.5635
461.6673
461.7711
461.8749
462.0824
462.2899
462.4975
462.6012
462.705
462.8086
462.9123
463.0159
463.1197
463.2233
463.327
463.4307
463.5342
463.6378
463.7414
463.8451
463.9487
464.0523
464.156
464.2597
464.3633
464.4671
464.5707
464.6743
464.778
464.8816
464.9853
465.0889
465.1926
465.2962
465.3999
465.5037
465.6072
465.7108
465.8144
465.918
466.0217
466.1253
466.229
466.3326
466.4361
466.5397
466.6434
466.747
466.8506
466.9542
467.0578
467.1614
467.265
467.3687
467.4723
467.576
467.6796
467.7832
467.887
467.9906
468.0942
468.198
468.3016
468.4052
468.5088
468.6124
468.7159
468.8196
468.9232
469.0268
469.1304
469.2341
469.3377
469.4415
469.5451
469.6488
469.7525
469.8562
469.9598
470.0634
470.167
470.2706
470.3743
470.4779
470.5816
