0
0.1037595
0.2075901
0.3116055
0.415086
0.5188692
0.6226876
0.7264318
0.8301706
0.9339528
1.037695
1.141483
1.245136
1.348871
1.452734
1.556375
1.660095
1.763837
1.867714
1.971323
2.074937
2.178679
2.282428
2.386034
2.489649
2.697006
2.904387
3.111717
3.319074
3.526551
3.733924
3.94129
4.148625
4.355974
4.563217
4.770559
4.977967
5.185269
5.392622
5.496314
5.600026
5.703641
5.80734
5.910955
6.014715
6.118447
6.221927
6.325669
6.42928
6.533021
6.636673
6.740399
6.844097
6.947755
7.051471
7.155209
7.258923
7.362568
7.46621
7.569925
7.673572
7.777286
7.881024
7.984696
8.0884
8.192118
8.295863
8.399546
8.503235
8.606978
8.710698
8.814436
8.918107
9.021867
9.125548
9.229148
9.332783
9.436507
9.540126
9.643856
9.747566
9.851216
9.954854
10.05845
10.16227
10.26595
10.36954
10.47333
10.57701
10.6808
10.78449
10.88838
10.9921
11.09628
11.19965
11.30336
11.40708
11.51057
11.61418
11.71802
11.82143
11.92506
12.02865
12.13214
12.23595
12.33962
12.44323
12.54685
12.65059
12.75421
12.85782
12.96145
13.06505
13.16879
13.27241
13.37617
13.47977
13.58338
13.687
13.79073
13.89444
13.99845
14.1018
14.20592
14.3092
14.41287
14.51654
14.62033
14.72368
14.82739
14.93163
15.03485
15.13855
15.24218
15.34573
15.4495
15.55307
15.65668
15.76042
15.86404
15.96778
16.0714
16.17517
16.27876
16.38237
16.48621
16.58973
16.69338
16.79696
16.90069
17.00432
17.10793
17.21226
17.31533
17.41895
17.52274
17.62628
17.73002
17.83361
17.93782
18.04102
18.14461
18.24822
18.35182
18.45567
18.55914
18.66305
18.76628
18.86992
18.97353
19.07714
19.18087
19.28453
19.38822
19.49184
19.59546
19.69907
19.80284
19.90642
20.01003
20.11365
20.21727
20.32088
20.4245
20.52812
20.63173
20.73535
20.83896
20.94258
21.04632
21.14994
21.25355
21.35717
21.46082
21.56462
21.66814
21.77179
21.87536
21.97904
22.08265
22.18621
22.29025
22.39357
22.49725
22.60085
22.70444
22.8081
22.91177
23.01539
23.11901
23.22265
23.32637
23.43007
23.53371
23.63732
23.74108
23.84468
23.94843
24.05212
24.15565
24.25939
24.363
24.46662
24.57024
24.67387
24.77759
24.88121
24.98488
25.08832
25.19195
25.29556
25.39916
25.50278
25.60639
25.71001
25.81362
25.91726
26.02085
26.12448
26.2281
26.33173
26.43544
26.53906
26.64267
26.74631
26.84992
26.95353
27.05726
27.16089
27.26453
27.36823
27.47185
27.57548
27.6792
27.78284
27.88656
27.99017
28.09379
28.19741
28.30102
28.40464
28.50825
28.61187
28.71563
28.81923
28.92284
29.02646
29.13007
29.23384
29.33743
29.44104
29.54466
29.64826
29.75201
29.85562
29.95912
30.06273
30.16635
30.26996
30.37358
30.47722
30.58081
30.68447
30.78817
30.89178
30.99556
31.09914
31.20276
31.30652
31.41011
31.51385
31.61747
31.72125
31.82482
31.92857
32.03219
32.13593
32.23954
32.34333
32.44703
32.55078
32.65437
32.75813
32.86174
32.9657
33.0705
33.17292
33.27645
33.38005
33.48381
33.58762
33.69122
33.79494
33.89864
34.00238
34.10599
34.20973
34.31353
34.4171
34.52083
34.62445
34.72806
34.8318
34.93542
35.03915
35.14278
35.24652
35.35013
35.454
35.55743
35.66109
35.76477
35.86833
35.97207
36.07584
36.17953
36.28328
36.38684
36.49055
36.59414
36.69776
36.8015
36.90521
37.00885
37.11259
37.21633
37.31995
37.42372
37.5273
37.63105
37.73466
37.8384
37.94202
38.04563
38.14925
38.25287
38.35648
38.4601
38.56371
38.66731
38.77106
38.87476
38.9783
39.08202
39.18565
39.28926
39.39288
39.4965
39.60024
39.70385
39.8076
39.91134
40.01495
40.11869
40.22233
40.32592
40.42966
40.53328
40.63702
40.74063
40.84427
40.94799
41.0516
41.15522
41.25896
41.36257
41.46632
41.56992
41.67355
41.77729
41.8809
41.98464
42.08838
42.192
42.29564
42.39935
42.50297
42.60658
42.7102
42.81381
42.91743
43.02117
43.12479
43.2284
43.33203
43.43564
43.53925
43.64287
43.74648
43.85009
43.95373
44.05745
44.16107
44.26468
44.36829
44.47193
44.57553
44.67914
44.78291
44.8865
44.99011
45.09374
45.19735
45.30098
45.40471
45.50832
45.61207
45.71567
45.81942
45.92303
46.02665
46.13028
46.2339
46.33749
46.44113
46.54472
46.64834
46.75209
46.8557
46.95944
47.06306
47.16655
47.27016
47.37377
47.47739
47.58103
47.68477
47.78931
47.89209
47.99584
48.09949
48.2032
48.30682
48.41045
48.51417
48.6178
48.72166
48.82516
48.92878
49.03237
49.136
49.23948
49.34322
49.44671
49.55058
49.65411
49.75756
49.86116
49.96478
50.06853
50.17201
50.27565
50.37937
50.483
50.58661
50.69023
50.79395
50.89757
51.00131
51.10507
51.20867
51.31245
51.41604
51.51976
51.62338
51.72712
51.83073
51.9345
52.03809
52.14183
52.24544
52.34918
52.45295
52.55666
52.66028
52.7639
52.86764
52.97127
53.07487
53.17848
53.28224
53.38584
53.48946
53.59309
53.69668
53.80032
53.90404
54.00765
54.11144
54.21503
54.31875
54.42237
54.52598
54.62972
54.73334
54.83708
54.9407
55.04431
55.14795
55.25154
55.3553
55.4589
55.56254
55.66625
55.76989
55.87361
55.97729
56.08086
56.18447
56.28813
56.3917
56.49531
56.59892
56.70242
56.80603
56.90964
57.01338
57.117
57.22062
57.32423
57.42772
57.53136
57.63495
57.73859
57.84218
57.9458
58.04953
58.15318
58.25681
58.3604
58.464
58.56762
58.67136
58.77497
58.87871
58.98246
59.08607
59.18981
59.29357
59.39717
59.50091
59.60465
59.70826
59.812
59.91574
60.01948
60.1231
60.22684
60.33046
60.43407
60.53783
60.64143
60.74517
60.84878
60.9524
61.05614
61.15976
61.26337
61.36698
61.47063
61.57422
61.67785
61.78412
61.88524
61.98891
62.09242
62.19657
62.30001
62.40341
62.50702
62.61105
62.71412
62.81773
62.92155
63.02496
63.12857
63.23221
63.33569
63.4393
63.54291
63.64652
63.75003
63.85363
63.95724
64.06073
64.16435
64.26797
64.37158
64.4752
64.57871
64.68258
64.78594
64.88962
64.99315
65.09677
65.20041
65.30413
65.40774
65.51137
65.61497
65.7193
65.82245
65.92608
66.02981
66.13343
66.23718
66.3409
66.44452
66.54825
66.65188
66.75549
66.8591
66.96272
67.06634
67.16996
67.27357
67.37719
67.4808
67.58429
67.68791
67.79152
67.89514
67.99874
68.10226
68.20586
68.3095
68.41296
68.5166
68.6202
68.7237
68.8273
68.93092
69.03442
69.13804
69.24164
69.34525
69.44887
69.55253
69.6561
69.75972
69.86333
69.96682
70.07046
70.17405
70.27768
70.38141
70.48505
70.58876
70.69238
70.79599
70.89976
71.00335
71.1072
71.21082
71.31434
71.41808
71.5218
71.62541
71.72915
71.8329
71.93653
72.04025
72.14399
72.2476
72.35137
72.45496
72.55861
72.66232
72.76606
72.86969
72.97342
73.07716
73.18081
73.2844
73.38813
73.49174
73.59536
73.69898
73.80272
73.90633
74.01009
74.11368
74.21743
74.32104
74.4247
74.52842
74.63201
74.73578
74.83937
74.94298
75.04674
75.15034
75.25396
75.3577
75.46143
75.56505
75.66879
75.77241
75.87616
75.97976
76.08325
76.18687
76.29048
76.3941
76.49761
76.60121
76.70486
76.80845
76.91195
77.01555
77.11918
77.22277
77.32639
77.43001
77.53363
77.63724
77.74086
77.84447
77.94826
78.05183
78.15545
78.25919
78.3628
78.46642
78.57005
78.67377
78.77738
78.88101
78.98461
79.08825
79.19184
79.29558
79.3992
79.50283
79.60643
79.71007
79.81379
79.9174
80.02104
80.12463
80.22839
80.33199
80.4356
80.53935
80.64296
80.7467
80.85032
80.95406
81.05769
81.16143
81.26503
81.36877
81.47239
81.576
81.67961
81.78311
81.88672
81.99035
82.09395
82.19758
82.30118
82.40492
82.50854
82.61216
82.71589
82.81952
82.92313
83.02688
83.13048
83.23422
83.33786
83.44164
83.54523
83.64884
83.75255
83.85629
83.96003
84.06365
84.16741
84.271
84.3751
84.47843
84.58213
84.68572
84.78941
84.89317
84.99684
85.10049
85.20407
85.30768
85.41144
85.51502
85.61878
85.72309
85.8265
85.92977
86.03369
86.13739
86.24076
86.34447
86.44845
86.65563
86.75938
86.86301
86.96692
87.17411
87.27832
87.38166
87.48535
87.58896
87.7963
87.90012
88.00384
88.1074
88.2116
88.31496
88.41853
88.52233
88.62598
88.72978
88.93726
89.14456
89.24817
89.35191
89.45553
89.55915
89.66276
89.76651
89.87026
89.97398
90.0776
90.18134
90.28508
90.38882
90.49243
90.59617
90.69991
90.80353
90.90727
91.01101
91.11465
91.21837
91.32213
91.42585
91.52959
91.63323
91.73695
91.84069
91.94442
92.04816
92.1519
92.25565
92.35939
92.46312
92.56689
92.67048
92.77425
92.87797
92.9817
93.08545
93.18921
93.29293
93.39654
93.50028
93.60402
93.70767
93.81138
93.91512
94.0189
94.12248
94.22629
94.32983
94.5372
94.6408
94.74454
94.84829
94.95189
95.05566
95.15937
95.26312
95.36673
95.47047
95.57409
95.67783
95.78157
95.8852
95.9888
96.09254
96.19616
96.29977
96.40341
96.50713
96.61091
96.7145
96.81822
96.92184
97.02558
97.12932
97.23306
97.33681
97.44042
97.54416
97.6479
97.75164
97.85525
97.95899
98.06274
98.16652
98.27011
98.37383
98.47745
98.58106
98.6848
98.78842
98.89215
98.99577
99.09951
99.20313
99.30675
99.41036
99.51397
99.61773
99.72133
99.82507
99.92869
100.0324
100.1362
100.2398
100.3435
100.4471
100.5508
100.6544
100.758
100.8616
100.9652
101.0688
101.1724
101.2762
101.3798
101.4834
101.587
101.6906
101.7943
101.8979
102.0016
102.1052
102.2089
102.3126
102.4162
102.52
102.6236
102.7273
102.8309
102.9347
103.0383
103.142
103.2457
103.3494
103.453
103.5567
103.6603
103.7641
103.8677
103.9713
104.0751
104.1787
104.2823
104.386
104.4898
104.5934
104.6973
104.8009
104.9046
105.0084
105.1121
105.2159
105.3194
105.4232
105.5269
105.6307
105.7344
105.8381
105.9419
106.0456
106.1494
106.2531
106.357
106.4608
106.5645
106.6682
106.7719
106.8757
106.9793
107.0832
107.1869
107.2905
107.3943
107.498
107.6016
107.7054
107.8091
107.9128
108.0164
108.1202
108.2239
108.3276
108.4312
108.5349
108.6388
108.7426
108.8459
108.9497
109.0532
109.1569
109.2605
109.3644
109.4679
109.5716
109.6753
109.7791
109.8827
109.9864
110.0901
110.1939
110.2976
110.4014
110.5051
110.6089
110.7125
110.8162
110.92
111.0236
111.1273
111.231
111.3347
111.4384
111.542
111.6458
111.7494
111.9566
112.1638
112.3709
112.5782
112.7856
112.9924
113.1996
113.4073
113.6142
113.8238
114.0288
