0
0.1036117
0.2073529
0.3111179
0.4147131
0.5199468
0.6220911
0.725703
0.8294654
0.9330382
1.036778
1.140398
1.244137
1.347751
1.451492
1.555107
1.658847
1.762586
1.866202
1.969964
2.073559
2.177298
2.28105
2.384674
2.488425
2.592012
2.695755
2.799368
2.903108
3.00675
3.110482
3.214204
3.317943
3.421685
3.525427
3.629166
3.732909
3.83666
3.940409
4.044264
4.148122
4.251862
4.355725
4.459611
4.563456
4.667325
4.771058
4.874947
4.978668
5.082534
5.1864
5.290138
5.394003
5.497872
5.601734
5.705475
5.809345
5.913083
6.016968
6.120823
6.224565
6.32844
6.432181
6.535919
6.639619
6.743256
6.847019
6.950676
7.054434
7.158126
7.261837
7.365577
7.469315
7.572928
7.676672
7.780431
7.88415
7.987818
8.091556
8.195302
8.299053
8.40273
8.506356
8.610085
8.7137
8.817441
8.921074
9.024545
9.128182
9.231657
9.335267
9.438799
9.542373
9.646095
9.749609
9.853097
9.956711
10.06045
10.16407
10.26768
10.47504
10.57878
10.68242
10.78618
10.88987
10.99353
11.09727
11.20102
11.30471
11.40845
11.51214
11.6159
11.71955
11.82328
11.92703
12.03077
12.13451
12.23813
12.34189
12.44549
12.54922
12.65287
12.75659
12.8602
12.96381
13.06755
13.17118
13.27491
13.37865
13.48241
13.58601
13.68975
13.79348
13.89712
14.00084
14.10445
14.20807
14.31181
14.41543
14.51906
14.62278
14.7264
14.83014
14.93376
15.03737
15.14111
15.24485
15.34849
15.45231
15.55595
15.65967
15.76346
15.86717
15.97091
16.07463
16.17849
16.28215
16.38589
16.48961
16.59323
16.69699
16.80059
16.90495
17.00813
17.11181
17.21568
17.31942
17.42316
17.5269
17.63064
17.73425
17.83799
17.94173
18.04536
18.14909
18.25283
18.35644
18.46006
18.5638
18.66742
18.7712
18.87477
18.97873
19.08226
19.18597
19.28953
19.39323
19.49684
19.60058
19.7042
19.80783
19.91155
20.01516
20.11891
20.22252
20.32614
20.4299
20.53351
20.6371
20.74072
20.8444
20.94799
21.0517
21.15531
21.25905
21.36266
21.46628
21.57009
21.67383
21.7775
21.88124
21.98489
22.08847
22.19209
22.29571
22.39937
22.50301
22.60669
22.71018
22.81379
22.91742
23.02116
23.12464
23.22826
23.33186
23.4355
23.53909
23.64273
23.74645
23.85006
23.9537
24.0573
24.16091
24.26453
24.36814
24.47176
24.57538
24.67899
24.78262
24.88623
24.98985
25.09357
25.19719
25.30082
25.40442
25.50805
25.61167
25.7154
25.81908
25.92279
26.02649
26.13016
26.23385
26.3375
26.44118
26.54482
26.64853
26.75206
26.85581
26.9594
27.06308
27.16666
27.27035
27.37399
27.47773
27.58157
27.68531
27.78906
27.89284
27.99666
28.1003
28.20406
28.30778
28.41162
28.51536
28.6191
28.72284
28.82659
28.93033
29.03407
29.13781
29.24155
29.34531
29.44916
29.55289
29.65676
29.76051
29.86424
29.96802
30.07185
30.1755
30.27923
30.38299
30.48671
30.59036
30.69406
30.7978
30.90156
31.00517
31.1089
31.21251
31.31628
31.42004
31.52362
31.62737
31.73109
31.83485
31.93858
32.04232
32.14606
32.24997
32.35368
32.45728
32.56102
32.66478
32.76837
32.87211
32.97586
33.07949
33.18321
33.28683
33.39056
33.49434
33.59779
33.70142
33.80503
33.90865
34.01226
34.11588
34.21992
34.3233
34.42688
34.53061
34.63421
34.73782
34.84147
34.94505
35.04867
35.15228
35.2559
35.35955
35.46322
35.56675
35.67048
35.77409
35.87783
35.98146
36.08507
36.18878
36.2923
36.39606
36.49966
36.70701
36.81077
36.91449
37.01811
37.12185
37.22549
37.32921
37.43285
37.53643
37.63992
37.74368
37.84728
37.95104
38.05465
38.15838
38.26267
38.36588
38.4695
38.57322
38.67697
38.78062
38.88419
38.9878
39.09154
39.19518
39.2989
39.40253
39.60976
39.71349
39.92124
40.0247
40.12834
40.23207
40.33581
40.43955
40.54329
40.64703
40.75077
40.85451
40.95825
41.06199
41.16573
41.26947
41.37324
41.477
41.58124
41.68449
41.78822
41.89194
41.99566
42.09952
42.20326
42.30701
42.41077
42.51448
42.61835
42.72209
42.82571
42.92959
43.03322
43.1368
43.24054
43.34415
43.44789
43.55153
43.65537
43.75899
43.86273
43.96657
44.07021
44.17385
44.27757
44.38131
44.48494
44.58866
44.6924
44.79604
44.89963
45.00338
45.107
45.21061
45.31437
45.41797
45.52158
45.62533
45.72894
45.83269
45.9363
46.04003
46.14378
46.2474
46.35113
46.45482
46.55836
46.66199
46.76562
46.86966
46.97295
47.07656
47.1803
47.28395
47.38767
47.49115
47.59477
47.69838
47.80202
47.90562
48.00923
48.11286
48.21646
48.31997
48.42366
48.52709
48.63055
48.73404
48.83753
48.94115
49.04477
49.14838
49.25219
49.35574
49.45935
49.56296
49.6666
49.77007
49.87371
49.9773
50.08079
50.28802
50.49519
50.59862
50.80587
51.01291
51.21994
51.42685
51.53028
51.63365
51.73714
51.84065
51.94412
52.04761
52.1511
52.25473
52.35833
52.46211
52.56569
52.66943
52.77317
52.87691
52.98058
53.08439
53.18816
53.29209
53.396
53.49987
53.60412
53.70798
53.81213
53.91571
54.02
54.12406
54.22756
54.33153
54.43528
54.5391
54.64287
54.74688
54.85039
54.95453
55.05791
55.16171
55.26546
55.36918
55.47294
55.57679
55.68051
55.78433
55.88826
55.9921
56.09593
56.19948
56.30334
56.40721
56.51097
56.61486
56.71859
56.82249
56.92631
57.02978
57.13364
57.23726
57.34101
57.44453
57.5484
57.65175
57.75534
57.85911
57.96257
58.06628
58.1698
58.27342
58.37703
58.48064
58.58426
58.688
58.79163
58.89523
58.99897
59.10271
59.20658
59.31044
59.4142
59.51804
59.62193
59.72578
59.82954
59.93338
60.03715
60.14087
60.24461
60.34836
60.45209
60.5557
60.65946
60.76307
60.86685
60.97054
61.07423
61.1779
61.28164
61.38538
61.48899
61.59274
61.69637
61.80009
61.90373
62.00744
62.11106
62.21468
62.31831
62.42191
62.52565
62.62926
62.73302
62.83662
62.94027
63.04398
63.14771
63.25133
63.35507
63.45869
63.5623
63.66606
63.76966
63.8734
63.97716
64.08088
64.18451
64.28824
64.39197
64.49559
64.59945
64.70322
64.80697
64.9107
65.01429
65.11808
65.22189
65.32554
65.42913
65.53296
65.63663
65.74024
65.84398
65.94762
66.0512
66.15494
66.25858
66.3623
66.46591
66.56966
66.67327
66.777
66.88063
66.98424
67.08785
67.1916
67.29536
67.39908
67.50269
67.60643
67.71017
67.81391
67.91753
68.02129
68.12488
68.22864
68.33226
68.43598
68.53977
68.64351
68.7472
68.85094
68.95471
69.05842
69.16218
69.26591
69.36965
69.47339
69.57713
69.68089
69.78448
69.88823
69.99196
70.09558
70.19936
70.3032
70.40657
70.51019
70.61393
70.71752
70.82127
70.9249
71.02862
71.13236
71.2361
71.33977
71.44337
71.54709
71.65069
71.75431
71.85805
71.96169
72.06544
72.16903
72.27276
72.37637
72.48014
72.58373
72.68747
72.79111
72.89473
72.99844
73.10206
73.20579
73.30942
73.41316
73.51681
73.62039
73.724
73.82776
73.9314
74.0351
74.13885
74.24262
74.34632
74.44994
74.5537
74.65742
74.76116
74.86477
74.96854
75.07213
75.17574
75.27936
75.38309
75.48671
75.59033
75.69407
75.79769
75.90142
76.00504
76.10883
76.2124
76.31602
76.41965
76.52335
76.62699
76.7306
76.83431
76.93794
77.04157
77.14531
77.24893
77.35261
77.4563
77.56002
77.66364
77.76726
77.87099
77.97461
78.07823
78.18197
78.28559
78.3892
78.49294
78.59655
78.70032
78.80391
78.90766
79.01129
79.11503
79.21862
79.32236
79.42598
79.5296
79.63321
79.73695
79.84071
79.94443
80.04817
80.15193
80.25565
80.35939
80.46314
80.56675
80.67049
80.7741
80.87784
80.98146
81.08508
81.18869
81.29246
81.39604
81.49966
81.6034
81.70702
81.81076
81.91437
82.01799
82.12173
82.22535
82.32896
82.4327
82.53631
82.63994
82.74372
82.84729
82.95103
83.05464
83.1584
83.2623
83.36575
83.4695
83.57317
83.67683
83.78045
83.88419
83.98793
84.09155
84.19529
84.29903
84.40264
84.50638
84.61
84.71374
84.81736
84.92097
85.02471
85.12833
85.23209
85.33568
85.43944
85.54304
85.64678
85.75039
85.85401
85.95779
86.06137
86.16498
86.26872
86.37234
86.47595
86.57973
86.68333
86.78705
86.89066
86.99428
87.09806
87.20164
87.30537
87.40899
87.51261
87.61622
87.71996
87.82365
87.92734
88.03093
88.13456
88.23832
88.34196
88.44553
88.54926
88.65288
88.75661
88.86036
88.96412
89.06773
89.17145
89.27519
89.37881
89.48255
89.58629
89.68991
89.79365
89.89739
90.00113
90.10487
90.20849
90.31224
90.41597
90.51961
90.62332
90.72694
90.83078
90.93429
91.03791
91.14162
91.2455
91.34903
91.4526
91.55623
91.65998
91.86733
92.07483
92.28217
92.48956
92.6969
92.90433
93.11156
93.31858
93.52569
93.73266
93.93954
94.14657
94.35369
94.56084
94.76808
94.87183
94.97543
95.0792
95.18292
95.28652
95.39026
95.49402
95.59775
95.7015
95.80535
95.90909
96.01296
96.22082
96.32482
96.42879
96.63677
96.84463
97.05236
97.25984
97.46732
97.57106
97.6748
97.77842
97.88216
97.9859
98.08953
98.19326
98.29702
98.40075
98.50448
98.60822
98.71183
98.81557
98.91931
99.02293
99.12667
99.2308
99.33402
99.43779
99.5415
99.64525
99.74886
99.8526
99.95622
100.06
100.1637
100.2674
100.3711
100.4748
100.5785
100.6821
100.7859
100.8895
100.9932
101.0969
101.2006
101.3042
101.408
101.5117
101.6155
101.7191
101.823
101.9264
102.0301
102.134
102.2374
102.3411
102.4449
102.5485
102.6522
102.756
102.8597
102.9633
103.067
103.1707
103.2743
103.378
103.4817
103.6891
103.8964
104.1038
104.3113
104.5187
104.726
104.9333
105.1406
105.348
105.5552
105.7623
105.9694
106.1761
106.383
106.5899
106.7968
107.0038
107.2109
107.3146
107.4182
107.5218
107.6254
107.7291
107.8327
107.9366
108.0404
108.1442
108.2481
108.352
108.4558
108.5598
108.6639
108.7677
108.8717
109.0796
109.2876
109.4956
109.7042
109.8075
109.9112
110.0149
110.1187
110.3261
110.5335
110.7409
110.8446
110.9484
111.0521
111.1557
111.2594
111.3631
111.4668
111.5704
111.6741
111.7778
111.8814
112.0887
112.2962
112.3998
112.5036
112.6072
112.7109
112.8145
112.9183
113.022
113.1258
113.2295
113.3332
113.437
113.5407
113.6443
113.7481
113.8517
113.9554
114.1628
114.2665
114.3703
114.4739
114.5778
114.6815
114.7852
114.8889
114.9926
115.0963
115.2001
115.3037
115.4074
115.5111
115.6148
115.7185
115.8223
115.926
116.0297
116.1334
116.2371
116.4445
116.5483
116.7557
116.8593
116.963
117.0667
117.1704
117.2741
117.3778
117.4815
117.5852
117.689
117.7926
117.8963
118.0001
118.1037
118.2074
118.4152
118.6224
118.8299
119.0372
119.2446
119.4519
119.6593
119.8667
120.074
120.2814
120.4887
120.6962
120.9035
121.111
121.3184
121.422
121.6295
121.7332
121.9406
122.1479
122.3553
122.5627
122.77
122.9774
123.1848
123.2885
123.4959
123.5997
123.7034
123.8072
123.9109
124.1183
124.3257
124.5331
124.7404
124.8441
124.9478
125.0514
125.1552
125.2588
125.3625
125.4663
125.5699
125.6736
125.7772
125.881
125.9846
126.0882
126.1919
126.2957
126.3993
126.503
126.6066
126.7104
126.8141
126.9178
127.0214
127.1251
127.2288
127.3323
127.4361
127.5397
127.6435
127.7472
127.8508
127.9546
128.0581
128.1619
128.2655
128.3691
128.4729
128.5766
128.6802
128.7838
128.8876
128.9912
129.0949
129.1985
129.3023
129.4059
129.5097
129.6134
129.717
129.8207
129.9245
130.0282
130.132
130.2357
130.3395
130.4431
130.5468
130.6504
130.7542
130.8579
130.9615
131.0651
131.2725
131.3762
131.4799
131.5836
131.6872
131.7909
131.8945
131.9982
132.1019
132.2055
132.3091
132.4129
132.5166
132.6204
132.7241
132.9316
133.1391
133.3471
133.554
133.7614
133.969
134.1767
134.3844
134.5923
134.8003
135.0084
135.2164
135.4245
135.5285
135.6326
135.7366
135.8406
135.9446
136.0484
136.1524
136.2563
136.36
136.4638
136.5675
136.6711
136.7746
136.8782
137.0852
137.2922
137.4992
137.7061
137.9132
138.1204
138.3273
138.5344
138.7417
138.9489
139.0525
139.1563
139.2599
139.3636
139.4672
139.571
139.6747
139.7785
139.8822
139.9859
140.0897
140.1933
140.2971
140.4008
140.5045
140.6082
140.7119
140.8156
140.9193
141.0231
141.1268
141.2306
141.3343
141.4382
141.5419
141.6457
141.7494
141.8531
141.9569
142.0605
142.1643
142.268
142.3717
142.4753
142.5791
142.6828
142.7866
142.8904
142.9942
143.0979
143.2018
143.3055
143.4092
143.513
143.6167
143.7205
143.8243
143.9281
144.0318
144.1356
144.2394
144.3432
144.4469
144.5506
144.6544
144.7581
144.8617
144.9655
145.0691
145.1729
145.2766
145.3803
145.4839
145.5878
145.6915
145.7951
145.8989
146.0026
146.1064
146.2101
146.3138
146.4177
146.5215
146.6252
146.7288
146.8326
146.9363
147.0399
147.1436
147.2474
147.3511
147.4547
147.5585
147.6621
147.7658
147.8696
147.9733
148.077
148.1807
148.2843
148.388
148.4917
148.5953
148.699
148.8027
148.9064
149.0102
149.1139
149.2176
149.3213
149.4251
149.5288
149.6325
149.7363
149.84
149.9438
150.0475
150.1514
150.2551
150.3589
150.4626
150.5663
150.6701
150.7738
150.8774
150.9812
151.0849
151.1887
151.2925
151.3963
151.4999
151.6036
151.7074
151.8111
151.9147
152.0185
152.1221
152.2258
152.3294
152.4331
152.5367
152.6403
152.744
152.8476
152.9514
153.055
153.1587
153.2623
153.3661
153.4698
153.5733
153.6771
153.7807
153.8844
153.988
154.0934
154.1954
154.299
154.4027
154.5063
154.61
154.7136
154.8173
154.9209
155.0247
155.1283
155.232
155.3356
155.4394
155.543
155.6466
155.7504
155.854
155.9577
156.0615
156.1652
156.2688
156.3725
156.4763
156.5799
156.6836
156.7874
156.8912
156.9948
157.0985
157.2022
157.306
157.4097
157.5134
157.6171
157.7208
157.8245
157.9283
158.032
158.1356
158.2394
158.343
158.4467
158.5505
158.6542
158.758
158.8617
158.9654
159.0692
159.1729
159.277
159.3803
159.484
159.5876
159.6914
159.7951
159.8987
160.0025
160.1062
160.21
160.3136
160.4173
160.521
160.6248
160.7284
160.8322
160.9359
161.0395
161.1434
161.2471
161.3508
161.4546
161.5583
161.662
161.7657
161.8694
161.9732
162.0769
162.1805
162.2843
162.388
162.4916
162.5954
162.699
162.8027
162.9063
163.0101
163.1138
163.2174
163.3212
163.4249
163.5285
163.6323
163.736
163.8396
163.9434
164.0471
164.1507
164.2545
164.3582
164.4619
164.5657
164.6694
164.7732
164.8768
164.9805
165.0843
165.188
165.2916
165.3953
165.4991
165.6028
165.7066
165.8104
165.9141
166.0178
166.1215
166.2253
166.3289
166.4326
166.5364
166.64
166.7437
166.8475
166.9512
167.0549
167.1587
167.2624
167.366
167.4698
167.5734
167.6772
167.7809
167.8845
167.9883
168.0919
168.1956
168.2992
168.4028
168.5066
168.6102
168.7139
168.8175
168.9212
169.0249
169.1285
169.2323
169.3359
169.4396
169.5433
169.647
169.7508
169.8544
169.9582
170.0619
170.1657
170.2694
170.3731
170.477
170.5807
170.6845
170.7884
170.8921
170.996
171.0997
171.2034
171.3073
171.4111
171.5148
171.6184
171.7221
171.8259
171.9295
172.0332
172.137
172.2407
172.3445
172.4481
172.5518
172.6556
172.7592
172.8629
172.9667
173.0704
173.1741
173.2779
173.3816
173.4854
173.5891
173.6927
173.7965
173.9001
174.0038
174.1075
174.2113
174.3151
174.4188
174.5224
174.6261
174.7297
174.8335
174.9371
175.0409
175.1446
175.2483
175.3519
175.4556
175.5593
175.6629
175.7666
175.8704
175.974
176.0777
176.1814
176.2851
176.3888
176.4925
176.5962
176.6998
176.8034
176.9072
177.0109
177.1145
177.2182
177.3219
177.4255
177.5293
177.633
177.7366
177.8404
177.9438
178.0473
178.1509
178.2545
178.3583
178.4619
178.5656
178.6694
178.7731
178.8769
178.9806
179.0843
179.1881
179.2918
179.3955
179.4992
179.6029
179.7067
179.8104
179.9143
180.018
180.1217
180.2256
180.3294
180.5367
180.7441
180.9515
181.1589
181.3664
181.5739
181.7815
181.989
182.1964
182.404
182.6115
182.8194
183.0266
183.234
183.5453
183.8563
184.1673
184.478
184.6852
184.8923
185.0994
185.3065
185.41
185.5137
185.6171
185.7207
185.8243
185.928
186.0316
186.1353
186.2391
186.3428
186.4466
186.5503
186.6542
186.7579
186.8619
186.9657
187.0698
187.1736
187.2776
187.3816
187.4855
187.5893
187.6932
187.797
187.9009
188.0048
188.1088
188.2127
188.3167
188.4206
188.5246
188.6285
188.7325
188.8363
188.9402
189.044
189.1478
189.2515
189.3553
189.459
189.5629
189.6666
189.7704
189.8741
189.9778
190.0815
190.1852
190.2888
190.3926
190.4962
190.5999
190.7036
190.8074
190.9111
191.0148
191.1185
191.2222
191.3258
191.4295
191.5332
191.6369
191.7407
191.8444
191.9482
192.0519
192.1556
192.2594
192.363
192.4667
192.5704
192.6741
192.7778
192.8815
192.9852
193.0889
193.1926
193.2962
193.3999
193.5035
193.6071
193.7109
193.8145
193.9181
194.0217
194.1254
194.229
194.3327
194.4363
194.5399
194.6437
194.7474
194.851
194.9548
195.0584
195.1621
195.2657
195.3693
195.4731
195.5767
195.6804
195.7841
195.8877
195.9914
196.095
196.1986
196.3024
196.406
196.5096
196.6134
196.717
196.8207
196.9243
197.0279
197.1316
197.2353
197.3389
197.4426
197.5463
197.6499
197.7535
197.8572
197.9609
198.0646
198.1682
198.272
198.3756
198.4792
198.583
198.6867
198.7903
198.8941
198.9978
199.1015
199.2052
199.3089
199.4126
199.5162
199.6197
199.7235
199.8271
199.9308
200.0344
200.1382
200.2419
200.3455
200.4493
200.553
200.6567
200.7605
200.8642
200.968
201.0717
201.1755
201.2792
201.3829
201.4865
201.5903
201.694
201.7978
201.9015
202.0052
202.109
202.2127
202.3165
202.4202
202.5239
202.6277
202.7313
202.835
202.9388
203.0425
203.1463
203.25
203.3537
203.4575
203.5612
203.665
203.7687
203.8726
203.9763
204.0802
204.1839
204.2878
204.3915
204.599
204.8065
205.014
205.2214
205.4291
205.6364
205.8439
206.0511
206.2584
206.4667
206.6727
206.8799
207.0872
207.2943
207.5014
207.605
207.7086
207.8122
207.9159
208.0197
208.1234
208.2272
208.3309
208.4348
208.5385
208.6423
208.7461
208.85
208.9539
209.0578
209.1618
209.2657
209.3697
209.4736
209.5774
209.6814
209.7854
209.8894
209.9933
210.0972
210.2013
210.3052
210.4092
210.5133
210.6171
210.7211
210.8251
210.929
211.033
211.137
211.2409
211.345
211.4491
211.5525
211.6564
211.7602
211.8642
211.9678
212.0714
212.1752
212.279
212.3827
212.4868
212.5901
212.6939
212.7976
212.9012
213.0051
213.1087
213.2123
213.3162
213.4198
213.5236
213.6273
213.731
213.8349
213.9385
214.0424
214.1458
214.2495
214.3532
214.4569
214.5606
214.6643
214.768
214.8717
214.9754
215.0794
215.1828
215.2864
215.3901
215.494
215.5978
215.7015
215.8055
215.9088
216.0126
216.1163
216.2199
216.3237
216.4274
216.5312
216.6348
216.7385
216.8423
216.9459
217.0496
217.1533
217.257
217.3605
217.4641
217.5678
217.6715
217.7752
217.8788
217.9826
218.0865
218.19
218.2936
218.3974
218.501
218.6046
218.7082
218.812
218.9157
219.0193
219.123
219.2265
219.3303
219.434
219.5376
219.6414
219.7451
219.8489
219.9525
220.0562
220.1598
220.2636
220.3672
220.4711
220.5747
220.6783
220.7821
220.8858
220.9895
221.0931
221.1968
221.3006
221.4043
221.5081
221.6118
221.7154
221.8191
221.9228
222.0265
222.1301
222.2339
222.3377
222.4413
222.545
222.6486
222.7523
222.8561
222.9598
223.0636
223.1672
223.271
223.3747
223.4783
223.582
223.6857
223.7894
223.8931
223.9967
224.1004
224.2041
224.3078
224.4116
224.5152
224.6189
224.7227
224.8264
224.9302
225.0338
225.1375
225.2413
225.345
225.4486
225.5524
225.6562
225.7598
225.8634
225.9672
226.0708
226.1746
226.2783
226.3819
226.4857
226.5894
226.6931
226.7968
226.9005
227.0042
227.1079
227.2117
227.3155
227.4193
227.5231
227.6266
227.7304
227.8341
227.9379
228.0416
228.1452
228.2488
228.3526
228.4562
228.5599
228.6636
228.7675
228.871
228.9746
229.0784
229.1821
229.2859
229.3905
229.4932
229.5968
229.7006
229.8042
229.9078
230.0115
230.1152
230.2189
230.3226
230.4263
230.53
230.6338
230.7374
230.8411
230.9449
231.0485
231.1524
231.2561
231.3599
231.4638
231.5676
231.6714
231.7751
231.8789
231.9826
232.0862
232.19
232.2936
232.3973
232.5009
232.6047
232.7082
232.8119
232.9158
233.019
233.1226
233.2263
233.3299
233.4335
233.5371
233.6408
233.7444
233.8481
233.9519
234.0556
234.1593
234.2629
234.3665
234.4703
234.574
234.6776
234.7814
234.8851
234.9887
235.0925
235.1961
235.2997
235.4034
235.507
235.6108
235.7144
235.8181
235.9218
236.0255
236.1291
236.2327
236.3365
236.4401
236.5438
236.6474
236.7512
236.8549
236.9585
237.0623
237.166
237.2698
237.3735
237.4771
237.5809
237.6846
237.7882
237.892
237.9957
238.0994
238.2031
238.3068
238.4104
238.5141
238.6177
238.7211
238.8247
238.9284
239.0325
239.1355
239.2392
239.3429
239.4465
239.5502
239.6538
239.7575
239.8611
239.9647
240.0682
240.1719
240.2756
240.3793
240.4829
240.5866
240.6903
240.794
240.8977
241.0016
241.1052
241.2088
241.3125
241.4163
241.52
241.6237
241.7274
241.8311
241.9347
242.0384
242.1422
242.2458
242.3495
242.4533
242.557
242.6612
242.7644
242.868
242.9718
243.0755
243.1791
243.2827
243.3865
243.4901
243.594
243.6974
243.8011
243.9048
244.0085
244.1121
244.2159
244.3195
244.4232
244.5269
244.6311
244.7345
244.8379
244.9416
245.0452
245.1489
245.2525
245.3563
245.4599
245.5636
245.6674
245.7711
245.8747
245.9785
246.0821
246.1858
246.2896
246.3932
246.4969
246.6005
246.7043
246.8079
246.9116
247.0152
247.119
247.2226
247.3263
247.43
247.5337
247.6373
247.7411
247.8447
247.9483
248.052
248.1557
248.2594
248.363
248.4668
248.5704
248.6742
248.7778
248.8816
248.9853
249.0889
249.1926
249.2963
249.3999
249.5035
249.6071
249.7108
249.8144
249.9181
250.0217
250.1255
250.2292
250.333
250.4366
250.5403
250.644
250.7478
250.9554
251.0592
251.2666
251.3704
251.4741
251.5777
251.6814
251.7852
251.8889
251.9927
252.0963
252.3038
252.4074
252.5111
252.6149
252.7185
252.8222
252.9258
253.0296
253.1332
253.2369
253.3406
253.4443
253.5479
253.6516
253.7554
253.8591
253.9628
254.0666
254.1704
254.2741
254.3778
254.4816
254.5853
254.6889
254.7927
254.8963
255
255.1036
255.2074
255.3111
255.4148
255.5186
255.6223
255.7261
255.8308
255.9337
256.0374
256.1412
256.2451
256.4525
256.66
256.8678
257.0748
257.2822
257.4897
257.6972
257.9046
258.112
258.2157
258.4232
258.5269
258.6306
258.7342
258.8379
258.9416
259.0453
259.149
259.2529
259.3564
259.46
259.5637
259.6674
259.7712
259.8748
259.9786
260.0823
260.1861
260.2898
260.3935
260.4972
260.6009
260.7046
260.8083
260.913
261.0171
261.1195
261.2232
261.3269
261.4305
261.5343
261.6379
261.7415
261.8453
261.9491
262.0526
262.1562
262.26
262.3636
262.4673
262.5709
262.6747
262.7783
262.882
262.9858
263.0896
263.1932
263.2969
263.4006
263.5044
263.6081
263.7118
263.8156
264.0231
264.2309
264.4393
264.6457
264.8533
265.0611
265.2688
265.4765
265.5806
265.6843
265.7881
265.8922
265.996
266.0999
266.2039
266.3077
266.4116
266.5155
266.6194
266.7234
266.8273
266.9312
267.0349
267.1387
267.2423
267.3459
267.4495
267.553
267.6565
267.76
267.8635
268.0703
268.2769
268.3803
268.4836
268.5872
268.6906
268.7941
268.8976
269.0012
269.1049
269.2085
269.3122
269.4158
269.5195
269.6232
269.7269
269.8306
269.9343
270.0382
270.1416
270.2454
270.349
270.4527
270.5565
270.6601
270.7638
270.8676
270.9713
271.0749
271.1786
271.2824
271.3861
271.4897
271.5935
271.6971
271.8008
271.9045
272.0082
272.1118
272.2156
272.3193
272.4229
272.5267
272.6304
272.7341
272.9419
273.1496
273.3572
273.5653
273.7734
273.9817
274.19
274.3982
274.6063
274.8143
274.9183
275.0223
275.1262
275.23
275.3339
275.4379
275.5417
275.6456
275.7495
275.8532
275.957
276.0606
276.1642
276.2678
276.3714
276.4749
276.5784
276.6818
276.7853
276.8887
276.9923
277.0957
277.1993
277.3029
277.4064
277.5101
277.6137
277.7174
277.8211
277.9248
278.0285
278.1323
278.2359
278.3396
278.4434
278.5471
278.6509
278.7547
278.8584
278.9622
279.0659
279.1697
279.2734
279.3773
279.481
279.5847
279.6885
279.7924
279.8961
279.9998
280.1036
280.2073
280.3109
280.4147
280.5183
280.622
280.7258
280.8294
280.9331
281.0369
281.1405
281.2442
281.348
281.4517
281.5553
281.6591
281.7628
281.8664
281.9702
282.0739
282.1776
282.2813
282.385
282.4887
282.5925
282.6962
282.8
282.9039
283.0073
283.1111
283.2148
283.3185
283.4223
283.5261
283.6299
283.7336
283.8374
283.9412
284.045
284.1488
284.2525
284.3567
284.4601
284.5637
284.6679
284.7712
284.875
284.9785
285.0823
285.186
285.29
285.3934
285.4971
285.6008
285.7046
285.8083
285.9121
286.0158
286.1195
286.2233
286.327
286.431
286.5345
286.6381
286.7418
286.8456
286.9493
287.0529
287.1567
287.2603
287.364
287.4677
287.5714
287.6751
287.7789
287.8826
287.9864
288.0902
288.1937
288.2975
288.4012
288.5048
288.6086
288.7123
288.816
288.92
289.0233
289.127
289.2308
289.3344
289.4381
289.5419
289.6455
289.7492
289.853
289.9566
290.0603
290.164
290.2678
290.3716
290.4751
290.5789
290.6826
290.7862
290.89
290.9936
291.0973
291.2011
291.3048
291.4084
291.5122
291.6158
291.7194
291.823
291.9266
292.0304
292.1341
292.2376
292.3414
292.4451
292.5488
292.6525
292.7563
292.8599
292.9637
293.0675
293.1711
293.2748
293.3784
293.4821
293.5857
293.6895
293.7932
293.8969
294.0006
294.1042
294.2079
294.3117
294.4154
294.519
294.6228
294.7266
294.8302
294.934
295.0376
295.1412
295.245
295.3486
295.4523
295.556
295.6597
295.7633
295.8669
295.9706
296.0743
296.178
296.2816
296.3853
296.489
296.5927
296.6963
296.8
296.9037
297.0074
297.1111
297.2149
297.3186
297.4224
297.5261
297.6297
297.7335
297.8371
297.9407
298.0445
298.148
298.2518
298.3555
298.4592
298.5632
298.6667
298.7707
298.8742
298.978
299.0816
299.1853
299.2891
299.393
299.4967
299.6004
299.7041
299.8078
299.9115
300.0154
300.1191
300.2229
300.3266
300.4303
300.5341
300.6378
300.7416
300.8452
300.9489
301.0525
301.1563
301.26
301.3638
301.4676
301.5714
301.6752
301.779
301.8827
301.9866
302.0903
302.1941
302.2979
302.4017
302.5054
302.6091
302.7129
302.8166
302.9204
303.0241
303.1279
303.2318
303.3355
303.439
303.5427
303.6463
303.7499
303.854
303.9574
304.061
304.1647
304.2685
304.3722
304.476
304.5797
304.6834
304.7871
304.8908
304.9945
305.0983
305.202
305.3058
305.4095
305.5132
305.6169
305.7206
305.8244
306.0317
306.1354
306.3429
306.4467
306.5504
306.654
306.7576
306.8614
306.9651
307.0687
307.1725
307.2762
307.38
307.4836
307.5873
307.691
307.7948
307.8985
308.0023
308.106
308.2096
308.3135
308.4171
308.5209
308.6246
308.7283
308.8321
308.9358
309.0394
309.1431
309.2468
309.3504
309.454
309.5578
309.6614
309.7651
309.8689
309.9732
310.0761
310.1798
310.2846
310.3873
310.491
310.5948
310.6985
310.8023
310.9059
311.0097
311.1138
311.2172
311.321
311.4247
311.5284
311.6322
311.7359
311.8397
311.9434
312.047
312.1508
312.2544
312.3581
312.4619
312.5655
312.6692
312.7728
312.8766
312.9803
313.0841
313.1878
313.2914
313.3952
313.4989
313.6027
313.7065
313.8102
313.914
314.0177
314.1215
314.2252
314.3288
314.4326
314.5363
314.6399
314.7437
314.9511
315.1586
315.3661
315.4698
315.5736
315.6773
315.7811
315.8849
315.9887
316.0924
316.1961
316.3
316.4037
316.5075
316.6111
316.7149
316.8186
316.9222
317.026
317.1297
317.2335
317.3372
317.441
317.5446
317.6484
317.7521
317.8558
317.9595
318.0632
318.167
318.2707
318.3746
318.4784
318.5821
318.6858
318.7895
318.8933
318.997
319.1008
319.2045
319.3082
319.4118
319.5156
319.6193
319.7229
319.8267
319.9304
320.034
320.1378
320.2415
320.3451
320.4489
320.5526
320.6564
320.76
320.8637
320.9674
321.0712
321.1749
321.2787
321.3824
321.4862
321.5899
321.6936
321.7975
321.9012
322.0051
322.1088
322.2126
322.3164
322.4202
322.5239
322.6278
322.7316
322.8354
322.9392
323.043
323.1468
323.2505
323.3543
323.4601
323.5636
323.6655
323.7692
323.873
323.9768
324.0808
324.1846
324.2882
324.3915
324.4953
324.599
324.7027
324.8065
324.9101
325.0139
325.1174
325.2212
325.325
325.4285
325.5323
325.636
325.7398
325.8435
325.9471
326.0509
326.1545
326.2582
326.362
326.4657
326.5695
326.6732
326.7769
326.8807
326.9843
327.088
327.1918
327.2956
327.3992
327.503
327.6067
327.7106
327.8143
327.9181
328.0219
328.1255
328.2292
328.3328
328.4365
328.5403
328.644
328.7476
328.8514
328.955
329.0587
329.1623
329.2661
329.3698
329.4735
329.5772
329.6809
329.7845
329.8883
329.9919
330.0956
330.1994
330.3031
330.4068
330.5106
330.6143
330.718
330.8217
330.9254
331.0292
331.1328
331.2365
331.3403
331.4439
331.5476
331.6512
331.7548
331.8586
331.9622
332.0659
332.1696
332.2733
332.3769
332.4806
332.5844
332.6881
332.7919
332.8956
332.9994
333.1031
333.2068
333.3106
333.4144
333.518
333.6219
333.7257
333.8295
333.9331
334.0367
334.1405
334.2441
334.3479
334.4516
334.5553
334.6589
334.7627
334.8664
334.97
335.0738
335.1775
335.2811
335.3849
335.4886
335.5922
335.696
335.7996
335.9033
336.0071
336.1108
336.2146
336.3183
336.422
336.5257
336.6294
336.7331
336.8369
336.9408
337.0444
337.1482
337.2521
337.3557
337.4594
337.5632
337.6669
337.7706
337.8744
337.9781
338.0819
338.1857
338.2894
338.3931
338.4969
338.6006
338.7043
338.8081
338.9118
339.0154
339.1192
339.2229
339.3266
339.4304
339.5341
339.6379
339.7416
339.8453
339.9491
340.053
340.1567
340.2604
340.3642
340.4679
340.5717
340.6754
340.7793
340.883
340.9868
341.0904
341.1941
341.2978
341.4015
341.5052
341.6089
341.8163
342.0238
342.2313
342.4389
342.6466
342.8542
343.062
343.2697
343.4772
343.685
343.8932
344.1007
344.3086
344.5162
344.7238
344.8275
345.0351
345.1389
345.2426
345.3465
345.4501
345.5539
345.6576
345.7612
345.8648
345.9684
346.072
346.1756
346.2794
346.383
346.4866
346.5902
346.6939
346.7973
346.901
347.0047
347.1082
347.2118
347.3155
347.4192
347.5228
347.6264
347.8339
347.9376
348.1461
348.2487
348.3524
348.4562
348.5598
348.6636
348.7672
348.8708
348.9745
349.0783
349.182
349.2858
349.3895
349.4932
349.5969
349.7007
349.8045
349.9082
350.0118
350.1156
350.2194
350.323
350.4267
350.5305
350.6342
350.8417
351.0491
351.2564
351.4638
351.6711
351.8784
352.0857
352.2928
352.4999
352.707
352.9141
353.1213
353.3285
353.4323
353.5358
353.6396
353.7433
353.8471
353.9507
354.0544
354.1582
354.2619
354.3658
354.4695
354.5734
354.6772
354.7812
354.8853
354.9892
355.0931
355.1971
355.3009
355.4049
355.5088
355.6128
355.7168
355.8208
355.9247
356.1327
356.2368
356.3407
356.4447
356.5486
356.6524
356.7563
356.86
356.9638
357.0675
357.1714
357.2751
357.3789
357.4825
357.5862
357.69
357.7937
357.8975
358.0012
358.1049
358.2087
358.3124
358.4164
358.5198
358.6236
358.7274
358.8313
358.9351
359.0393
359.1429
359.2468
359.3507
359.4547
359.5585
359.6624
359.7663
359.8706
359.974
360.0779
360.1818
360.2856
360.3894
360.4932
360.5968
360.7006
360.8044
360.9082
361.0119
361.1155
361.2193
361.3231
361.4267
361.5304
361.6341
361.7379
361.8416
362.0489
362.2564
362.36
362.5675
362.6713
362.775
362.8786
362.9825
363.0861
363.1896
363.2932
363.397
363.5006
363.6043
363.7079
363.8114
363.9153
364.0188
364.1224
364.226
364.3297
364.4344
364.537
364.6407
364.7444
364.8481
364.9517
365.0553
365.159
365.2626
365.3664
365.47
365.5737
365.6775
365.7812
365.8848
365.9884
366.0922
366.1958
366.2995
366.4032
366.5069
366.6106
366.7144
366.818
366.9217
367.0256
367.1294
367.233
367.3367
367.4405
367.5442
367.6479
367.7517
367.8554
367.959
368.0628
368.1665
368.2702
368.3738
368.4775
368.5812
368.6848
368.7883
368.8919
368.9956
369.0993
369.2029
369.307
369.4104
369.5137
369.6175
369.7211
369.8248
369.9285
370.0322
370.1359
370.2394
370.3432
370.4468
370.5504
370.6541
370.7578
370.8614
370.9651
371.0689
371.1725
371.2761
371.3799
371.4836
371.5872
371.6908
371.7945
371.8983
372.0019
372.1056
372.2094
372.3131
372.4167
372.5203
372.624
372.7277
372.8313
372.9351
373.0387
373.1424
373.2462
373.3498
373.4535
373.5573
373.661
373.7648
373.8684
373.9721
374.0758
374.2831
374.3868
374.4906
374.6979
374.8015
374.9053
375.009
375.2166
375.3201
375.5276
375.7351
375.9426
376.15
376.358
376.5651
376.7726
376.9801
377.1874
377.3948
377.6021
377.8096
378.0171
378.1207
378.2245
378.3282
378.4318
378.5355
378.6392
378.7429
378.8465
378.9503
379.054
379.1578
379.2616
379.3653
379.4691
379.5726
379.6762
379.78
379.8837
379.9874
380.0911
380.1948
380.2985
380.4022
380.5059
380.6095
380.7133
380.8169
380.9206
381.0243
381.1282
381.232
381.3357
381.4395
381.5432
381.6468
381.7505
381.8542
381.9578
382.0615
382.1651
382.2687
382.3723
382.4761
382.5795
382.6832
382.7868
382.8904
382.994
383.0976
383.2013
383.305
383.4086
383.5122
383.6159
383.7197
383.8233
383.9271
384.1344
384.3419
384.5492
384.7566
384.9641
385.1715
385.3789
385.5863
385.7938
386.0011
386.2086
386.416
386.6233
386.8308
387.0382
387.2455
387.3492
387.453
387.5566
387.6604
387.7641
387.8678
387.9716
388.1789
388.2827
388.3864
388.4901
388.5938
388.6974
388.9049
389.1136
389.3196
389.527
389.7345
389.942
390.1494
390.3569
390.5642
390.7716
390.9789
391.1863
391.3936
391.705
391.9132
392.1197
392.327
392.5345
392.7421
392.9497
393.1573
393.3648
393.5724
393.7799
393.9875
394.0914
394.1951
394.299
394.4028
394.5067
394.6104
394.7143
394.818
394.9218
395.0256
395.1293
395.2332
395.3367
395.4405
395.5444
395.648
395.7516
395.8552
395.9588
396.0624
396.166
396.2696
396.373
396.4765
396.5802
396.6838
396.7873
396.8909
396.9944
397.098
397.2017
397.3053
397.4091
397.5127
397.6164
397.7202
397.8238
397.9275
398.1349
398.2385
398.3422
398.4459
398.5496
398.6533
398.7569
398.8607
398.9644
399.068
399.1717
399.2754
399.3791
399.4827
399.5865
399.6903
399.7938
399.8976
400.0013
400.1049
400.2087
400.3123
400.416
400.5196
400.6234
400.727
400.8308
400.9344
401.038
401.1418
401.2454
401.3491
401.4527
401.5564
401.6601
401.7638
401.8674
401.9711
402.0748
402.1785
402.2821
402.3858
402.4895
402.5931
402.6967
402.8003
402.9039
403.0077
403.1113
403.215
403.3191
403.4224
403.5261
403.6297
403.7335
403.8372
403.9408
404.0446
404.1483
404.2519
404.3556
404.4594
404.5629
404.6666
404.7703
404.874
404.9776
405.0814
405.1851
405.2888
405.3926
405.4963
405.5999
405.7037
405.8074
405.911
406.0148
406.1185
406.2221
406.3259
406.4296
406.5333
406.637
406.7406
406.8443
406.9481
407.0517
407.1554
407.259
407.3628
407.4664
407.57
407.6738
407.7775
407.8812
407.985
408.0885
408.1921
408.2962
408.3996
408.5032
408.6069
408.7108
408.8141
408.9179
409.0215
409.1253
409.2289
409.3325
409.4362
409.5398
409.6435
409.7472
409.8508
409.9545
410.0581
410.1619
410.2656
410.3692
410.4731
410.5767
410.6806
410.7841
410.8877
410.9913
411.095
411.1987
411.3024
411.406
411.5098
411.6135
411.7171
411.8209
411.9246
412.0282
412.1319
412.2356
412.3392
412.4429
412.5467
412.6503
412.754
412.8578
412.9615
413.0651
413.1689
413.2729
413.3762
413.4798
413.5836
413.6872
413.7908
413.8945
413.9981
414.1018
414.2054
414.3091
414.4126
414.5163
414.6199
414.7236
414.8271
414.9307
415.0344
415.1381
415.2417
415.3454
415.449
415.5528
415.6565
415.7603
415.864
415.9677
416.0715
416.1752
416.2788
416.3826
416.4862
416.59
416.6937
416.7973
416.901
417.0048
417.1084
417.2122
417.3159
417.4196
417.5233
417.627
417.7306
417.8343
417.9381
418.0417
418.1454
418.2489
418.3525
418.4561
418.5597
418.6634
418.7671
418.8707
418.9743
419.0781
419.1817
419.2855
419.3892
419.4929
419.5965
419.7003
419.804
419.9079
420.0117
420.1155
420.2192
420.3231
420.5307
420.7384
420.9463
421.1543
421.3621
421.57
421.6738
421.7777
421.8816
421.9854
422.0894
422.297
422.5047
422.7124
422.8161
422.9201
423.0237
423.1277
423.2312
423.3348
423.4385
423.5422
423.6459
423.7493
423.8529
423.9564
424.0599
424.1634
424.2668
424.3702
424.4737
424.5772
424.6808
424.7844
424.8879
424.9916
425.0952
425.1988
425.3025
425.5099
425.7172
425.8209
425.9246
426.0282
426.1319
426.2355
426.3393
426.4429
426.5466
426.6503
426.7539
426.8576
426.9613
427.065
427.1687
427.2726
427.3763
427.48
427.5841
427.6872
427.7909
427.8946
427.9983
428.102
428.2057
428.3093
428.4131
428.5167
428.6204
428.7242
428.8278
428.9315
429.0352
429.139
429.2426
429.3464
429.45
429.5538
429.6575
429.7611
429.8648
429.9686
430.0723
430.1761
430.2798
430.3834
430.4871
430.5908
430.6945
430.7982
430.9019
431.0056
431.1093
431.213
431.3167
431.4203
431.524
431.6277
431.7314
431.835
431.9388
432.0424
432.1461
432.3537
432.5614
432.7691
432.8731
432.977
433.081
433.185
433.2889
433.393
433.497
433.6009
433.705
433.8089
433.9127
434.0166
434.1205
434.2246
434.3283
434.4322
434.5359
434.6398
434.7435
434.8473
434.9511
435.0549
435.1586
435.2623
435.366
435.4697
435.5733
435.6769
435.7806
435.8842
435.9877
436.0911
436.1946
436.2981
436.4016
436.505
436.6099
436.7118
436.8153
436.9189
437.0224
437.1262
437.2298
437.3334
437.4371
437.5407
437.6445
437.7482
437.8518
437.9556
438.0594
438.1631
438.2668
438.3706
438.4742
438.5779
438.6817
438.7854
438.889
438.9928
439.0966
439.2005
439.304
439.4077
439.5115
439.6151
439.7188
439.8224
439.926
440.0298
440.1334
440.2371
440.3409
440.4445
440.5482
440.652
440.7557
440.8595
440.9631
441.0668
441.1704
441.2742
441.3778
441.4815
441.5853
441.6889
441.7926
441.8962
442
442.1038
442.2073
442.3111
442.4148
442.5184
442.6221
442.7257
442.8293
442.933
443.0367
443.1404
443.2441
443.3477
443.4518
443.5552
443.6588
443.7626
443.8662
443.9698
444.0735
444.1772
444.2808
444.3845
444.4881
444.5919
444.6956
444.7992
444.9028
445.0066
445.1102
445.2139
445.3175
445.4213
445.5249
445.6286
445.7323
445.836
445.9397
446.0433
446.1471
446.2508
446.3546
446.4583
446.562
446.6657
446.7694
446.873
446.9768
447.0805
447.1842
447.2879
447.3916
447.4954
447.5991
447.7028
447.8064
447.9103
448.0139
448.1177
448.2217
448.325
448.4292
448.5326
448.6362
448.7405
448.8438
448.9475
449.0517
449.1549
449.2588
449.3622
449.4658
449.5695
449.6733
449.7772
449.8807
449.9844
450.0881
450.1919
450.2955
450.3991
450.5028
450.6064
450.7101
450.8137
450.9174
451.021
451.1248
451.2285
451.332
451.4356
451.5393
451.643
451.7467
451.8504
451.9542
452.0579
452.1617
452.2653
452.369
452.4728
452.5764
452.6801
452.7837
452.8875
452.9912
453.0948
453.1984
453.3023
453.4058
453.5094
453.613
453.7168
453.8204
453.924
454.0277
454.1314
454.2351
454.339
454.4425
454.5464
454.6498
454.7535
454.8572
454.9608
455.0645
455.1682
455.2718
455.3755
455.4791
455.5828
455.6865
455.7902
455.8938
455.9976
456.1013
456.2049
456.3087
456.4124
456.516
456.6197
456.7234
456.8271
456.9308
457.0345
457.1382
457.2418
457.3454
457.4492
457.5529
457.6566
457.7601
457.8639
457.9675
458.0713
458.175
458.2787
458.3825
458.4861
458.5898
458.6935
458.7972
458.9009
459.0045
459.1081
459.2119
459.3157
459.4194
459.5231
459.6269
459.7306
459.8343
459.9381
460.0417
460.1454
460.2492
460.3529
460.4567
460.5604
460.664
460.7677
460.8715
460.9753
461.0791
461.1829
461.2866
461.3903
461.4939
461.5977
461.7014
461.805
461.9088
462.0124
462.116
462.2197
462.3235
462.4271
462.5308
462.6344
462.7381
462.8418
462.9455
463.0492
463.1529
463.257
463.3604
463.4641
463.5679
463.6716
463.7752
463.879
463.9827
464.0863
464.1901
464.2937
464.3978
464.5014
464.6049
464.7086
464.8123
464.916
465.0198
465.1234
465.227
465.3307
465.4343
465.5381
465.6417
465.7454
465.8492
465.9529
466.0566
466.1603
466.264
466.3676
466.4713
466.575
466.6786
466.7824
466.8861
466.9898
467.0934
467.1972
467.301
467.4046
467.5083
467.6119
467.7156
467.8192
467.9231
468.0266
468.1303
468.2339
468.3377
468.4414
468.545
468.6488
468.7524
468.8561
468.9599
469.0635
469.1672
469.271
469.3747
469.4785
469.5822
469.6858
469.7896
469.8933
469.997
470.1008
470.2045
470.3082
470.412
470.5157
470.6196
470.7234
470.8271
470.9308
471.0346
471.1382
471.2419
471.3456
471.4494
471.5533
471.6569
471.7606
471.8644
471.9681
472.0717
472.2791
472.4866
472.6941
472.9015
473.0055
473.109
473.2127
473.3165
473.4202
473.5239
473.6277
473.7314
473.8354
473.9388
474.0424
474.1461
474.2498
474.3536
474.4572
474.561
474.6646
474.7683
474.872
474.9757
475.0794
475.1832
475.2868
475.3905
475.4943
475.598
475.7017
475.8055
475.9092
476.013
476.1167
476.2205
476.3242
476.4279
476.5317
476.6354
476.739
476.8428
476.9465
477.0501
477.1539
477.2576
477.3613
477.465
477.5687
477.6725
477.7762
477.8799
477.9837
478.0875
478.1913
478.2951
478.3987
478.5026
478.6064
478.7102
478.8141
478.9178
479.0216
479.1254
479.2291
479.3329
479.4367
479.5404
479.6442
479.748
479.8518
479.9554
480.0591
480.1628
480.2665
480.3702
480.4738
480.5776
480.6812
480.7849
480.8886
480.9924
481.0961
481.1998
481.3035
481.4072
481.511
481.6149
481.7185
481.8223
481.9262
482.0299
482.1338
482.2375
482.3415
482.4455
482.549
482.6529
482.7567
482.8604
482.9643
483.0681
483.1719
483.2759
