0
0.1033914
0.2071056
0.3102615
0.4136209
0.5179293
0.6203887
0.7242193
0.8272107
0.930557
1.137438
1.244258
1.344229
1.551083
1.757843
1.964724
2.17162
2.275131
2.378626
2.48201
2.585514
2.689023
2.793694
2.896139
2.999556
3.103545
3.206573
3.310078
3.413963
3.620721
3.827725
4.034871
4.142151
4.345966
4.552519
4.760815
4.966824
5.174268
5.381142
5.588095
5.795223
6.002373
6.209506
6.416516
6.727294
7.038067
7.3533
7.663357
7.970621
8.177962
8.488779
8.696029
8.903911
9.11058
9.317832
9.525112
9.732384
9.939685
10.14677
10.35367
10.56299
10.76705
10.97342
11.18019
11.3859
11.59255
11.79949
12.00482
12.21119
12.41765
12.62455
12.83073
13.03771
13.24421
13.45277
13.65796
13.86467
14.07164
14.2786
14.4855
14.69245
14.89949
15.1064
15.31336
15.52022
15.7272
15.93425
16.14091
16.34828
16.55445
16.7614
16.96808
17.17558
17.38334
17.48544
17.58887
17.69388
17.79578
17.89936
18.00309
18.10634
18.31337
18.52047
18.72749
18.83095
18.93468
19.03803
19.2455
19.45211
19.66007
19.86698
20.07335
20.28031
20.48764
20.69425
20.90208
21.1082
21.3161
21.52429
21.73033
21.93617
22.14192
22.34879
22.55569
22.76249
22.96953
23.17661
23.28004
23.48762
23.69454
23.90351
24.10822
24.31511
24.52242
24.72875
24.93558
25.1425
25.34936
25.5563
25.76316
25.97023
26.17779
26.38451
26.59019
26.79695
27.00385
27.2106
27.41742
27.62417
27.83108
28.03782
28.24442
28.45134
28.66087
28.86683
29.07355
29.17674
29.27933
29.38483
29.48639
29.58938
29.69289
29.79633
29.89982
30.00317
30.10656
30.21163
30.31333
30.52007
30.62358
30.72698
30.83033
30.93384
31.03735
31.14277
31.24424
31.34774
31.45126
31.55559
31.66173
31.7632
31.86588
31.97085
32.07411
32.17664
32.28017
32.38256
32.58989
32.69468
32.79656
32.90229
33.00343
33.1068
33.31472
33.52052
33.62398
33.72776
33.83082
34.03788
34.2447
34.34807
34.45159
34.55509
34.6591
34.76471
34.86617
35.07486
35.27949
35.48628
35.69316
35.90004
36.1082
36.3137
36.52046
36.72736
36.93469
37.14102
37.34788
37.55479
37.76167
37.96855
38.17612
38.38232
38.58933
38.79634
39.00324
39.21038
39.41743
39.6243
39.83129
40.0383
40.24519
40.35054
40.45208
40.55606
40.76408
40.86586
41.07276
41.28276
41.48677
41.69329
41.90018
42.10694
42.31383
42.52059
42.72736
42.93415
43.14076
43.34761
43.55516
43.76228
43.97143
44.17679
44.38209
44.58915
44.79676
45.00306
45.2099
45.41689
45.62368
45.83055
46.03744
46.2442
46.4511
46.65798
46.76138
46.86495
47.07177
47.27852
47.48546
47.6923
47.89919
48.10595
48.31278
48.51948
48.72612
48.93276
49.03615
49.13941
49.34662
49.45221
49.55303
49.75958
49.86354
50.06933
50.27612
50.37934
50.58657
50.79343
50.99958
51.20627
51.41361
51.6223
51.82676
52.03354
52.24039
52.44713
52.65464
52.86093
53.0678
53.27469
53.58511
53.79207
53.99902
54.20594
54.41274
54.61969
54.82664
55.03352
55.24038
55.44705
55.65399
55.86074
56.06746
56.17095
56.27429
56.48105
56.68766
56.89435
57.10096
57.30763
57.5142
57.72078
57.82409
57.92736
58.03061
58.1339
58.23724
58.3405
58.54707
58.65044
58.75366
58.96041
59.06368
59.27046
59.37386
59.47716
59.58054
59.68378
59.78717
59.89036
59.99368
60.09704
60.20033
60.40676
60.51003
60.61329
60.71668
60.81992
60.92331
61.02663
61.12994
61.2332
61.33645
61.43983
61.54314
61.64643
61.85303
62.05954
62.26619
62.47279
62.5762
62.78278
62.98954
63.09292
63.29956
63.5062
63.71284
63.91945
64.12587
64.33241
64.53906
64.74571
64.95228
65.15882
65.36548
65.57196
65.77866
65.98518
66.19175
66.3984
66.60504
66.81153
67.01818
67.2247
67.43136
67.63802
67.84455
68.05117
68.2577
68.4643
68.67092
68.87762
69.08425
69.29096
69.49752
69.70449
69.91095
70.118
70.32429
70.53093
70.73803
70.94638
71.15122
71.35974
71.56446
71.77195
71.97787
72.18472
72.39408
72.60151
72.80481
73.01157
73.2182
73.52847
73.83863
74.15073
74.4591
74.76928
75.07951
75.38954
75.80298
76.21617
76.52672
76.83538
77.14494
77.45453
77.76493
78.17943
78.49035
78.80095
79.11422
79.52451
79.94011
80.35071
80.76343
81.17486
81.69163
82.51884
