0
0.1041284
0.2082536
0.3125038
0.4166248
0.5207548
0.6250036
0.7291284
0.8332524
0.9375057
1.04163
1.145875
1.250003
1.354255
1.458401
1.562526
1.666754
1.771007
1.875129
1.979377
2.083502
2.187759
2.291881
2.396132
2.500257
2.604383
2.708628
2.812757
2.916881
3.021006
3.125256
3.229379
3.333502
3.437629
3.541754
3.64588
3.750007
3.854131
3.958276
4.062383
4.166506
4.270633
4.374756
4.478884
4.583132
4.687259
4.791384
4.895505
4.99963
5.103758
5.207869
5.311998
5.416245
5.520244
5.624505
5.728633
5.832639
5.936757
6.040889
6.145012
6.24901
6.353135
6.45726
6.561386
6.665511
6.769636
6.873636
6.977759
7.081885
7.186013
7.290011
7.394135
7.498256
7.602386
7.706383
7.810511
7.914632
8.018763
8.12276
8.226883
8.331011
8.435138
8.539282
8.643387
8.747509
8.851635
8.955763
9.059886
9.164012
9.268135
9.372259
9.476392
9.580513
9.68464
9.788784
9.892888
9.99701
10.10114
10.20526
10.30939
10.41339
10.51751
10.62164
10.72576
10.82989
10.93402
11.03814
11.14227
11.24639
11.35052
11.45464
11.55878
11.66302
11.76716
11.87126
11.97539
12.07964
12.18377
12.28789
12.39202
12.49626
12.60039
12.70452
12.80864
12.91279
13.01689
13.12114
13.22527
13.32939
13.43352
13.53764
13.64177
13.74591
13.85002
13.95415
14.0584
14.16252
14.26664
14.37077
14.47489
14.57901
14.68314
14.78729
14.89139
14.99552
15.09964
15.20379
15.30802
15.41214
15.51627
15.62039
15.72452
15.82864
15.93265
16.03677
16.1409
16.24502
16.34914
16.45327
16.55739
16.66152
16.76565
16.86965
16.97377
17.07789
17.18203
17.28614
17.39027
17.4944
17.59842
17.70252
17.80664
17.91065
18.01477
18.1189
18.22302
18.32702
18.43115
18.53536
18.63942
18.74348
18.84754
18.95165
19.05565
19.15965
19.26377
19.36787
19.47178
19.5759
19.67991
19.78402
19.88807
19.99213
20.09615
20.20015
20.30427
20.40827
20.51231
20.6164
20.72042
20.82452
20.92869
21.03278
21.13678
21.24088
21.34492
21.4489
21.5529
21.65702
21.76102
21.86503
21.96915
22.07317
22.17715
22.28115
22.38527
22.48927
22.59328
22.69742
22.8014
22.9054
23.0094
23.11349
23.21742
23.3214
23.4254
23.52955
23.63355
23.73753
23.84166
23.94565
24.04965
24.15367
24.25778
24.36178
24.46578
24.56978
24.6739
24.7779
24.88203
24.98602
25.09017
25.19415
25.29828
25.4024
25.50653
25.61054
25.71465
25.81865
25.92278
26.02698
26.1309
26.23505
26.33915
26.44329
26.5478
26.65141
26.75793
26.86258
26.96366
27.06782
27.17192
27.27606
27.38014
27.4847
27.58841
27.69253
27.79654
27.90067
28.00523
28.10894
