0
0.2084765
0.4169786
0.6254761
0.833976
1.042605
1.251125
1.459603
1.668106
1.876603
2.085105
2.293607
2.502107
2.606377
2.710606
2.814856
2.919104
3.023358
3.127481
3.231728
3.335979
3.440232
3.544357
3.648605
3.752729
3.856982
3.961233
4.065354
4.169606
4.273854
4.377982
4.482232
4.586357
4.690605
4.794755
4.898858
5.003109
5.107234
5.211513
5.315611
5.419858
5.523983
5.628235
5.73248
5.836733
5.940858
6.045107
6.149354
6.253481
6.357731
6.461983
6.566109
6.670359
6.774485
6.878731
6.982859
7.086981
7.191236
7.295357
7.399507
7.503734
7.607858
7.712108
7.816232
7.920378
8.024607
8.128736
8.232862
8.336986
8.441112
8.545359
8.649487
8.753612
8.857735
8.96186
9.065987
9.170238
9.27436
9.378487
9.48261
9.586735
9.690863
9.794986
9.899109
10.00337
10.10749
10.21161
10.31574
10.41989
10.52411
10.62824
10.83661
11.04501
11.25349
11.46211
11.67074
11.87937
12.08824
12.29711
12.50612
12.71524
12.92437
13.13336
13.34237
13.55124
13.76001
13.96874
14.17749
14.28178
14.38612
14.49049
14.69911
14.90761
15.11614
15.32424
15.53212
15.73989
15.94776
16.15571
16.36339
16.57099
16.77864
16.98649
17.19462
17.40274
17.61087
17.81912
18.02749
18.23576
18.444
18.65237
18.86074
19.06912
19.17327
19.2775
19.3818
19.48591
19.59034
19.69439
19.79865
19.90293
20.00713
20.11141
20.21566
20.42461
20.52859
20.63312
20.84131
21.04975
21.15399
21.25828
21.36252
21.46685
21.57101
21.67551
21.77963
21.88389
22.09253
22.30121
22.50977
22.71892
22.92691
23.13572
23.34394
23.55238
23.76076
23.96926
24.17766
24.28189
24.38617
24.49041
24.59463
24.69888
24.80313
25.01202
25.22015
25.42874
25.63714
25.84577
26.05425
26.2628
26.47127
26.67976
26.88831
27.09669
27.20089
27.30519
27.40941
27.51364
27.72241
27.82641
27.93064
28.13915
28.34763
28.55614
28.7648
28.97327
29.1818
29.39027
29.59879
29.80727
30.01591
30.22442
30.32867
30.43292
30.53714
30.6414
30.74576
30.85003
30.95426
31.05839
31.16262
31.26689
31.37114
31.47539
31.57963
31.78862
31.99707
32.20556
32.41431
32.51859
32.62292
32.72714
32.83154
32.93576
33.14418
33.35251
33.45664
33.66512
33.76925
33.97778
34.18594
34.28991
34.39402
34.49817
34.6023
34.70638
34.81066
34.91479
35.01954
35.12349
35.33169
35.43622
35.64415
35.85239
36.06064
36.26877
36.37277
36.47689
36.58101
36.68515
36.89364
36.99801
37.10292
37.20718
37.31166
37.4162
37.62517
37.72965
37.83414
37.93854
38.04337
38.14794
38.35586
38.5644
38.66854
38.87694
39.0853
39.29367
39.6064
39.81501
40.0237
40.23231
40.4408
40.64932
40.96205
41.27469
41.48289
41.79543
42.10793
42.31618
42.62866
42.94092
43.14893
43.35774
43.56508
43.77307
43.98104
44.18915
44.39715
44.60514
44.70945
44.81358
44.91746
45.02123
45.12534
45.22931
45.33329
45.43744
45.64568
45.74984
45.95815
46.16771
46.37543
46.5845
46.79332
47.00215
47.2109
47.4198
47.62884
47.83765
47.94218
48.15084
48.25517
48.35939
48.46366
48.6722
48.88072
49.08918
49.29753
49.50598
49.71427
49.92284
50.13108
50.33943
50.5478
50.75621
50.86032
50.96455
51.06871
51.17291
51.38289
51.58966
51.79803
52.00653
52.21524
52.42359
52.63208
52.84066
53.04916
53.25757
53.46596
53.67406
53.88197
54.08979
54.29767
54.50555
54.71345
54.92131
55.12937
55.33731
55.5455
55.64941
55.75357
55.85776
55.96186
56.066
56.17022
56.27431
56.37855
56.48284
56.58712
56.6913
56.9002
57.1092
57.31832
57.52732
57.73657
57.94506
58.15382
58.36258
58.57156
58.78044
58.98942
59.09391
59.19842
59.30292
59.40751
59.5123
59.72072
59.82492
59.92931
60.03357
60.13782
60.24211
60.34631
60.55479
60.65891
60.86733
60.97147
61.17982
61.28405
61.49229
61.59657
61.70091
61.80511
61.90907
62.01323
62.11744
62.22159
62.3257
62.42992
62.53422
62.63845
62.74266
62.84955
62.95119
63.05552
63.15976
63.26394
63.36817
63.4723
63.57657
63.68082
63.78505
63.88957
64.09783
64.20208
64.30631
64.41054
64.61962
64.82756
65.03592
65.14017
65.24443
65.34901
65.45301
65.55726
65.66132
65.76555
65.87056
66.07807
66.18233
66.28654
66.39084
66.49507
66.59938
66.70357
66.80768
66.91193
67.01794
67.12048
67.22469
67.43319
67.64172
67.74594
67.85004
67.9543
68.0586
68.16285
68.26697
68.37123
68.47545
68.57955
68.68382
68.78795
68.89224
68.99632
69.10045
69.20468
69.30884
69.4131
69.51724
69.62136
69.7256
69.82967
69.93392
70.03807
70.14235
70.24645
70.35078
70.45492
70.55917
70.66333
70.76754
70.87192
70.97626
71.08235
71.18447
71.28855
71.3928
71.49692
71.60151
71.70533
71.80946
71.91358
72.0178
72.12192
72.22605
72.33029
72.43462
72.64298
72.74708
72.85134
72.95548
73.05956
73.16384
73.26799
73.37208
73.47628
73.58042
73.6846
73.78887
73.89296
73.99724
74.10133
74.20558
74.30981
74.41406
74.51819
74.6225
74.72671
74.83087
74.93508
75.03918
75.14343
75.24756
75.35171
75.45606
75.56008
75.66421
75.76834
75.87244
75.97658
76.0807
76.185
76.28906
76.3933
76.49746
76.6019
76.70627
76.81012
76.91447
77.01832
77.12259
77.22668
77.3308
77.43611
77.53921
77.64333
77.74763
77.8517
77.95581
78.0601
78.16432
78.26858
78.37279
78.47715
78.58142
78.78998
78.89417
79.10274
79.20709
79.41555
79.62408
79.83262
80.04106
80.24958
80.45824
80.66669
80.87541
81.08396
81.29255
81.50123
81.70982
81.91858
82.12719
82.33601
82.54474
82.75777
82.96217
83.17127
83.38002
83.5888
83.79755
84.00645
84.21512
84.42369
84.63228
84.84076
85.05121
85.2577
85.46611
85.6741
85.88197
86.08969
86.29753
86.50509
86.71281
86.92068
87.12865
87.33686
87.54484
87.75306
87.96142
88.1697
88.37794
88.58636
88.79469
89.00314
89.10743
89.31572
89.41993
89.62843
89.73269
89.94118
90.1496
90.35797
90.56632
90.77468
90.9833
91.19172
91.40035
91.6091
91.81786
92.02688
92.2359
92.44485
92.65403
92.86295
93.07203
93.28083
93.48971
93.69845
93.90723
94.11582
94.3245
94.53308
94.74161
94.84572
95.054
95.26212
95.46985
95.67789
95.88591
96.09373
96.19761
96.40544
96.50921
96.61311
96.82094
97.02886
97.23747
97.4445
97.54846
97.75648
97.96452
98.06857
98.17395
98.38072
98.48486
98.58899
98.69307
98.79726
98.90137
99.00546
99.10959
99.21372
99.31799
99.42206
99.63063
99.73476
99.83886
99.94309
100.1513
100.3598
100.568
100.7763
100.9851
101.1931
101.4015
101.6099
101.8181
102.0265
102.2349
102.4442
102.6515
102.7556
102.9641
103.1724
103.3807
103.5892
103.7975
103.9018
104.1101
104.3185
104.4227
104.6308
104.8392
105.0475
105.256
105.4644
105.6728
105.8814
106.0899
106.2985
106.507
106.7155
106.924
107.1324
107.2366
107.445
107.5492
107.6534
107.7575
107.8616
108.0712
108.174
108.2782
108.3822
108.4863
108.5904
108.6945
108.7985
108.9026
109.0067
109.1107
109.2148
109.3189
109.423
109.5272
109.6314
109.7355
109.8396
109.9438
110.0478
110.152
110.2561
110.3611
110.4655
110.5685
110.6726
110.7769
110.881
110.9852
111.0892
111.1933
111.2975
111.4016
111.5057
111.6099
111.7141
111.8187
111.9223
112.0264
112.1306
112.2347
112.3388
112.443
112.5471
112.6517
112.7555
112.8597
112.9641
113.0681
113.1721
113.2762
113.3803
113.4846
113.5888
113.6929
113.7971
113.9014
114.0055
114.1097
114.2139
114.3181
114.4235
114.5265
114.735
114.8391
114.9433
115.0475
115.1518
115.2558
115.3599
115.4638
115.568
115.7759
115.8798
115.9838
116.0878
116.1919
116.2959
116.4
116.608
116.8161
117.0245
117.1287
117.2329
117.337
117.4412
117.5455
117.6496
117.7538
117.8581
117.9623
118.0665
118.1707
118.3792
118.4835
118.5877
118.692
118.7962
118.9007
119.1094
119.2129
119.3171
119.4219
119.5254
119.6295
119.7338
119.8379
119.942
120.1503
120.3588
120.4631
120.6714
120.8799
121.0882
121.2968
121.5051
121.8179
122.0265
122.3394
122.548
122.8609
123.1738
123.5916
123.9036
124.2166
124.5297
124.8426
125.1557
125.4687
125.6774
125.8867
126.0946
126.3031
126.5117
126.7203
126.9288
127.1371
127.3456
127.5541
127.7626
127.9713
128.1797
128.3878
128.5961
128.8042
129.0124
129.1164
129.3245
129.5327
129.7408
129.9489
130.1569
130.365
130.5731
130.7843
130.8853
130.9894
131.0934
131.1973
131.3025
131.4054
131.5095
131.6135
131.8216
132.0298
132.1339
132.238
132.3422
132.448
132.5507
132.6549
132.7607
132.8655
133.0725
133.2805
133.4892
133.698
133.9066
134.1155
134.3246
134.5336
134.7428
134.9519
135.1607
135.3695
135.5783
135.787
135.8913
136.0997
136.3081
136.5177
136.7268
136.932
137.1413
137.3477
137.5556
137.7635
137.9715
138.1795
138.2835
138.3877
138.4918
138.7
138.9083
139.0124
139.1167
139.2208
139.325
139.4293
139.5335
139.6377
139.7419
139.846
139.9501
140.0543
140.1584
140.2626
140.3668
140.4709
140.575
140.6791
140.7833
140.8875
140.9917
141.0958
141.1999
141.304
141.4081
141.5124
141.6165
141.7207
141.8248
141.9289
142.033
142.1372
142.2414
142.3455
142.4497
142.5539
142.6582
142.7624
142.8667
142.9708
143.075
143.1792
143.2835
143.492
143.7005
143.8048
143.9089
144.0132
144.1174
144.2215
144.3257
144.4298
144.534
144.6382
144.8471
144.9505
145.055
145.1589
145.263
145.3673
145.4714
145.5756
145.6799
145.784
145.8883
145.9925
146.0967
146.2009
146.305
146.4093
146.5134
146.6175
146.7217
146.8259
146.93
147.0342
147.1384
147.2425
147.3467
147.4508
147.555
147.6591
147.7632
147.8674
147.9717
148.0758
148.1799
148.2842
148.3882
148.4925
148.5968
148.7009
148.8051
148.9093
149.0136
149.1176
149.2218
149.3261
149.4303
149.5343
149.6384
149.7425
149.8466
149.9509
150.0551
150.1589
150.3671
150.4713
150.5753
150.6794
150.7835
150.8878
150.9918
151.096
151.2001
151.3042
151.4083
151.5124
151.6165
151.7206
151.8246
151.9288
152.0329
152.1371
152.2412
152.3453
152.4494
152.5535
152.6576
152.7618
152.8659
152.97
153.0743
153.1784
153.2825
153.3867
153.4908
153.5949
153.699
153.8035
153.9073
154.0115
154.1156
154.2197
154.3239
154.428
154.5322
154.6368
154.7404
154.8446
154.9486
155.0528
155.1572
155.2612
155.3653
155.4695
155.5737
155.6779
155.7821
155.8864
155.9906
156.095
156.1993
156.4079
156.5123
156.6167
156.8252
157.0338
157.2421
157.4505
157.6588
157.8671
158.0753
158.2835
158.4919
158.7003
158.9086
159.2213
159.6381
160.1594
160.6808
161.2018
161.6187
161.9312
162.244
162.4524
162.6608
162.8693
163.0779
163.2863
163.4947
163.5989
163.703
163.8073
163.9114
164.0156
164.1199
164.2241
164.3284
164.4326
164.5369
164.7454
164.8497
164.9539
165.058
165.1623
165.2665
165.475
165.5793
165.6836
165.7878
165.892
165.9963
166.1006
166.2049
166.3089
166.4132
166.5174
166.6215
166.8299
166.934
167.0384
167.1425
167.2466
167.351
167.455
167.559
167.6632
167.8715
167.9756
168.0798
168.1839
168.288
168.3921
168.4964
168.6005
168.7047
168.8089
168.913
169.0173
169.1217
169.2259
169.3299
169.434
169.5381
169.6423
169.7464
169.8507
169.9548
170.059
170.1632
170.2674
170.3715
170.4758
170.58
170.6841
170.7883
170.8924
170.9965
171.1007
171.2049
171.3089
171.4132
171.5173
171.6214
171.7255
171.8298
171.9339
172.038
172.1425
172.2472
172.3512
172.4546
172.5587
172.6628
172.7669
172.871
172.9752
173.0793
173.1834
173.2875
173.3916
173.4958
173.5999
173.704
173.8081
173.9123
174.0164
174.1205
174.2247
174.329
174.4331
174.5372
174.6414
174.7456
174.8497
174.9538
175.058
175.1621
175.2663
175.3704
175.4745
175.5786
175.6828
175.7873
175.8911
175.9954
176.0993
176.2034
176.3076
176.4116
176.5157
176.6198
176.7239
176.828
176.9322
177.0362
177.1405
177.2445
177.3486
177.4525
177.5569
177.6609
177.7649
177.869
177.9736
178.0773
178.1814
178.2855
178.3897
178.4938
178.598
178.7021
178.8062
178.9104
179.0145
179.1184
179.2227
179.3267
179.4308
179.5348
179.6389
179.7444
179.8472
179.9513
180.0555
180.1596
180.2637
180.3678
180.4719
180.576
180.6802
180.7843
180.8884
180.9927
181.0972
181.2013
181.3051
181.4092
181.5133
181.6175
181.7215
181.8256
181.9297
182.0339
182.1378
182.3459
182.554
182.6582
182.7623
182.9705
183.1788
183.3871
183.5959
183.8045
183.9087
184.1174
184.2216
184.3261
184.4303
184.5347
184.639
184.7433
184.8479
184.9519
185.0562
185.1604
185.2648
185.3691
185.5777
185.7862
185.9946
186.203
186.4114
186.6198
186.828
187.0361
187.2443
187.4523
187.6601
187.868
188.076
188.2838
188.4918
188.6997
188.9077
189.1158
189.3241
189.5324
189.7406
189.9489
190.1575
190.3665
190.5748
190.8875
191.0962
191.4088
191.6169
191.825
192.034
192.2414
192.4497
192.6579
192.8663
192.9707
193.1795
193.388
193.5963
193.8048
194.0133
194.2218
194.4305
194.6392
194.7435
194.8477
194.9521
195.0563
195.1606
195.2648
195.369
195.4733
195.5775
195.6819
195.7861
195.8902
195.9944
196.0985
196.2028
196.307
196.4112
196.5154
196.6195
196.7237
196.828
196.932
197.0363
197.1405
197.2448
197.3488
197.4531
197.5572
197.6615
197.7656
197.8698
197.9739
198.0781
198.1822
198.2864
198.3904
198.4945
198.5987
198.7028
198.8069
198.911
199.015
199.1192
199.2233
199.3275
199.4318
199.5357
199.6399
199.744
199.8482
199.9525
200.0568
200.1609
200.265
200.3692
200.4733
200.5774
200.6816
200.7857
200.8898
200.9939
201.098
201.2023
201.3064
201.4106
201.5147
201.6189
201.7233
201.8272
201.9313
202.0355
202.1396
202.2438
202.3479
202.4521
202.5562
202.6604
202.7646
202.8687
202.9729
203.0771
203.1813
203.2855
203.3897
203.4938
203.5981
203.7022
203.8065
203.9107
204.015
204.1192
204.2234
204.4319
204.6405
204.8488
205.0571
205.1612
205.3694
205.5777
205.7857
205.8897
205.9937
206.0977
206.2018
206.4097
206.5137
206.6179
206.7221
206.8258
206.9298
207.1376
207.3456
207.5537
207.7616
207.8656
207.9695
208.0736
208.1776
208.2816
208.3857
208.4897
208.5937
208.698
208.8022
208.9058
209.0102
209.1141
209.2182
209.3224
209.4266
209.5312
209.6352
209.7394
209.8437
209.9479
210.0522
210.1567
210.2607
210.3648
210.4691
210.5749
210.6775
210.7817
210.886
210.9901
211.0944
211.1987
211.3027
211.4069
211.5112
211.6153
211.7196
211.8239
211.9279
212.0319
212.1361
212.2401
212.3442
212.4484
212.5524
212.6564
212.7604
212.8646
212.9686
213.0727
213.1768
213.2808
213.3849
213.489
213.5931
213.6971
213.8011
213.9051
214.0091
214.1131
214.3211
214.5292
214.7374
214.9455
215.1537
215.3622
215.5701
215.7782
215.9862
216.1949
216.4024
216.7144
217.0266
217.339
217.6514
217.8596
218.0679
218.2761
218.4843
218.6926
218.9008
219.109
219.3173
219.5256
219.7355
219.9424
220.1514
220.3592
220.5676
220.7758
220.9842
221.0885
221.1927
221.2969
221.4014
221.5057
221.6101
221.7144
221.8188
222.0277
222.1322
222.2412
222.341
222.4452
222.5499
222.6539
222.7581
222.8624
222.9666
223.0709
223.1752
223.2794
223.3837
223.488
223.5921
223.6963
223.8007
223.9047
224.0089
224.1133
224.2172
224.3213
224.4255
224.5296
224.6337
224.7377
224.8417
224.9458
225.0498
225.1538
225.2577
225.3617
225.4659
225.5698
225.6737
225.7777
225.8817
225.9861
226.0899
226.2978
226.4019
226.5059
226.61
226.7141
226.8181
226.9221
227.0261
227.1302
227.2346
227.3384
227.4423
227.5463
227.6505
227.7545
227.8586
227.9626
228.0667
228.1709
228.275
228.3791
228.4832
228.5874
228.6917
228.7959
228.9001
229.0046
229.1091
229.2125
229.3166
229.4206
229.6289
229.733
229.8371
229.9411
230.0452
230.1492
230.2533
230.3574
230.4616
230.5657
230.774
230.8782
230.9823
231.0867
231.1909
231.2952
231.3994
231.5033
231.6077
231.7118
231.8159
231.9201
232.0241
232.1282
232.2323
232.3365
232.4405
232.5446
232.6517
232.7529
232.8569
232.9609
233.065
233.1691
233.2731
233.3771
233.4812
233.5853
233.6894
233.7932
233.8972
234.0012
234.1052
234.2093
234.3132
234.4172
234.5213
234.6254
234.7293
234.8337
234.9379
235.0414
235.1454
235.2493
235.3535
235.4575
235.5615
235.6655
235.7694
235.8736
235.9776
236.0816
236.1859
236.2905
236.3946
236.4978
236.6018
236.7059
236.8099
236.914
237.018
237.1221
237.2261
237.3302
237.4342
237.5383
237.6423
237.7474
237.8505
237.9546
238.0587
238.1627
238.2669
238.371
238.4751
238.6834
238.8916
239.1
239.3086
239.5168
239.7253
239.9337
240.1421
240.3505
240.6628
240.9751
241.3911
241.7032
242.3286
250.2487
250.6646
250.8722
251.08
251.2876
251.4952
251.7028
251.9106
252.1185
252.3266
252.5347
252.7432
252.9517
253.1602
253.3687
253.5772
253.7858
253.8902
254.099
254.2035
254.3079
254.4123
254.5167
254.6211
254.7255
254.8297
254.934
255.0382
255.1426
255.2467
255.351
255.4552
255.5595
255.6636
255.7678
255.872
255.9761
256.0804
256.1845
256.2886
256.3927
256.497
256.6011
256.7052
256.8093
256.9135
257.0177
257.1218
257.226
257.3301
257.4341
257.5382
257.6423
257.7466
257.8507
257.9548
258.059
258.1631
258.2672
258.3713
258.4755
258.5796
258.6837
258.7878
258.892
258.9961
259.1003
259.2045
259.3086
259.4128
259.517
259.6211
259.7252
259.8293
259.9335
260.0376
260.1417
260.246
260.3501
260.4542
260.5583
260.6625
260.7667
260.8708
260.975
261.0791
261.1833
261.2875
261.3917
261.4958
261.6001
261.7042
261.8083
261.9125
262.0166
262.1207
262.225
262.3291
262.4332
262.5373
262.6415
262.7456
262.8498
262.954
263.0581
263.1623
263.2666
263.3707
263.475
263.5791
263.6832
263.7873
263.8915
263.9957
264.0999
264.204
264.3081
264.4122
264.5163
264.6205
264.7246
264.8287
264.9328
265.0371
265.1412
265.2453
265.3495
265.4536
265.5577
265.6618
265.766
265.8701
265.9742
266.0783
266.1826
266.2867
266.391
266.4951
266.5992
266.8076
266.9117
267.016
267.1201
267.2243
267.3285
267.4327
267.5369
267.6411
267.7452
267.8493
267.9535
268.0576
268.1617
268.266
268.3701
268.4742
268.5785
268.6826
268.7867
268.8908
268.9951
269.0992
269.2035
269.3076
269.4118
269.516
269.6201
269.7242
269.8285
269.9326
270.0367
270.141
270.2451
270.3492
270.4534
270.5575
270.6617
270.7659
270.87
270.9741
271.0782
271.1823
271.2865
271.3906
271.4947
271.5989
271.703
271.8072
271.9114
272.0155
272.1196
272.2237
272.3279
272.4321
272.5362
272.6405
272.7446
272.953
273.0572
273.1615
273.2656
273.4741
273.5784
273.6825
273.7867
273.8909
273.995
274.0991
274.2032
274.3073
274.4115
274.5156
274.6197
274.724
274.8282
274.9326
275.037
275.1412
275.2456
275.3499
275.4541
275.5584
275.6626
275.7669
275.8711
275.9754
276.0796
276.1839
276.288
276.3922
276.4965
276.6006
276.7049
276.809
276.9131
277.0174
277.1215
277.2257
277.3299
277.434
277.5382
277.6424
277.7466
277.8507
277.9549
278.0591
278.1632
278.2674
278.3715
278.4757
278.5799
278.684
278.7881
278.8922
278.9962
279.1004
279.2045
279.3086
279.4128
279.5169
279.621
279.7251
279.9335
280.142
280.2461
280.3504
280.4546
280.663
280.7672
280.8714
280.9756
281.0797
281.184
281.2881
281.3924
281.4966
281.6007
281.705
281.8093
281.9134
282.0176
282.1219
282.226
282.3302
282.4345
282.5386
282.6429
282.747
282.8512
282.9555
283.0596
283.1637
283.268
283.3722
283.4764
283.5806
283.6848
283.7889
283.893
283.9971
284.1012
284.2054
284.3095
284.4136
284.5177
284.6219
284.726
284.8301
284.9341
285.0382
285.1424
285.2464
285.3505
285.4546
285.5587
285.6627
285.7669
285.871
285.9751
286.0792
286.1834
286.2874
286.3915
286.4956
286.5997
286.7039
286.8081
286.9122
287.0164
287.1205
287.2246
287.3287
287.4329
287.537
