0
0.1044989
0.2077935
0.3116343
0.415494
0.519644
0.6234014
0.7273457
0.8311796
0.9350305
1.038877
1.142774
1.246636
1.350553
1.45441
1.558293
1.662157
1.766057
1.87009
1.973923
2.077874
2.181756
2.285652
2.389627
2.493488
2.597363
2.701441
2.806098
2.909338
3.013136
3.117132
3.221
3.32499
3.428991
3.533061
3.636879
3.74087
3.844868
3.948871
4.052745
4.156747
4.260741
4.364619
4.46862
4.572617
4.676494
4.780371
4.884244
4.988118
5.091994
5.195994
5.299899
5.403745
5.507756
5.611618
5.715493
5.819513
5.923372
6.027387
6.131261
6.235244
6.339121
6.44312
6.547122
6.651123
6.755121
6.859122
6.963119
7.06712
7.17112
7.275124
7.379122
7.483122
7.691125
7.795143
7.899123
8.003122
8.107122
8.211127
8.315124
8.419122
8.523125
8.627137
8.731123
8.835121
8.939122
9.147125
9.355001
9.562998
9.770876
9.97877
10.18662
10.39463
10.60263
10.81075
11.01875
11.22675
11.33077
11.43462
11.53863
11.64263
11.74663
11.85063
11.95462
12.0585
12.1625
12.26652
12.37038
12.47437
12.57837
12.68225
12.78625
12.89025
12.99413
13.09813
13.20213
13.306
13.41
13.51401
13.61788
13.72188
13.82575
13.92975
14.03375
14.13775
14.24163
14.34563
14.44965
14.55363
14.6575
14.76151
14.86538
14.96938
15.07325
15.17725
15.28126
15.38513
15.48913
15.59313
15.697
15.80101
15.90501
16.00901
16.11288
16.21688
16.32088
16.42488
16.52888
16.63288
16.73676
16.84076
16.94476
17.04876
17.15276
17.25676
17.36075
17.46476
17.56875
17.67276
17.77676
17.88063
17.98465
18.08863
18.19263
18.29663
18.40063
18.50463
18.60852
18.71251
18.81651
18.92051
19.02463
19.23263
19.33651
19.44051
19.54464
19.64865
19.75263
19.96078
20.16888
20.27301
20.37701
20.48115
20.58526
20.68927
20.79338
20.89751
21.10563
21.31376
21.52188
21.73001
21.83414
22.04226
22.25051
22.35451
22.45866
22.56276
22.66676
22.77076
22.87476
22.97889
23.18689
23.39501
23.60301
23.70716
23.81113
23.91526
24.01927
24.22739
24.33139
24.43553
24.53951
24.64364
24.74764
24.95576
25.16376
25.37177
25.57977
25.68376
25.78765
25.89164
25.99552
26.09952
26.20351
26.30739
26.41139
26.51527
26.72314
26.93114
27.13914
27.34726
27.55539
27.65941
27.86741
28.07541
28.38704
28.69852
28.90604
29.11351
29.321
29.52839
29.73577
29.94328
30.15089
30.35839
30.56579
30.7734
30.98089
31.18864
31.39627
31.6039
31.81165
32.0194
32.12329
32.2273
32.33129
32.53952
32.74802
32.9564
33.06052
33.16477
33.26902
33.37314
33.47742
33.58164
33.68577
33.79002
33.89415
33.99828
34.10252
34.20665
34.31077
34.41489
34.51902
34.62327
34.7274
34.83166
34.93578
35.04002
35.14415
35.2484
35.35265
35.45692
35.56127
35.66552
35.76977
35.87418
35.97828
36.08252
36.18665
36.29091
36.39503
36.49915
36.60315
36.70728
36.81128
36.91528
37.01927
37.12328
37.2273
37.33115
37.43515
37.53903
37.6429
37.74677
37.85053
37.9544
38.05815
38.16202
38.26578
38.36953
38.47328
38.68078
38.78465
38.8884
38.99215
39.0959
39.19965
39.3034
39.40727
39.51103
39.61478
39.71853
39.82215
39.9259
40.02966
40.1334
40.23704
40.34078
40.44453
40.54828
40.65204
40.75578
40.85953
40.9633
41.06704
41.1708
41.27453
41.3783
41.48215
41.58591
41.68967
41.79353
41.89728
42.00103
42.10478
42.20853
42.31228
42.41605
42.5199
42.62366
42.7274
42.83116
42.93491
43.03866
43.14241
43.24616
43.34991
43.45369
43.5574
43.66103
43.76479
43.86853
43.97229
44.07592
44.17966
44.28328
44.38704
44.49078
44.59453
44.69828
44.80216
44.90591
45.00978
45.11353
45.21741
45.32116
45.42503
45.52891
45.63278
45.73666
45.94441
46.15241
46.25628
46.4643
46.6723
46.88028
47.08828
47.29629
47.60841
47.92041
48.23241
48.44041
48.64841
48.85641
49.06453
49.16854
49.37654
49.58454
49.68854
49.79254
49.89654
50.00054
50.10455
50.20854
50.31254
50.41654
50.62467
50.72866
50.83266
50.93679
51.04079
51.14479
51.24879
51.35279
51.45679
51.56079
51.66479
51.76879
51.87279
51.97679
52.08079
52.18466
52.28868
52.39267
52.49667
52.60067
52.70454
52.80854
52.91241
53.01642
53.12031
53.22416
53.32804
53.43191
53.53579
53.63967
53.74342
53.84731
53.95117
54.05492
54.15879
54.26254
54.36629
54.47016
54.57391
54.67769
54.78154
54.88529
54.98917
55.09292
55.19679
55.30054
55.40441
55.50819
55.61191
55.71579
55.81954
55.9233
56.02717
56.13092
56.23467
56.33842
56.44229
56.54604
56.64981
56.75355
56.85729
56.96106
57.06479
57.16854
57.2723
57.37617
57.47992
57.58367
57.68742
57.79117
57.89492
57.99868
58.10242
58.20619
58.31004
58.4138
58.51755
58.62142
58.72519
58.82907
58.93282
59.03655
59.14042
59.24417
59.34804
59.4518
59.55558
59.65942
59.76318
59.86692
59.9708
60.07455
60.17832
60.28217
60.38592
60.48967
60.59342
60.69718
60.80105
60.9048
61.00855
61.1123
61.21617
61.31992
61.42367
61.52755
61.6313
61.73505
61.8388
61.94255
62.04642
62.15017
62.25392
62.35767
62.46155
62.5653
62.66905
62.77292
62.87668
62.98055
63.0843
63.18817
63.29193
63.3958
63.49955
63.60343
63.70717
63.81105
63.9148
64.01868
64.12242
64.22618
64.33005
64.4338
64.53757
64.64143
64.7453
64.84905
64.95292
65.05669
65.16055
65.2643
65.36805
65.47193
65.57568
65.67942
65.78318
65.88693
65.9908
66.09455
66.1983
66.30208
66.40595
66.50968
66.61343
66.7173
66.82105
66.92481
67.13244
67.2363
67.34005
67.44382
67.54768
67.65155
67.7553
67.85906
67.96293
68.06681
68.17055
68.27443
68.37818
68.48205
68.58593
68.68968
68.79356
68.89743
69.00118
69.10505
69.20893
69.3128
69.41681
69.52068
69.62456
69.72844
69.93632
70.14393
70.24756
70.45481
70.66218
70.86943
71.07668
71.28393
71.49131
71.69881
71.80243
72.00981
72.11368
72.32131
72.52906
72.73695
72.84082
73.04881
73.15283
73.25669
73.36068
73.46456
73.56856
73.67258
73.77644
73.88045
73.98444
74.08844
74.19256
74.29656
74.40068
74.50481
74.60881
74.71282
74.81693
74.92108
75.0252
75.12956
75.23381
75.33819
75.44256
75.54693
75.65131
75.75568
75.86022
75.96471
76.06919
76.17371
76.27806
76.38246
76.59106
76.79944
76.90356
77.00769
77.11181
77.21594
77.32006
77.42406
77.52819
77.63219
77.73619
77.84019
77.94421
78.04806
78.15207
78.25594
78.35982
78.46369
78.56758
78.67132
78.77519
78.87906
78.98294
79.08681
79.19069
79.29444
79.39831
79.5022
79.60606
79.70994
79.81382
79.91756
80.02146
80.12519
80.22894
80.33281
80.43667
80.54044
80.64432
80.7481
80.85196
80.9557
81.05944
81.16321
81.26694
81.3707
81.47457
81.57833
81.68207
81.78594
81.8897
81.99344
82.09731
82.20107
82.30484
82.40857
82.51244
82.61621
82.71996
82.82382
82.92757
83.03144
83.13519
83.23894
83.34282
83.44657
83.55044
83.65432
83.75819
83.86207
83.96595
84.06985
84.17369
84.27769
84.38159
84.48544
84.58932
84.6932
84.79707
84.90094
85.00482
85.10871
85.21245
85.31633
85.42019
85.52396
85.62782
85.73159
85.83532
85.93907
86.04282
86.14669
86.25046
86.35421
86.45807
86.56182
86.66569
86.76945
86.8732
86.97695
87.0807
87.18457
87.28832
87.39207
87.49583
87.59969
87.70345
87.80732
87.91107
88.01495
88.1187
88.22259
88.32632
88.4302
88.53407
88.63782
88.74158
88.84545
88.9492
89.05295
89.1568
89.26059
89.36432
89.46809
89.57183
89.67557
89.77934
89.8832
89.98695
90.0907
90.19445
90.29833
90.40208
90.50595
90.6097
90.71357
90.81732
90.92107
91.02484
91.1287
91.23245
91.33622
91.43995
91.5437
91.6476
91.75121
91.85508
91.95883
92.06258
92.16632
92.27007
92.37383
92.47758
92.58132
92.68507
92.78883
92.89258
92.99632
93.1002
93.20395
93.30783
93.41158
93.51545
93.6192
93.82683
93.9307
94.03458
94.13845
94.24233
94.3462
94.45009
94.55395
94.65771
94.76158
94.86546
94.96933
95.0732
95.28083
95.48858
95.69633
95.90433
96.11245
96.32058
96.5287
96.73683
96.94485
97.15272
97.36058
97.46446
97.56833
97.67221
97.77608
97.87984
97.98358
98.08747
98.19108
98.29484
98.3987
98.50247
98.6062
98.70996
98.81383
98.91758
99.02133
99.12508
99.22896
99.33271
99.43658
99.54033
99.64408
99.74796
99.85171
99.95546
100.0592
100.163
100.2668
100.3706
100.4744
100.5782
100.682
100.7857
100.8896
100.9933
101.0972
101.201
101.3047
101.4085
101.5123
101.6161
101.7198
101.8236
101.9273
102.0311
102.1348
102.2387
102.3425
102.4462
102.55
102.6537
102.7576
102.8613
102.9651
103.0688
103.1726
103.2765
103.3802
103.484
103.5877
103.6916
103.7954
103.8991
104.0027
104.1065
104.2102
104.314
104.4178
104.5216
104.6253
104.7292
104.833
104.9367
105.0405
105.1443
105.2481
105.352
105.4558
105.5596
105.6635
105.7673
105.8712
105.9752
106.0791
106.1831
106.3911
106.5991
106.8071
107.0151
107.223
107.431
107.535
107.639
107.7428
107.8468
107.9508
108.0548
108.1588
108.2629
108.4708
108.5748
108.6788
108.7829
108.991
109.095
109.303
109.407
109.511
109.615
109.719
109.823
109.927
110.135
110.343
110.551
110.759
110.8628
110.9668
111.0708
111.1748
111.2788
111.3827
111.4867
111.6947
111.9026
112.1106
112.2146
112.3186
112.4226
112.5266
112.6306
112.8386
113.0466
113.2546
113.4626
113.6706
113.8785
114.0863
114.2943
