0
0.6233766
1.038404
1.349627
1.660772
1.868002
2.075498
2.282875
2.490144
2.697329
2.904641
3.112001
3.319374
3.423126
3.630648
3.838251
3.942122
4.150266
4.358512
4.566885
4.7755
4.98425
5.297154
5.505749
5.714253
5.922523
6.130876
6.339025
6.443143
6.547271
6.75538
6.859377
7.067377
7.171256
7.379272
7.483251
7.587271
7.691129
7.795131
7.899003
8.003004
8.107005
8.211004
8.315006
8.41888
8.626899
8.834756
9.042758
9.146631
9.354505
9.562503
9.77038
9.978133
10.08213
10.18601
10.29001
10.39388
10.49776
10.60175
10.70563
10.80965
10.91351
11.12138
11.22538
11.43326
11.64113
11.84914
12.05726
12.26551
12.47391
12.68239
12.89113
13.09988
13.30876
13.51763
13.72651
13.93513
14.14365
14.35215
14.45638
14.56063
14.76901
14.97715
15.18501
15.39248
15.59991
15.80732
16.01476
16.22236
16.42989
16.63752
16.74126
16.84514
17.05263
17.26028
17.46789
17.57166
17.67551
17.77939
17.88314
17.98701
18.09088
18.19476
18.29851
18.40239
18.61013
18.71391
18.81776
18.92164
19.02551
19.12939
19.23326
19.33701
19.54476
19.64851
19.85626
20.06401
20.16793
20.27189
20.37576
20.47975
20.58364
20.68751
20.79153
20.89539
20.99926
21.10327
21.20714
21.41504
21.51901
21.6229
21.72689
21.83076
21.93464
22.03866
22.14262
22.24654
22.35039
22.45439
22.55837
22.66227
22.76614
22.87016
22.97402
23.07801
23.18199
23.28591
23.38977
23.49376
23.59764
23.70151
23.80554
23.90939
24.01339
24.11727
24.22127
24.32514
24.42914
24.53302
24.63689
24.74076
24.84464
24.94851
25.05239
25.15627
25.26014
25.36401
25.57179
25.67564
25.88339
25.98739
26.19527
26.29929
26.40314
26.50702
26.61102
26.71489
26.81889
26.92289
27.02689
27.13089
27.23477
27.33864
27.44266
27.54652
27.65052
27.75439
27.85841
27.9623
28.06615
28.17002
28.27404
28.37789
28.48189
28.58577
28.68966
28.79367
28.89752
29.00152
29.10539
29.31327
29.52114
29.72904
29.93677
30.14465
30.3524
30.56027
30.7679
31.07954
31.3909
31.70215
32.01315
32.3244
32.63553
32.8429
33.0504
33.25777
33.46527
33.67279
33.88004
34.0874
34.29477
34.50214
34.70966
34.91715
35.12477
35.22867
35.4364
35.54042
35.6444
35.85277
36.06129
36.2699
36.47842
36.6869
36.89515
37.10355
37.31178
37.52003
37.72815
37.93628
38.14428
38.24828
38.35228
38.45615
38.56015
38.66415
38.76815
38.87203
38.97602
39.0799
39.18393
39.28778
39.39175
39.49583
39.70363
39.80787
39.91128
40.01528
40.11914
40.22303
40.32693
40.43077
40.53499
40.63867
40.74254
40.84641
40.9504
41.0546
41.15823
41.26246
41.36593
41.46982
41.57358
41.67741
41.78121
41.88506
41.9888
42.09274
42.19645
42.30017
42.40408
42.50779
42.61155
42.71529
42.81919
42.92292
43.02685
43.13055
43.23443
43.33833
43.44205
43.54591
43.64977
43.75365
43.8575
43.96128
44.06519
44.16905
44.27279
44.37666
44.48054
44.58431
44.68822
44.79218
44.89587
44.99971
45.20733
45.41524
45.51894
45.62298
45.83109
46.03818
46.24592
46.45343
46.66097
46.86831
47.07556
47.28292
47.49016
47.69741
47.90491
48.11229
48.31978
48.52742
48.73491
48.94253
49.15028
49.35791
49.56578
49.77378
49.98218
50.19069
50.3993
50.60803
50.81673
51.02528
51.2338
51.33803
51.44216
51.5464
51.65053
51.75465
51.96278
52.06691
52.17103
52.27503
52.37903
52.58716
52.79515
53.00316
53.10716
53.21118
53.31516
53.41916
53.52315
53.62704
53.73104
53.83505
54.04291
54.2508
54.45866
54.56253
54.66641
54.77042
54.87429
54.97853
55.08204
55.18592
55.29078
55.39373
55.49768
55.6017
55.80969
56.01793
56.12205
56.33051
56.43467
56.53894
56.64303
56.74729
56.85143
56.95555
57.05965
57.16356
57.26747
57.37129
57.47515
57.57907
57.68293
57.78669
57.89057
57.99489
58.09807
58.20185
58.30544
58.40923
58.51281
58.61656
58.72045
58.82403
58.92782
59.0317
59.13542
59.23917
59.34307
59.44678
59.55068
59.65455
59.75842
59.86246
59.96599
60.06969
60.17345
60.27719
60.38105
60.4848
60.58854
60.6926
60.797
60.9002
61.00392
61.1077
61.21158
61.31529
61.4192
61.52295
61.62679
61.73099
61.83451
61.93839
62.04207
62.14593
62.24991
62.35366
62.45742
62.56129
62.66529
62.76905
62.8728
62.97667
63.08066
63.18446
63.28824
63.39207
63.49582
63.59972
63.70364
63.80744
63.91142
64.01577
64.11946
64.22341
64.32743
64.43145
64.53556
64.74358
64.95155
65.15952
65.36748
65.57532
65.7833
65.99117
66.30307
66.51293
66.7188
67.13465
67.65429
68.17398
75.14381
75.97518
76.39067
76.80583
77.11709
77.32446
77.53182
77.73908
77.94653
78.15397
78.25784
78.36156
78.46543
78.56931
78.67306
78.77693
78.8808
78.98486
79.08883
79.19296
79.29706
79.50569
79.61007
79.71447
79.8188
79.92305
80.02742
80.13168
80.23593
80.3403
80.44455
80.54894
80.65319
80.75732
80.86143
80.96555
81.06968
81.17379
81.27781
81.38181
81.48593
81.58993
81.69405
81.79806
81.90218
82.00618
82.11018
82.21418
82.31818
82.4222
82.52618
82.63018
82.73405
82.83807
82.94206
83.04605
83.14993
83.25396
83.35793
83.46193
83.56593
83.66981
83.77369
83.87756
83.98156
84.08558
84.18966
84.29337
84.39714
84.50097
84.60469
84.70856
84.81232
84.91606
85.02009
85.12372
85.22744
85.33118
85.4351
85.53887
85.6426
85.74645
85.8504
85.95422
86.05806
86.16194
86.26642
86.36974
86.4736
86.57749
86.68131
86.78551
86.88909
86.99295
87.09669
87.20057
87.30443
87.40833
87.51218
87.61606
87.71979
87.82357
87.92732
88.03106
88.13505
88.23871
88.3426
88.44633
88.55019
88.65393
88.75782
88.86169
88.96556
89.06945
89.17332
89.27742
89.38118
89.48513
89.58899
89.69287
89.79683
89.90071
90.00458
90.1087
90.21251
90.31652
90.42032
90.52433
90.73222
90.9401
91.04407
91.14811
91.25194
91.45982
91.66769
91.87557
92.0837
92.29178
92.49871
92.70633
92.91389
93.12132
93.32869
93.53624
93.74329
93.95065
94.15811
94.36572
94.57325
94.78082
94.88479
95.09244
95.19646
95.40457
95.50857
95.71708
95.82121
96.0297
96.13395
96.34232
96.44646
96.65471
96.86308
97.07145
97.17557
97.27972
97.48794
97.69624
97.90432
98.11232
98.32032
98.52832
98.73632
98.94434
99.15222
99.36007
99.4641
99.56794
99.67195
99.87994
99.98382
100.1918
100.2957
100.5037
100.7116
100.9196
101.1274
101.3354
101.5433
101.7512
101.9591
102.1669
102.3748
102.5827
102.7906
102.9985
103.2065
103.4143
103.6223
103.8303
104.0384
104.251
104.4552
104.6622
104.8702
105.1819
105.39
105.5979
105.8057
106.0137
106.2215
106.4293
106.6377
106.9494
107.2607
107.6768
107.989
108.4051
108.821
109.2368
109.5486
109.8605
110.0682
110.38
110.5878
110.7956
111.0029
111.2102
111.4177
111.6251
111.8325
112.0402
112.2483
112.4567
112.6651
112.9775
