0
0.103992
0.3117268
0.5196006
0.7276011
0.9354782
1.143476
1.351354
1.559353
1.767351
2.079357
2.391227
2.807134
3.430852
4.054603
4.574104
4.885477
5.092855
5.300239
5.5075
5.714602
5.921818
6.129102
6.336478
6.543978
6.751478
6.958977
7.166664
7.374271
7.581857
7.789732
7.89378
7.997735
8.10186
8.31036
8.519107
8.728004
8.936856
9.145624
9.35411
9.562484
9.770607
9.978746
10.08286
10.29086
10.49874
10.60261
10.70649
10.81048
10.91436
11.01823
11.12223
11.22611
11.33013
11.43411
11.53813
11.642
11.74601
11.84986
11.95386
12.05786
12.16186
12.26586
12.36986
12.47386
12.57788
12.68188
12.78586
12.88986
12.99373
13.09775
13.20161
13.30561
13.40948
13.61724
13.72124
13.82513
13.92886
14.03274
14.13649
14.24024
14.34399
14.44776
14.55149
14.65524
14.75899
14.86274
14.96648
15.07024
15.17401
15.27774
15.38149
15.48524
15.58899
15.69276
15.79649
15.90037
16.00412
16.10799
16.21175
16.31561
16.4195
16.52324
16.62712
16.73087
16.83474
16.93851
17.04236
17.14616
17.24999
17.35375
17.45766
17.56149
17.66539
17.76911
17.87309
17.97686
18.08074
18.18449
18.28836
18.39211
18.49587
18.59961
18.70351
18.80724
18.91099
19.01476
19.11862
19.22239
19.32614
19.42987
19.53349
19.63724
19.74099
19.84474
19.94861
20.05237
20.15612
20.25999
20.36377
20.46749
20.57136
20.67513
20.77889
20.88262
20.98624
21.08999
21.19374
21.29751
21.40124
21.50499
21.60875
21.71249
21.81637
21.92012
22.02387
22.12774
22.23149
22.33525
22.43902
22.54287
22.64662
22.75037
22.85424
22.95799
23.06187
23.16562
23.26937
23.37325
23.47712
23.58099
23.68474
23.78862
23.89237
23.99627
24.1
24.20387
24.30775
24.41149
24.51524
24.61902
24.72287
24.82662
25.03437
25.13814
25.24199
25.34587
25.44975
25.55362
25.6575
25.76149
25.86537
25.96925
26.07314
26.17712
26.281
26.38487
26.48887
26.59275
26.69675
26.80063
26.90461
27.00849
27.1125
27.21649
27.3206
27.4246
27.5286
27.6325
27.73648
27.84047
27.94428
28.04812
28.152
28.25575
28.35962
28.4635
28.56724
28.67114
28.77487
28.87862
28.98239
29.08602
29.18962
29.29339
29.397
29.50087
29.6044
29.70799
29.81177
29.91544
30.01924
30.123
30.22694
30.3304
30.43425
30.538
30.64177
30.7455
30.84937
30.95327
31.057
31.16075
31.26464
31.3685
31.47225
31.57613
31.67987
31.78375
31.8875
31.99139
32.09513
32.19887
32.30263
32.40637
32.51013
32.61388
32.71762
32.82137
32.92513
33.02889
33.13266
33.23637
33.34013
33.44392
33.54764
33.65138
33.75521
33.85878
33.9625
34.06612
34.16988
34.27367
34.38042
34.4812
34.5849
34.68866
34.79239
34.89616
34.99991
35.10364
35.20744
35.31116
35.41496
35.51863
35.62239
35.7263
35.83006
35.93381
36.03758
36.14131
36.24502
36.3525
36.45295
36.55628
36.66007
36.76378
36.86769
36.97141
37.07674
37.17881
37.28253
37.38627
37.49008
37.59378
37.69755
37.80145
37.90519
38.00891
38.11265
38.21653
38.3204
38.42423
38.52803
38.63184
38.73573
38.83948
38.94326
39.04711
39.15088
39.25464
39.35851
39.46226
39.56601
39.66975
39.7735
39.87726
39.98101
40.08476
40.1885
40.29225
40.396
40.49988
40.60375
40.70763
40.8115
40.9155
41.01963
41.1239
41.22801
41.33216
41.54063
41.74904
41.95775
42.06191
42.16628
42.37488
42.58325
42.79161
42.99985
43.2081
43.41601
43.52009
43.62413
43.72795
43.83193
43.93577
44.03973
44.14364
44.2475
44.35126
44.45536
44.55877
44.66241
44.76604
44.86976
44.97351
45.07734
45.18089
45.28452
45.38815
45.49189
45.59564
45.69925
45.80302
45.90667
46.01043
46.11435
46.21846
46.32159
46.42527
46.52905
46.63276
46.73653
46.8405
46.9442
47.04794
47.15166
47.25554
47.35928
47.46313
47.56688
47.67063
47.77438
47.87827
47.98202
48.08576
48.18951
48.29338
48.39713
48.60476
48.70863
48.91638
49.12413
49.33213
49.54026
49.74839
49.95663
50.16489
50.37313
50.58151
50.78976
50.99813
51.20663
51.41501
51.62326
51.72741
51.83153
51.93552
52.03951
52.14339
52.24726
52.35117
52.45491
52.55876
52.76626
52.97376
53.18117
53.28476
53.49203
53.69939
53.80301
53.90676
54.01051
54.11414
54.21789
54.42539
54.63276
54.73651
54.84026
54.94401
55.04764
55.15139
55.25514
55.35877
55.46251
55.56614
55.66989
55.77364
55.87727
55.98102
56.08478
56.18851
56.29214
56.39589
56.49964
56.60339
56.70714
56.81089
56.91476
57.01852
57.12239
57.22614
57.32989
57.43378
57.53764
57.64139
57.74527
57.84901
57.95289
58.05677
58.16064
58.26451
58.47227
58.67989
58.78377
58.88751
58.99139
59.09514
59.19889
59.30264
59.40639
59.51014
59.61389
59.71764
59.82139
59.92527
60.02902
60.1328
60.23664
60.34052
60.44427
60.54814
60.65189
60.75577
60.85952
60.96339
61.06714
61.17101
61.2749
61.48266
61.69027
61.79416
61.89802
62.00191
62.10589
62.20977
62.31364
62.41752
62.52154
62.62539
62.72939
62.83327
62.93728
63.04129
63.14527
63.24927
63.35327
63.45729
63.56114
63.66515
63.76915
63.87302
63.97677
64.08065
64.18452
64.28839
64.39227
64.49614
64.60002
64.7039
64.80777
64.91165
65.01552
65.1194
65.22327
65.32715
65.43102
65.5349
65.63877
65.74252
65.84629
65.95014
66.0539
66.15765
66.26139
66.36515
66.46902
66.57277
66.67665
66.7804
66.88427
66.98802
67.09177
67.19552
67.2994
67.40327
67.50714
67.61102
67.71491
67.81877
67.92265
68.02652
68.13058
68.23441
68.3384
68.4424
68.5464
68.65027
68.75427
68.85827
68.96216
69.06615
69.17015
69.27402
69.37802
69.48202
69.5859
69.68979
69.79365
69.89752
70.00128
70.10515
70.31277
70.41652
70.62403
70.83165
71.03917
71.24679
71.45427
71.66177
71.86915
72.07654
72.28377
72.49103
72.69828
72.90565
73.11315
73.32065
73.52815
73.73565
73.94315
74.15065
74.35815
74.56567
74.66953
74.87725
75.08517
75.29303
75.50103
75.70904
75.91728
76.12553
76.33378
76.54215
76.75055
76.95903
77.16753
77.3759
77.58428
77.79253
77.89653
78.00056
78.10453
78.20853
78.31254
78.52042
78.72828
78.93604
79.14365
79.35141
79.55916
79.76691
79.97465
80.18228
80.38991
80.59753
80.80516
81.01254
81.21991
81.42728
81.63466
81.84203
82.04941
82.25678
82.46429
82.67166
82.87916
82.98278
83.08653
83.19016
83.29391
83.39753
83.50128
83.60504
83.70878
83.81266
83.91653
84.02041
84.12441
84.22841
84.33256
84.43666
84.54091
84.64516
84.74954
84.85391
84.95818
85.06255
85.27116
85.37541
85.47966
85.58379
85.68791
85.79216
86.00029
86.20841
86.41654
86.52054
86.62441
86.72841
86.8323
86.93616
87.04004
87.14391
87.24779
87.35166
87.45554
87.55941
87.66328
87.76716
87.87104
87.97479
88.07866
88.18254
88.28642
88.39029
88.49416
88.59804
88.70191
88.80591
88.90991
89.01392
89.11779
89.22179
89.32581
89.42966
89.53379
89.63779
89.74179
89.84579
90.05379
90.15779
90.26181
90.36579
90.46979
90.57381
90.67779
90.78183
90.88591
91.09391
91.30204
91.40604
91.51006
91.61392
91.71792
91.92581
92.13367
92.23766
92.34156
92.44554
92.54942
92.65342
92.75742
92.86142
92.96541
93.06941
93.17341
93.27729
93.38129
93.48529
93.58929
93.69329
93.79717
93.90117
94.00506
94.10904
94.21304
94.31704
94.42092
94.52492
94.62892
94.73279
94.83679
94.94067
95.04455
95.14854
95.25241
95.35629
95.46017
95.56404
95.66804
95.77192
95.87579
95.97979
96.08367
96.18767
96.29155
96.39554
96.49942
96.60342
96.81129
96.91517
97.01921
97.12304
97.22704
97.43505
97.64292
97.85092
98.05879
98.16279
98.26667
98.37067
98.47467
98.57856
98.68254
98.78655
98.89054
98.99442
99.09842
99.20242
99.30629
99.4103
99.51429
99.61829
99.72217
99.82618
99.93005
100.0341
100.1379
100.2419
100.3458
100.4497
100.5537
100.6575
100.7614
100.8654
100.9694
101.0734
101.1773
101.2813
101.3853
101.4892
101.5932
101.6972
101.8011
101.9051
102.1131
102.3212
102.5294
102.7377
102.9458
103.154
103.3624
103.5708
103.7793
103.9878
104.1962
104.4043
104.6124
104.8205
105.0287
105.1328
105.2369
105.341
105.4452
105.5492
105.6533
105.7573
105.965
106.1726
106.3799
106.5873
106.6909
106.7946
107.0019
107.2093
107.4166
107.624
107.8314
108.0389
108.1427
108.2466
108.4541
108.6618
108.8694
109.0772
109.181
109.2848
109.3886
109.4923
109.5962
109.6999
109.8038
109.9076
110.0114
110.1153
110.2192
110.4269
110.6348
110.8428
111.0511
111.2596
111.3638
111.4682
111.5726
111.6769
111.7813
111.8856
111.9898
112.0941
112.1982
112.3023
112.4066
112.5107
112.6148
112.7189
112.8231
112.9272
113.0312
113.1352
113.2392
113.3431
113.447
113.5507
113.6546
113.7583
113.8621
113.9659
114.0696
114.1733
114.2769
114.3807
114.4844
114.5882
114.6918
114.7956
114.8992
115.0029
115.1066
115.2103
115.3141
115.4178
115.5217
115.6254
115.7292
115.9368
116.0406
116.1445
116.2482
116.3521
116.4558
116.5597
116.6635
116.7673
116.8711
116.9748
117.0787
117.1824
117.2862
117.3901
117.4939
117.5977
117.7016
117.8054
117.9093
118.0132
118.1171
118.2208
118.3247
118.4286
118.5324
118.6363
118.7401
118.8438
118.9476
119.0515
119.1552
119.2591
119.3628
119.4666
119.5703
119.6742
119.7779
119.8817
119.9854
120.0893
120.1931
120.2968
120.4007
120.5046
120.6083
120.7122
120.8161
120.9201
121.0239
121.1278
121.2318
121.3357
121.4396
121.5436
121.6474
121.7514
121.8553
121.9596
122.0634
122.1672
122.2711
122.3751
122.4789
122.583
122.6867
122.7907
122.8947
122.9995
123.1034
123.2064
123.3102
123.5181
123.6221
123.726
123.8299
123.934
124.0379
124.1417
124.2456
124.3497
124.4535
124.5575
124.6613
124.7652
124.8692
124.9731
125.077
125.181
125.2848
125.3887
125.4926
125.5966
125.7005
125.8045
125.9083
126.1164
126.3243
126.5323
126.7402
126.8442
127.0525
127.2602
127.4682
127.6763
127.8845
128.0926
128.3008
128.5087
128.717
128.9249
129.133
129.341
129.5496
129.757
129.965
130.1731
130.3811
130.5893
130.6932
130.9012
131.0053
131.2141
131.4215
131.6294
131.8375
132.0456
132.2554
132.462
132.6696
132.8776
133.0856
133.2936
133.5017
133.7099
133.9181
134.1264
134.3348
134.5432
134.7516
134.9598
135.1679
135.4802
135.7926
136.0008
136.2092
136.4176
136.626
136.8344
137.0429
137.2513
137.4597
137.6678
137.8758
138.0836
138.2913
138.499
138.7066
138.9141
139.1215
139.3287
139.5361
139.6398
139.7436
139.8474
139.9511
140.0548
140.1586
140.2625
140.3662
140.47
140.5738
140.6777
140.7816
140.8855
140.9893
141.0933
141.1972
141.3012
141.4051
141.5091
141.6131
141.717
141.821
141.925
142.0288
142.1329
142.2368
142.3408
142.4448
142.5487
142.6527
142.7567
142.9646
143.0686
143.2766
143.4846
143.6926
143.9006
144.1086
144.3166
144.5247
144.7327
144.9408
145.1489
145.3569
145.6687
145.8766
146.0845
146.2923
146.5002
146.708
146.916
147.1238
147.3318
147.5398
147.748
147.9561
148.1642
148.3723
148.5806
148.7888
148.893
148.997
149.101
149.3088
149.5166
149.7243
149.8282
149.9321
150.036
150.1397
150.2436
150.3475
150.4513
150.5553
150.6592
150.7631
150.867
150.9708
151.0747
151.1785
151.2823
151.3861
151.49
151.5937
151.6976
151.8015
151.9053
152.0092
152.1131
152.2171
152.321
152.425
152.6328
152.8407
153.0487
153.2567
153.4647
153.6726
153.8805
154.1923
154.5041
154.816
155.024
155.2319
155.4397
155.6476
155.8555
156.0634
156.2713
156.4792
156.6872
156.8952
157.1033
157.3112
157.4152
157.5192
157.6232
157.7272
157.8312
158.0393
158.2476
158.4558
158.56
158.7681
158.8722
158.9762
159.0801
159.184
159.2877
159.3914
159.4951
159.5988
159.7026
159.8062
159.91
160.0136
160.1173
160.2212
160.325
160.4288
160.5326
160.6365
160.7402
160.8441
160.948
161.0518
161.1556
161.2595
161.3635
161.4673
161.5713
161.6752
161.7791
161.8831
161.987
162.0908
162.1948
162.2988
162.5067
162.7146
162.9225
163.1304
163.2342
163.3382
163.4421
163.546
163.754
163.9618
164.1697
164.3776
164.5856
164.8975
165.2095
165.5213
165.8331
166.1447
166.4561
166.7675
166.9751
167.1826
167.3901
167.5976
167.805
168.0125
168.22
168.4275
168.635
168.8429
169.051
169.2592
169.4675
169.5715
169.7794
169.9874
170.1954
170.4034
170.6115
170.8199
171.0282
171.2365
171.4446
171.6529
171.8611
172.0692
172.2772
172.4852
172.6932
172.9014
173.1095
173.3175
173.5254
173.7332
173.9411
174.045
174.253
174.357
174.4609
174.5649
174.6689
174.773
174.877
174.981
175.0851
175.1891
175.2932
175.3974
175.5015
175.6055
175.7096
175.8136
175.9176
176.0216
176.1255
176.2294
176.3332
176.4371
176.5409
176.6447
176.7485
176.8523
176.956
177.0599
177.1636
177.2674
177.3712
177.475
177.579
177.6827
177.7865
177.8904
177.9941
178.098
178.2017
178.3055
178.4094
178.5131
178.617
178.7207
178.8246
178.9284
179.0322
179.136
179.2399
179.3436
179.4475
179.5514
179.655
179.7589
179.8626
179.9664
180.0701
180.1739
180.2777
180.3815
180.4854
180.589
180.6928
180.7965
180.9001
181.0039
181.1076
181.2114
181.3151
181.4189
181.5226
181.6264
181.7302
181.834
181.9379
182.0418
182.1455
182.2494
182.3531
182.4569
182.5607
182.6645
182.7684
182.8721
182.9759
183.0796
183.1835
183.3911
183.4949
183.5986
183.7025
183.8062
183.9101
184.0139
184.1177
184.2215
184.3254
184.4291
184.5329
184.6366
184.7405
184.8442
184.9481
185.0519
185.1557
185.2595
185.3634
185.4671
185.571
185.6749
185.7786
185.8825
185.9862
186.0901
186.194
186.2979
186.4017
186.5056
186.6096
186.7135
186.8175
187.0254
187.2332
187.4411
187.649
187.857
188.065
188.2729
188.4807
188.6886
189.0002
189.3116
189.6226
189.8301
190.0376
190.245
190.4525
190.6599
190.8674
191.0748
191.2824
191.4903
191.6983
191.9062
192.1142
192.3222
192.4265
192.5305
192.6347
192.7389
192.843
192.947
193.1551
193.2592
193.3632
193.5715
193.7797
193.9881
194.0922
194.1965
194.3006
194.4049
194.509
194.6132
194.7174
194.8215
194.9256
195.0296
195.1337
195.2377
195.3417
195.4456
195.5496
195.6536
195.7575
195.8615
195.9655
196.0694
196.1734
196.2772
196.4851
196.6929
196.9007
197.1086
197.2125
197.3164
197.4204
197.5241
197.6281
197.7319
197.9398
198.1477
198.356
198.4602
198.6689
198.8776
199.0864
199.2951
199.5037
199.7123
199.9206
200.1289
200.3369
200.6486
200.9604
201.2722
201.5841
201.792
201.9999
202.3115
202.6232
202.9346
203.246
203.5574
203.8689
204.18
204.4914
204.6989
204.9065
205.1143
205.3219
205.5298
205.7375
205.9455
206.1535
206.3614
206.5694
206.7773
207.089
207.4005
207.6078
207.8151
208.0228
208.2305
208.4386
208.6469
208.751
208.8551
208.9593
209.0633
209.1673
209.3753
209.4793
209.5832
209.687
209.7909
209.8948
210.1025
210.2064
210.3103
210.5181
210.6219
210.8296
211.0373
211.2452
211.4529
211.6606
211.8684
211.9723
212.1803
212.3881
212.5961
212.8041
213.012
213.2199
213.4278
213.5318
213.7398
213.9477
214.1555
214.3635
214.4674
214.5713
214.6753
214.7791
214.8831
215.0909
215.1948
215.2987
215.4026
215.5066
215.6105
215.7145
215.8184
216.0263
216.2342
216.3382
216.4421
216.5462
216.6502
216.7543
216.9621
217.066
217.17
217.2739
217.4818
217.5858
217.6896
217.7936
217.8975
218.0015
218.1054
218.2094
218.3133
218.4173
218.5211
218.625
218.729
218.8329
218.9369
219.0408
219.1446
219.2486
219.3525
219.5604
219.6644
219.8723
220.0803
220.1841
220.2882
220.392
220.6
220.808
220.9119
221.1199
221.3279
221.5359
221.7439
221.9519
222.2639
222.6795
222.9909
223.302
223.5094
223.7169
223.9244
224.1319
224.2356
224.443
224.6506
224.8581
225.066
225.2739
225.4818
225.6898
225.8978
226.1055
226.3133
226.5211
226.6251
226.7291
226.8333
226.9376
227.146
227.3544
227.5628
227.7712
227.9795
228.1879
228.3961
228.6043
228.8123
229.0204
229.1244
229.3323
229.4363
229.5401
229.6442
229.748
229.852
229.9561
230.06
230.164
230.268
230.372
230.476
230.58
230.6841
230.7881
230.8922
230.9961
231.1001
231.2041
231.308
231.412
231.516
231.62
231.724
231.828
231.932
232.0359
232.1399
232.2439
232.3479
232.5559
232.6599
232.8678
233.0758
233.2838
233.4918
233.6998
233.9078
234.1158
234.3239
234.6359
234.9479
235.2599
235.5717
235.8834
236.1953
236.403
236.6109
236.8187
237.0265
237.2343
237.4421
237.6499
237.8578
238.0657
238.2735
238.3775
238.4815
238.5854
238.6894
238.7933
238.8973
239.0013
239.1053
239.2093
239.3132
239.4172
239.521
239.7291
239.9369
240.1449
240.3529
240.4569
240.5609
240.6649
240.7688
240.8728
240.9768
241.0808
241.1847
241.2887
241.3925
241.4965
241.6004
241.7043
241.8082
241.9122
242.12
242.3278
242.5358
242.6398
242.7439
242.8479
242.9519
243.16
243.3682
243.5763
243.7844
243.9925
244.2005
244.4087
244.6167
244.8248
245.0327
245.2407
245.4487
245.6567
245.8647
246.0727
246.2807
246.4889
246.697
246.9052
247.1133
247.3214
247.5294
247.7374
247.9454
248.1533
248.2573
248.4652
248.6729
248.7767
248.9843
249.1919
249.3998
249.5038
249.6078
249.7118
249.8159
249.9201
250.0242
250.1283
250.2325
250.4408
250.5449
250.649
250.753
250.857
251.065
251.169
251.3768
251.4807
251.5845
251.6884
251.7922
251.896
252.1038
252.2077
252.3115
252.4154
252.5193
252.6232
252.7271
252.8309
252.9349
253.0388
253.1427
253.2467
253.3506
253.4544
253.5584
253.7663
253.9742
254.1822
254.3899
254.5979
254.8058
255.0137
255.2217
255.4297
255.6377
255.8458
256.1582
256.4707
256.7832
257.0958
257.4083
257.7208
258.0332
258.3453
258.6573
258.9687
259.383
259.694
259.9013
260.1086
260.3162
260.5237
260.7313
260.9389
261.1464
261.3541
261.5617
261.7695
261.9779
262.2903
262.4988
262.7074
262.9163
263.1252
263.334
263.5427
263.751
263.9593
264.1674
264.3755
264.5836
264.6875
264.8953
264.9992
265.103
265.2069
265.3109
265.4148
265.5189
265.6229
265.7268
265.8309
265.9348
266.0388
266.1428
266.3505
266.4544
266.5584
266.6623
266.7661
266.8699
266.9738
267.0777
267.1817
267.2856
267.3894
267.4933
267.5973
267.7012
267.805
267.9089
268.0128
268.1167
268.2205
268.3245
268.4284
268.5323
268.6362
268.7401
268.8439
268.9478
269.0517
269.1555
269.2594
269.3634
269.4673
269.5712
269.675
269.7789
269.8828
269.9868
270.0907
270.1946
270.2984
270.4023
270.6102
270.7142
270.8182
270.9222
271.0262
271.234
271.4422
271.6504
271.8587
272.0671
272.2755
272.484
272.6924
272.901
273.1094
273.3176
273.4217
273.6298
273.8379
274.0459
274.2537
274.4614
274.6692
274.8768
275.0847
275.2924
275.5002
275.7081
275.9158
276.1236
276.2273
276.3311
276.4347
276.5384
276.6421
276.8493
277.0568
277.2643
277.4717
277.6792
277.8868
277.9908
278.0946
278.1984
278.3022
278.4061
278.5099
278.6137
278.7176
278.8215
278.9254
279.0294
279.1334
279.2374
279.3413
279.4452
279.5491
279.6531
279.7569
279.8608
279.9648
280.0687
280.1726
280.2765
280.3804
280.4844
280.5882
280.692
280.796
280.8997
281.0036
281.1074
281.2112
281.315
281.4188
281.5227
281.6264
281.7303
281.8341
281.938
282.0417
282.1454
282.2492
282.3529
282.4567
282.5603
282.6642
282.7679
282.8717
282.9754
283.0793
283.1831
283.2868
283.3906
283.4944
283.5982
283.7021
283.8058
283.9097
284.0136
284.1174
284.2214
284.3253
284.4292
284.5329
284.6368
284.7407
284.8444
284.9483
285.0522
285.1561
285.2598
285.3637
285.4674
285.5713
285.6751
285.7788
285.8827
285.9865
286.0902
286.1939
286.4016
286.5054
286.6093
286.7132
286.8169
286.9208
287.0246
287.1284
287.2323
287.3362
287.44
287.5439
287.6477
287.7515
287.8553
287.9591
288.063
288.1668
288.2707
288.3744
288.4783
288.5822
288.6861
288.79
288.8938
288.9977
289.1015
289.2053
289.3092
289.413
289.5169
289.6207
289.7244
289.8282
289.9321
290.0358
290.1396
290.2434
290.3472
290.4509
290.5548
290.6586
290.7624
290.8663
290.9702
291.0739
291.1778
291.2817
291.3854
291.4893
291.5932
291.697
291.8008
291.9047
292.0087
292.1126
292.2164
292.3202
292.4241
292.5279
292.6318
292.7356
292.8393
292.9432
293.0471
293.1508
293.2547
293.3584
293.4623
293.5662
293.6701
293.774
293.8777
293.9816
294.0853
294.1889
294.2927
294.3965
294.5002
294.6039
294.7077
294.8116
294.9153
295.0192
295.1228
295.2266
295.3303
295.5378
295.7453
295.9528
296.1602
296.3676
296.4713
296.5749
296.6787
296.7823
296.8861
296.9897
297.0934
297.1972
297.3008
297.4047
297.5085
297.6122
297.7161
297.9237
298.1314
298.3393
298.4433
298.5474
298.6514
298.7556
298.8596
298.9637
299.0678
299.172
299.2761
299.3802
299.4844
299.5886
299.6927
299.7968
299.9009
300.0052
300.2134
300.4214
300.6296
300.7336
300.8376
300.9416
301.0456
301.1494
301.2535
301.3573
301.4612
301.5651
301.6689
301.7727
301.8765
301.9803
302.0841
302.1878
302.2916
302.3953
302.4991
302.6028
302.7066
302.8103
302.9141
303.0178
303.1217
303.2255
303.3292
303.433
303.5368
303.6406
303.7443
303.8481
303.9519
304.1596
304.3676
304.5757
304.6798
304.7841
304.8883
304.9927
305.2013
305.4098
305.6185
305.8271
306.0355
306.2438
306.4521
306.6602
306.8683
306.9723
307.0763
307.1803
307.2842
307.388
307.4917
307.5955
307.6993
307.8027
307.9065
308.1138
308.3212
308.5287
308.7366
308.9442
309.1521
309.3601
309.5681
309.6721
309.7761
309.8801
310.0882
310.2963
310.5044
310.7123
310.9202
311.1281
311.336
311.4398
311.5438
311.6477
311.7516
311.8556
312.0635
312.2713
312.4793
312.6875
312.8957
313.1039
313.3118
313.4158
313.5197
313.6237
313.7277
313.8316
313.9355
314.0395
314.1434
314.2474
314.3513
314.4553
314.5593
314.6633
314.7673
314.8713
314.9755
315.0796
315.1838
315.288
315.3921
315.4962
315.6003
315.7043
315.8082
315.9122
316.0162
316.1201
316.224
316.3278
316.4317
316.5355
316.6392
316.8467
317.0541
317.2617
317.4692
317.573
317.6767
317.7806
317.9882
318.092
318.1958
318.2996
318.5072
318.6109
318.7146
318.8183
318.9221
319.0259
319.1296
319.2334
319.3374
319.4411
319.545
319.6487
319.7526
319.8565
319.9604
320.0642
320.1682
320.2722
320.3762
320.4804
320.5842
320.6883
320.7922
320.8963
321.0004
321.1042
321.2082
321.3121
321.416
321.5198
321.6237
321.7276
321.8315
321.9353
322.0394
322.1432
322.2472
322.3511
322.4551
322.559
322.663
322.767
322.8708
322.9748
323.0788
323.1828
323.2868
323.3908
323.4948
323.5988
323.7028
323.8068
323.9108
324.0149
324.1188
324.2227
324.3267
324.4306
324.5345
324.6383
324.7422
324.8461
324.9501
325.054
325.2617
325.4695
325.5735
325.6775
325.7815
325.8855
325.9895
326.0935
326.1975
326.3015
326.4055
326.5095
326.6133
326.7174
326.8212
326.9252
327.0292
327.1331
327.2371
327.341
327.4448
327.5488
327.6527
327.7566
327.8605
327.9643
328.0682
328.1721
328.276
328.3798
328.4836
328.5875
328.6913
328.7952
328.8991
329.003
329.107
329.2108
329.3147
329.4187
329.5226
329.6265
329.7305
329.8343
329.9382
330.0421
330.146
330.2498
330.3537
330.4576
330.5614
330.6652
330.7691
330.8729
330.9767
331.0806
331.1845
331.2882
331.3921
331.496
331.5998
331.7036
331.8075
331.9112
332.0151
332.1189
332.2227
332.3266
332.4305
332.5343
332.6382
332.742
332.8458
332.9498
333.0536
333.1575
333.2613
333.3651
333.469
333.5727
333.6766
333.7803
333.8843
333.9881
334.092
334.196
334.2998
334.4037
334.5076
334.6113
334.7151
334.8188
334.9226
335.0265
335.1302
335.234
335.3378
335.4416
335.5455
335.6492
335.7531
335.857
335.961
336.0649
336.1688
336.2727
336.3766
336.4805
336.5842
336.688
336.7919
336.8956
336.9995
337.1033
337.2073
337.3111
337.415
337.5188
337.6229
337.7267
337.8306
337.9345
338.0383
338.1422
338.2461
338.35
338.4537
338.5576
338.6615
338.7653
338.8694
338.9732
339.0771
339.1811
339.2851
339.389
339.493
339.5969
339.7008
339.8047
339.9086
340.0126
340.1166
340.2205
340.3246
340.4285
340.5325
340.6365
340.7405
340.8446
340.9486
341.0526
341.1566
341.2605
341.3645
341.4685
341.5725
341.6765
341.7804
341.8842
341.988
342.0919
342.1957
342.2996
342.4033
342.5072
342.611
342.7147
342.8186
342.9224
343.0262
343.13
343.2339
343.3376
343.4414
343.5451
343.649
343.7527
343.8564
343.9602
344.064
344.1677
344.2715
344.3752
344.4789
344.5826
344.6864
344.7901
344.8939
344.9976
345.1014
345.2051
345.309
345.4127
345.5165
345.6204
345.7242
345.828
345.9317
346.0356
346.1394
346.2431
346.3469
346.4507
346.5545
346.6582
346.7621
346.8659
346.9696
347.0735
347.1774
347.2811
347.385
347.4889
347.5927
347.6966
347.8006
347.9046
348.0085
348.1125
348.2165
348.3204
348.4243
348.5282
348.6319
348.7356
348.8394
348.943
349.0466
349.1502
349.2539
349.3575
349.4612
349.5649
349.6686
349.7724
349.8761
349.9799
350.0837
350.1876
350.2915
350.3954
350.4994
350.6035
350.7076
350.8116
350.9157
351.0197
351.124
351.2281
351.3322
351.4365
351.5407
351.7495
351.8539
351.9584
352.0627
352.1671
352.2714
352.3757
352.4801
352.5845
352.6887
352.793
352.8974
353.0016
353.1057
353.21
353.3141
353.4182
353.5222
353.6264
353.7304
353.8344
353.9384
354.0425
354.1462
354.2503
354.458
354.6656
354.8732
355.0809
355.2886
355.4964
355.7045
355.8085
355.9125
356.1208
356.329
356.537
356.7451
356.9531
357.161
357.3686
357.5761
357.7835
357.9909
358.1982
358.4055
358.6127
358.8201
359.0275
359.235
359.4425
359.6501
359.8579
359.9617
360.0656
360.1695
360.2734
360.3772
360.4811
360.585
360.6889
360.7927
360.8966
361.0006
361.1045
361.3122
361.4161
361.5199
361.6237
361.7275
361.8314
361.9351
362.039
362.1427
362.2466
362.3505
362.4542
362.5581
362.6621
362.766
362.8699
362.9739
363.1816
363.3894
363.4933
363.5972
363.7012
363.8052
363.9093
364.0131
364.1171
364.221
364.325
364.4289
364.5328
364.6367
364.7408
364.8446
364.9485
365.0524
365.1563
365.2601
365.364
365.468
365.5719
365.6756
365.7795
365.8835
365.9874
366.0912
366.1953
366.4033
366.5072
366.6111
366.7151
366.819
366.923
367.0269
367.1308
367.2347
367.3386
367.4426
367.5466
367.6505
367.7545
367.8584
367.9624
368.0664
368.1702
368.2742
368.3781
368.4821
368.586
368.6899
368.7937
368.8977
369.0016
369.1056
369.2095
369.3135
369.4174
369.6253
369.833
369.9369
370.0407
370.1446
370.2485
370.3524
370.4564
370.5602
370.7681
370.872
370.9759
371.0797
371.1836
371.2875
371.3915
371.4954
371.5994
371.7033
371.8071
371.911
372.015
372.1189
372.2228
372.3266
372.4305
372.5344
372.6382
372.7423
372.8461
372.9501
373.158
373.3659
373.5738
373.6778
373.7816
373.8856
373.9896
374.1975
374.3014
374.5093
374.6132
374.7171
374.8211
375.029
375.237
375.3409
375.4449
375.5489
375.6528
375.7568
375.8606
375.9646
376.0686
376.1726
376.2765
376.4845
376.5885
376.6925
376.7964
377.0044
377.2124
377.3163
377.5243
377.6281
377.7321
377.9401
378.148
378.252
378.3559
378.4599
378.5639
378.6679
378.7719
378.8759
378.9798
379.1878
379.2916
379.3956
379.4996
379.6035
379.7075
379.8114
379.9154
380.0193
380.1231
380.2271
380.331
380.4349
380.5388
380.6426
380.7465
380.8504
380.9541
381.162
381.2659
381.4738
381.5776
381.6815
381.7854
381.8893
381.9931
382.097
382.2009
382.3049
382.4088
382.5126
382.6165
382.7205
382.8244
382.9283
383.0323
383.1361
383.24
383.344
383.4479
383.5518
383.6558
383.7598
383.8636
383.9676
384.0716
384.1755
384.2795
384.3835
384.4874
384.5915
384.6954
384.7993
385.0071
385.215
385.4231
385.6311
385.8394
386.0476
386.2559
386.464
386.6723
386.8804
387.0884
387.2963
387.504
387.7116
388.0229
388.3341
388.645
388.8524
389.0598
389.2673
389.4749
389.6824
389.89
390.0975
390.3051
390.5126
390.7202
390.9277
391.0315
391.239
391.3428
391.4465
391.5503
391.654
391.7578
391.8616
391.9655
392.0695
392.1735
392.2777
392.486
392.6946
392.9034
393.112
393.3205
393.5289
393.6331
393.7373
393.8414
393.9454
394.0495
394.1535
394.2575
394.3615
394.4655
394.5694
394.6734
394.7774
394.8813
394.9853
395.0893
395.1931
395.2971
395.401
395.5049
395.6089
395.7128
395.8167
395.9206
396.0245
396.1284
396.2323
396.3361
396.44
396.5439
396.6477
396.7515
396.8554
396.9591
397.0629
397.1668
397.2705
397.3744
397.4781
397.582
397.6858
397.7895
397.8934
397.9971
398.101
398.2048
398.3085
398.4123
398.5161
398.6199
398.7236
398.8274
398.9311
399.0349
399.1385
399.2423
399.346
399.4498
399.5534
399.6571
399.7608
399.8645
399.9683
400.0719
400.1757
400.2793
400.383
400.4867
400.5904
400.6942
400.7979
400.9018
401.0056
401.1095
401.2134
401.3173
401.4212
401.525
401.629
401.7329
401.8369
401.9409
402.0449
402.1489
402.2529
402.3569
402.4608
402.5648
402.6688
402.7728
402.8766
402.9806
403.0846
403.1886
403.2925
403.3965
403.5004
403.6043
403.708
403.8119
403.9158
404.0197
404.1235
404.2273
404.3311
404.435
404.5389
404.6427
404.7465
404.8503
404.9541
405.058
405.1619
405.2657
405.3695
405.4734
405.5773
405.6812
405.785
405.8889
405.9928
406.0966
406.2005
406.3044
406.4083
406.5122
406.616
406.7199
406.8238
406.9277
407.0316
407.1356
407.2394
407.3433
407.4472
407.5512
407.655
407.7589
407.8628
407.9668
408.0707
408.1745
408.2784
408.3823
408.4863
408.5902
408.6941
408.798
408.902
409.006
409.1099
409.2139
409.3178
409.4218
409.5257
409.6297
409.8374
410.0453
410.1492
410.253
410.357
410.4609
410.5649
410.6688
410.7727
410.9807
411.0845
411.2925
411.5005
411.7087
411.9169
412.125
412.3332
412.5412
412.749
412.9568
413.1647
413.3724
413.6843
413.8922
414.1002
414.3083
414.6204
414.9328
415.2453
415.5577
416.4925
418.9887
419.4054
419.7178
420.0298
420.238
420.4463
420.6547
420.863
421.0713
421.2793
421.4872
421.6949
421.9027
422.1104
422.3182
422.5258
422.7332
422.9405
