0
0.3109083
0.6217144
0.8289182
1.036104
1.24351
1.451124
1.659233
1.86709
2.076388
2.283102
2.491106
2.699213
2.907234
3.115221
3.323567
3.531593
3.742035
3.94736
4.155286
4.363183
4.57145
4.778763
4.986477
5.194245
5.298151
5.505885
5.713619
5.92135
6.025285
6.129103
6.233134
6.336918
6.545512
6.752638
6.856505
6.960403
7.064308
7.168161
7.271858
7.375748
7.479481
7.583886
7.687027
7.790766
7.894618
7.998481
8.102397
8.206229
8.310112
8.413979
8.517862
8.62172
8.725744
8.829907
8.933548
9.038033
9.141108
9.244879
9.348782
9.452542
9.556318
9.659968
9.764859
9.869005
9.971133
10.07493
10.17863
10.28236
10.48986
10.59363
10.6974
10.80111
10.90498
11.00877
11.11248
11.21624
11.32004
11.42378
11.52765
11.63142
11.73513
11.83905
11.94296
12.04627
12.14986
12.2536
12.35736
12.46099
12.56474
12.66839
12.77211
12.87573
12.97949
13.08311
13.18686
13.29073
13.39422
13.49801
13.60173
13.70551
13.80923
13.9129
14.01665
14.12027
14.2245
14.32763
14.43126
14.53838
14.63863
14.74239
14.84612
14.95
15.05374
15.15749
15.26124
15.36503
15.46885
15.57268
15.67651
15.78037
15.8841
15.988
16.0919
16.1957
16.2995
16.40337
16.50726
16.61111
16.71499
16.81885
16.92275
17.02673
17.13054
17.23425
17.33811
17.44238
17.54579
17.64936
17.75312
17.85705
17.96053
18.06414
18.16789
18.27164
18.37542
18.4791
18.5829
18.68662
18.79026
18.89408
18.99778
19.10151
19.20527
19.30914
19.41289
19.51661
19.6205
19.72573
19.82825
19.932
20.13977
20.34736
20.55501
20.7627
20.97
21.17762
21.38501
21.59249
21.79999
22.00742
22.21499
22.42259
22.63013
22.83789
23.04576
23.25362
23.46162
23.66949
23.87725
23.98124
24.08512
24.18899
24.39661
24.5005
24.60424
24.70812
24.81187
24.91562
25.01937
25.12312
25.22687
25.3305
25.43425
25.53787
25.74537
25.84899
26.05649
26.16024
26.36774
26.47149
26.57526
26.67901
26.78286
26.88664
26.99051
27.09436
27.19824
27.30214
27.40599
27.50994
27.61365
27.7175
27.82125
27.92502
28.02875
28.13263
28.23653
28.34005
28.44375
28.5475
28.65115
28.75498
28.85856
28.96231
29.06591
29.16963
29.27328
29.3769
29.48064
29.58441
29.68805
29.79176
29.8955
29.99928
30.10288
30.20674
30.31046
30.41418
30.5179
30.6219
30.72544
30.82918
30.9329
31.03669
31.14038
31.24413
31.34787
31.45171
31.5554
31.65917
31.76289
31.86662
31.9704
32.07579
32.17781
32.28141
32.48878
32.69616
32.79993
32.90355
33.00725
33.1109
33.21475
33.31844
33.422
33.52577
33.62937
33.73312
33.83686
33.94091
34.04485
34.14788
34.25163
34.35538
34.45914
34.56302
34.66681
34.7704
34.87418
34.9779
35.08176
35.18551
35.28926
35.49688
35.60066
35.70439
35.80813
35.91188
36.01563
36.11938
36.22324
36.32682
36.43069
36.53441
36.63814
36.742
36.84583
36.94959
37.05335
37.15703
37.26077
37.36451
37.572
37.67575
37.77975
37.88431
37.98718
38.09097
38.19463
38.29828
38.40201
38.50575
38.60973
38.7133
38.81707
38.92077
39.02468
39.12841
39.23213
39.33593
39.43971
39.54357
39.6473
39.75116
39.8549
39.95867
40.06332
40.16616
40.27004
40.37377
40.47782
40.58135
40.68504
40.89254
40.99629
41.10014
41.20395
41.30763
41.41154
41.51543
41.61917
41.7231
41.8268
41.93055
42.03443
42.13818
42.24188
42.34576
42.4497
42.55387
42.65705
42.76091
42.86465
42.96842
43.07213
43.1761
43.27975
43.38352
43.48727
43.59117
43.69479
43.79846
43.90217
44.00589
44.10961
44.2133
44.31692
44.42179
44.52429
44.62802
44.73196
44.83567
44.94027
45.04306
45.14848
45.25054
45.35434
45.45805
45.56177
45.66552
45.76926
45.87302
45.97664
46.08069
46.18426
46.28779
46.39146
46.49521
46.59892
46.70265
46.8064
46.91014
47.0139
47.11766
47.22165
47.32551
47.42922
47.53292
47.63682
47.74058
47.84447
47.94827
48.05215
48.15601
48.25993
48.46757
48.6752
48.77896
48.88265
48.98644
49.09015
49.19376
49.29755
49.40117
49.5049
49.60864
49.71227
49.81601
49.91964
50.02327
50.12701
50.23076
50.33451
50.43829
50.54201
50.6459
50.74977
50.85364
50.95739
51.06127
51.16514
51.26891
51.37264
51.47639
51.58014
51.68389
51.78764
51.89129
51.99501
52.09877
52.20239
52.30614
52.41002
52.5139
52.61777
52.72164
52.82564
52.92952
53.03327
53.13702
53.24064
53.34439
53.44802
53.65539
53.75902
53.86264
53.96627
54.06989
54.17352
54.27714
54.38077
54.4844
54.58802
54.69164
54.79539
54.89902
55.00277
55.10652
55.21027
55.31414
55.41802
55.52202
55.62602
55.83414
55.93827
56.04227
56.1464
56.25054
56.35452
56.45852
56.56253
56.66639
56.77039
56.87427
56.97815
57.08189
57.18578
57.28952
57.39327
57.49702
57.60064
57.70442
57.80802
57.91164
58.01542
58.11902
58.22277
58.32653
58.43027
58.53402
58.6379
58.74165
58.8454
58.94915
59.0529
59.15665
59.26053
59.36427
59.46803
59.57177
59.67553
59.7794
59.88315
59.98702
60.09078
60.19466
60.2984
60.40227
60.50606
60.60993
60.71381
60.81754
60.9213
61.02527
61.12899
61.23272
61.3365
61.44015
61.54393
61.6478
61.75164
61.85529
61.95905
62.0628
62.16662
62.27035
62.37404
62.47781
62.58155
62.68533
62.78904
62.89278
62.99662
63.10039
63.20396
63.30771
63.41142
63.51527
63.61882
63.72254
63.82616
63.92991
64.03359
64.13729
64.24103
64.34477
64.44861
64.55238
64.65623
64.75995
64.86372
64.96745
65.07121
65.17492
65.27891
65.38243
65.48612
65.58979
65.69356
65.79731
65.90104
66.0048
66.10853
66.31595
66.4197
66.62705
66.83459
67.04203
67.24958
67.35346
67.45725
67.56105
67.66492
67.76921
67.87284
67.97667
68.08071
68.18468
68.28867
68.49667
68.70454
68.91219
69.01604
69.22367
69.32742
69.53503
69.74246
69.95011
70.15743
70.36497
70.57236
70.77967
70.98704
71.09066
71.1944
71.29824
71.40199
71.60945
71.71337
71.81705
71.92092
72.02467
72.12829
72.23206
72.33568
72.43944
72.54309
72.6467
72.75044
72.95766
73.1652
73.37269
73.58027
73.78775
73.99531
74.20279
74.30654
74.41037
74.51417
74.61785
74.72147
74.82518
74.92895
75.03264
75.13631
75.24009
75.34368
75.44746
75.55107
75.65469
75.75845
75.8622
75.96581
76.06954
76.17316
76.27699
76.3806
76.48435
76.5881
76.69175
76.79532
76.89907
77.0028
77.10642
77.21016
77.31383
77.41744
77.52117
77.62488
77.72849
77.83214
77.9357
78.03935
78.14293
78.24667
78.3503
78.45402
78.55785
78.66145
78.76563
78.8688
78.97243
79.08178
79.17992
79.28357
79.38733
79.49108
79.59492
79.69857
79.80233
79.90613
80.00979
80.11343
80.21717
80.32102
80.42474
80.52844
80.63223
80.73585
80.83959
80.94353
81.04713
81.15083
81.25455
81.35835
81.46206
81.56586
81.66962
81.77337
81.87695
81.98068
82.08444
82.18818
82.29179
82.39564
82.49934
82.60306
82.70691
82.81045
82.91421
83.01801
83.12172
83.22546
83.32921
83.43293
83.53678
83.64043
83.74418
83.84793
83.95167
84.05558
84.15919
84.26285
84.36657
84.4703
84.57414
84.67795
84.78178
84.88545
84.9895
85.09305
85.19677
85.30039
85.4041
85.50785
85.61143
85.7152
85.81893
85.9227
86.02632
86.13011
86.23384
86.33758
86.44131
86.54501
86.64871
86.75231
86.85606
86.95981
87.06346
87.16719
87.27081
87.37456
87.47821
87.58181
87.68555
87.78917
87.89293
87.99668
88.1003
88.20405
88.3078
88.41143
88.51506
88.61882
88.72243
88.82618
88.92994
89.03368
89.13743
89.24105
89.44855
89.6558
89.75957
89.8632
89.96695
90.07069
90.17432
90.27805
90.38184
90.48555
90.5893
90.69307
90.7968
90.90055
91.0043
91.10806
91.21168
91.31545
91.41918
91.52293
91.62668
91.7303
91.83406
91.93781
92.04155
92.14531
92.24918
92.35295
92.4568
92.56056
92.66443
92.76832
92.8721
92.97593
93.07968
93.18356
93.28743
93.39132
93.49518
93.59895
93.70282
93.80668
93.91043
94.01431
94.11806
94.22193
94.32569
94.42956
94.53331
94.63721
94.74106
94.84493
94.94881
95.05269
95.15655
95.26056
95.36443
95.46832
95.67618
95.88406
96.09206
96.30006
96.50831
96.61244
96.71658
96.82081
96.92494
97.02906
97.13319
97.34144
97.44544
97.54948
97.65356
97.75756
97.86159
97.96544
98.06933
98.17306
98.27683
98.38056
98.58781
98.69156
98.79531
98.89908
99.00281
99.21031
99.31419
99.41817
99.52216
99.62616
99.73007
99.83408
99.93807
100.0421
100.1461
100.2501
100.3541
100.4581
100.666
100.8738
101.0813
101.2887
101.4961
101.7034
101.9109
102.1185
102.2222
102.4298
102.6374
102.845
103.0524
103.2599
103.4673
103.6747
103.8822
104.0896
104.1932
104.2969
104.4006
104.5043
104.6081
104.7117
104.8154
104.9192
105.0229
105.1266
105.2304
105.3342
105.4379
105.5417
105.6454
105.7492
105.8532
105.9567
106.0605
106.1642
106.2679
106.3717
106.4755
106.5792
106.683
106.7868
106.8906
106.9943
107.0981
107.2018
107.3057
107.4092
107.5129
107.6167
107.7207
107.8243
107.9278
108.0316
108.1353
108.2389
108.3427
108.4464
108.5502
108.654
108.7578
108.8615
108.9653
109.0692
109.1731
109.2767
109.3805
109.4843
109.588
109.6917
109.7954
109.9003
110.003
110.1067
110.2106
110.4181
110.5219
110.6256
110.7295
110.8332
110.9371
111.0411
111.1448
111.2485
111.3523
111.4562
111.56
111.6637
111.7675
111.8712
111.9749
112.0786
112.1823
112.2881
112.3899
112.4936
112.5973
112.7011
112.8049
112.9086
113.0125
113.22
113.4276
113.6353
113.843
114.0507
114.2587
114.467
114.6754
114.8839
115.0922
115.3007
115.4048
115.6131
115.8211
116.0294
116.2383
116.341
116.5486
116.7561
116.9634
117.1706
117.3779
117.4816
117.5852
117.689
117.7925
117.8961
117.9996
118.1032
118.207
118.3106
118.4143
118.518
118.6217
118.7255
118.8291
118.9328
119.0367
119.1405
119.2442
119.3478
119.4516
119.5553
119.6591
119.7627
119.8665
119.9701
120.0737
120.1775
120.2811
120.3848
120.4885
120.5922
120.6958
120.7995
120.9032
121.0067
121.1105
121.2141
121.3178
121.4216
121.5253
121.6291
121.7328
121.8366
121.9403
122.0441
122.1478
122.2516
122.3553
122.4592
122.563
122.6668
122.7707
122.8746
122.9785
123.0824
123.1862
123.29
123.3938
123.4976
123.6015
123.7053
123.8091
123.913
124.0167
124.1205
124.2244
124.3281
124.4319
124.5356
124.6393
124.7431
124.8468
124.9506
125.0543
125.1582
125.262
125.3657
125.4694
125.5731
125.6768
125.7806
125.8842
125.988
126.0917
126.1955
126.2992
126.403
126.5066
126.6103
126.7141
126.8178
126.9216
127.0252
127.129
127.2327
127.3365
127.4401
127.5439
127.6476
127.7512
127.855
127.9586
128.0622
128.166
128.2697
128.3733
128.4771
128.5807
128.6845
128.7882
128.8918
128.9955
129.0991
129.2028
129.3066
129.4103
129.5141
129.6178
129.7216
129.8253
129.9291
130.0327
130.1365
130.2402
130.3438
130.4476
130.5513
130.655
130.7587
130.8625
130.9661
131.07
131.1737
131.2775
131.3811
131.4848
131.5885
131.6922
131.796
131.8996
132.0033
132.107
132.2106
132.3144
132.418
132.5217
132.6255
132.7291
132.8328
132.9365
133.0401
133.1437
133.2475
133.3511
133.4548
133.5586
133.6622
133.766
133.8697
133.9733
134.0771
134.1808
134.2845
134.3882
134.4919
134.5956
134.6993
134.8031
134.9069
135.0106
135.1143
135.2181
135.322
135.4257
135.5295
135.6331
135.7369
135.8406
135.9442
136.0478
136.1516
136.2552
136.359
136.4627
136.5665
136.6702
136.774
136.8777
136.9814
137.0851
137.1887
137.2925
137.3962
137.5
137.6036
137.7074
137.811
137.9147
138.0184
138.1221
138.2259
138.3296
138.4334
138.5371
138.641
138.7447
138.8485
138.9522
139.056
139.1597
139.2636
139.3674
139.4711
139.5749
139.6785
139.7822
139.886
139.9897
140.0935
140.1971
140.3009
140.4046
140.5082
140.612
140.7156
140.8194
140.9231
141.0267
141.1305
141.2342
141.338
141.4417
141.5455
141.6491
141.7529
141.8566
141.9602
142.064
142.1677
142.2715
142.3754
142.4791
142.5827
142.6865
142.7901
142.8937
142.9975
143.1011
143.2047
143.3085
143.4121
143.5159
143.6196
143.7233
143.827
143.9306
144.0344
144.138
144.2417
144.3454
144.4491
144.5527
144.6565
144.7602
144.864
144.9679
145.0716
145.1754
145.2791
145.3829
145.4866
145.5904
145.694
145.7977
145.9014
146.0051
146.1088
146.2125
146.3161
146.4199
146.5235
146.6272
146.7309
146.8346
146.9384
147.042
147.1457
147.2494
147.3531
147.4569
147.5606
147.6643
147.768
147.8718
147.9755
148.0792
148.183
148.2867
148.3904
148.4941
148.5979
148.7016
148.8054
148.909
149.0128
149.1164
149.2201
149.3239
149.4275
149.5312
149.6349
149.7386
149.8424
149.9461
150.0497
150.1535
150.2572
150.361
150.4647
150.5684
150.6721
150.7757
150.8795
150.9831
151.0869
151.1905
151.2942
151.398
151.5018
151.6055
151.7091
151.813
151.9166
152.0204
152.1241
152.2279
152.3315
152.4352
152.5389
152.6426
152.7462
152.8499
152.9535
153.0572
153.1609
153.2645
153.3682
153.472
153.5756
153.6794
153.7831
153.8867
153.9905
154.198
154.4055
154.613
154.8207
155.0286
155.2366
155.4448
155.653
155.8614
156.0696
156.2779
156.4861
156.6945
156.7986
157.0069
157.2149
157.4227
157.6305
157.8382
158.0459
158.2535
158.4611
158.6686
158.8761
159.0835
159.2909
159.4981
159.7052
159.9125
160.1198
160.327
160.5341
160.7415
160.9489
161.1564
161.3637
161.5713
161.7788
161.9862
162.1936
162.401
162.5046
162.6084
162.7121
162.8159
163.0233
163.2308
163.4383
163.6458
163.8533
164.0606
164.1644
164.2681
164.3719
164.4756
164.5793
164.683
164.7867
164.8905
164.9944
