0
0.4158721
0.6241195
0.8324957
1.04077
1.248998
1.457124
1.665128
1.872875
2.080499
2.287894
2.495127
2.702273
2.909375
3.116499
3.32375
3.531001
3.738395
3.945774
4.15325
4.360751
4.568398
4.672274
4.776128
4.880125
4.984148
5.088126
5.192023
5.295877
5.399752
5.503628
5.6074
5.711251
5.815003
5.918752
6.022375
6.126131
6.229773
6.333503
6.437129
6.54088
6.644505
6.851878
7.059005
7.162754
7.37013
7.577401
7.784655
7.991881
8.199389
8.407006
8.614628
8.822133
9.029629
9.133505
9.237279
9.444755
9.652155
9.85963
10.06727
10.27501
10.37888
10.48276
10.58651
10.69039
10.79413
10.89801
11.00175
11.10539
11.20913
11.31289
11.41663
11.52039
11.62401
11.7278
11.83151
11.93526
12.14264
12.24638
12.35015
12.45388
12.55763
12.66139
12.76505
12.86876
12.9724
13.07617
13.17993
13.28368
13.38743
13.49113
13.59489
13.69876
13.80249
13.90626
14.01003
14.1138
14.21764
14.32153
14.42539
14.63312
14.84076
15.04826
15.15201
15.25576
15.35953
15.46328
15.56714
15.67089
15.77464
15.87839
15.98216
16.18976
16.29351
16.39726
16.50103
16.60476
16.81239
16.91616
17.02001
17.12376
17.22752
17.33141
17.43514
17.53904
17.64289
17.74664
17.85054
17.95427
18.05814
18.16189
18.26577
18.36958
18.47338
18.57716
18.68099
18.78486
18.88852
18.99237
19.09604
19.19989
19.30352
19.51115
19.71839
19.92567
20.02941
20.13289
20.34039
20.44402
20.54777
20.65152
20.75527
20.85914
21.06677
21.17064
21.37853
21.5864
21.79428
21.89827
22.00215
22.10615
22.21007
22.41777
22.52152
22.6254
22.72917
22.93652
23.04014
23.14377
23.35102
23.45465
23.66202
23.8694
23.97302
24.07678
24.18054
24.28416
24.49165
24.5954
24.80311
24.90678
25.11427
25.21804
25.32177
25.42552
25.52939
25.63321
25.73702
25.8408
25.94452
26.04815
26.25554
26.35915
26.4628
26.67029
26.87767
27.08502
27.29253
27.50002
27.6039
27.81165
28.0194
28.22715
28.3309
28.43477
28.53865
28.74615
28.9538
29.05752
29.16127
29.2649
29.36865
29.47253
29.5763
29.68017
29.7839
29.88778
29.99166
30.09553
30.19928
30.30305
30.40678
30.5104
30.61403
30.71778
30.82141
30.92516
31.02878
31.13253
31.34005
31.44365
31.54741
31.65103
31.75479
31.85853
31.96228
32.16965
32.27341
32.37715
32.48091
32.58453
32.68828
32.7919
32.89566
32.99941
33.10317
33.20678
33.31053
33.41428
33.51817
33.62178
33.72553
33.82928
33.93305
34.03666
34.14041
34.24403
34.34778
34.45153
34.55516
34.65891
34.86628
35.07391
35.28128
35.38505
35.48866
35.59241
35.69616
35.79978
35.90353
36.00718
36.11091
36.21453
36.31829
36.42204
36.52578
36.62953
36.73328
36.83704
36.94079
37.04454
37.25204
37.45941
37.66666
37.87404
37.97779
38.08153
38.18528
38.28916
38.39316
38.49716
38.60116
38.70516
38.80929
38.91329
39.12116
39.32891
39.43266
39.53641
39.64016
39.74382
39.84756
39.95129
40.05504
40.15866
40.26242
40.36616
40.46991
40.57354
40.78104
40.98841
41.19579
41.40316
41.50679
41.71417
41.81792
41.92154
42.0253
42.12892
42.23267
42.33629
42.44004
42.54379
42.64742
42.75118
42.85479
42.95854
43.06229
43.16606
43.26979
43.37356
43.47733
43.58104
43.68494
43.78869
43.89243
43.99606
44.09996
44.20356
44.3073
44.41104
44.51479
44.61854
44.72233
44.82616
44.92979
45.03354
45.13734
45.24104
45.34481
45.44854
45.55229
45.65617
45.75992
45.86367
45.96742
46.07129
46.17505
46.27879
46.38267
46.59042
46.69417
46.79805
46.90192
47.0058
47.10967
47.21356
47.31742
47.42117
47.52505
47.6288
47.73267
47.83644
47.94017
48.04392
48.14769
48.25142
48.35505
48.4588
48.56255
48.66619
48.76994
48.87355
48.9773
49.08093
49.18467
49.28832
49.39205
49.4958
49.59942
49.70317
49.8068
49.91055
50.01417
50.11799
50.22158
50.3253
50.42899
50.53269
50.63645
50.74021
50.84399
50.9476
51.0512
51.15495
51.25856
51.36231
51.46593
51.56968
51.67332
51.77693
51.88067
51.9843
52.08805
52.19167
52.29543
52.39917
52.50293
52.60668
52.71043
52.81418
52.91793
53.02168
53.12543
53.22918
53.43655
53.5403
53.64405
53.7478
53.85155
53.9553
54.05905
54.1628
54.26655
54.37018
54.47393
54.57757
54.68131
54.78506
54.8888
55.09643
55.30405
55.40781
55.51168
55.71918
55.82293
55.92668
56.03043
56.13405
56.2378
56.34158
56.44535
56.54907
56.65294
56.75668
56.86044
56.96428
57.17189
57.27556
57.37933
57.48306
57.58681
57.69056
57.7943
57.8982
58.00193
58.10581
58.20968
58.31344
58.41731
58.52106
58.62493
58.72868
58.83268
58.93658
59.04043
59.14431
59.24819
59.35206
59.45581
59.55956
59.66331
59.76694
59.87068
59.97431
60.07808
60.1818
60.28556
60.38931
60.49306
60.59681
60.70058
60.80418
60.90796
61.0116
61.11533
61.21894
61.32269
61.42643
61.53019
61.63382
61.7376
61.84131
61.94506
62.04884
62.15261
62.2564
62.46396
62.67181
62.87983
63.08756
63.29544
63.50319
63.71081
63.91844
64.22969
64.54071
64.95531
65.47369
65.99219
66.51069
66.92544
67.23644
67.54732
67.85832
68.06569
68.27307
68.48032
68.68782
68.89532
69.10284
69.31032
69.51769
69.72532
69.93284
70.14057
70.3482
70.55582
70.76333
70.97082
71.17844
71.38595
71.59333
71.80095
72.00847
72.21595
72.42345
72.5272
72.63095
72.7347
72.83847
72.9422
73.04595
73.1497
73.25345
73.35722
73.46107
73.56495
73.66882
73.7727
73.8767
73.9806
74.08445
74.18845
74.29233
74.3962
74.50011
74.60382
74.70783
74.8117
74.91545
75.01933
75.12333
75.2271
75.33095
75.43482
75.53857
75.6422
75.74595
75.84958
75.95332
76.05695
76.16058
76.2642
76.3677
76.47133
76.57495
76.67858
76.7822
76.88586
76.98956
77.09325
77.19695
77.30058
77.4042
77.50783
77.61158
77.7152
77.81895
77.92271
78.02633
78.13008
78.23383
78.33745
78.4412
78.54483
78.64858
78.75233
78.85595
78.95971
79.06333
79.16708
79.27083
79.37446
79.47821
79.58195
79.6857
79.78945
79.89321
79.99697
80.10058
80.20433
80.30798
80.41171
80.51533
80.61908
80.72274
80.82644
80.93008
81.03384
81.1375
81.24121
81.34494
81.44859
81.55233
81.65606
81.75971
81.86346
81.96708
82.07083
82.17446
82.27821
82.38196
82.48571
82.58943
82.69308
82.79692
82.9006
83.00423
83.10785
83.21158
83.31521
83.41896
83.52259
83.62621
83.72996
83.83358
83.93735
84.04096
84.14471
84.24835
84.3521
84.45571
84.55938
84.66298
84.76673
84.87034
84.97396
85.07772
85.18133
85.28509
85.38871
85.49246
85.59611
85.69975
85.80345
85.90711
86.01084
86.11446
86.21821
86.32183
86.42559
86.52921
86.63298
86.73673
86.84034
86.94409
87.04771
87.15136
87.25496
87.35871
87.46246
87.66986
87.87734
88.08521
88.29333
88.50159
88.7101
88.91859
89.02284
89.12709
89.23134
89.33559
89.43959
89.54371
89.64784
89.75184
89.85584
89.95974
90.06371
90.16759
90.27149
90.37547
90.47934
90.58309
90.68697
90.79084
90.89459
90.99849
91.10209
91.20584
91.30947
91.41297
91.51659
91.62022
91.82724
92.03413
92.24122
92.4486
92.55222
92.65597
92.75972
92.86347
92.96722
93.07097
93.17472
93.27847
93.38209
93.48584
93.58947
93.69312
93.79672
93.90035
94.00397
94.10764
94.21135
94.31499
94.41859
94.52222
94.62597
94.72972
94.83349
94.93722
95.04097
95.14472
95.24835
95.35209
95.45587
95.55954
95.66311
95.76685
95.87047
95.97425
96.07786
96.1816
96.28535
96.3891
96.49287
96.5966
96.70035
96.80399
96.90773
97.01147
97.1151
97.21889
97.3225
97.42622
97.63372
97.73747
97.84124
97.94507
98.15247
98.35997
98.56747
98.67123
98.77487
98.98235
99.18973
99.39723
99.6046
99.81198
100.0193
100.3305
100.6415
100.9526
101.2636
101.5747
102.0932
102.6119
103.2341
103.649
103.9601
104.1674
104.4782
104.6857
104.893
105.1005
105.3077
105.5153
105.6189
105.7226
105.8265
105.9302
106.0341
106.1379
106.2417
106.3455
106.4492
106.553
106.6568
106.7605
106.968
107.1755
107.2791
107.3829
107.4865
107.5902
107.6939
107.7976
107.9012
108.005
108.1087
108.2125
108.3162
108.42
108.5237
108.6275
108.7312
108.8351
108.9389
109.0426
109.1464
109.3539
109.5612
109.665
109.7687
109.8724
109.9761
110.0797
110.1835
110.2872
110.3909
110.4946
110.5982
110.702
110.8056
110.9092
111.0129
111.1166
111.2202
111.324
111.4276
111.5314
111.635
111.7387
111.8424
111.9461
112.0497
112.1535
112.2571
112.3609
112.4646
112.5682
112.672
112.7756
112.8794
112.983
113.0867
113.1905
113.2941
113.3978
113.5015
113.709
113.8126
113.9164
114.1239
114.3314
114.5387
114.7463
114.9538
115.1611
115.3686
115.5761
115.7835
115.9909
116.1983
116.4056
116.7167
117.028
117.3391
117.6504
118.0651
118.5836
119.2059
120.1392
121.902
122.628
123.1462
123.6648
124.3906
