0 0.000130 0.049799 100.000000 14.705882
0 0.000063 0.024160 200.000000 17.241379
0 0.000041 0.017356 300.000000 19.108280
0 0.000029 0.017789 400.000000 20.512821
0 0.000024 0.019381 500.000000 21.551723
0 0.000020 0.020666 600.000000 22.222221
0 0.000017 0.020991 700.000000 22.801304
0 0.000014 0.021208 800.000000 23.188406
0 0.000013 0.021522 900.000000 23.498695
0 0.000011 0.021745 1000.000000 23.752970
0 0.000011 0.021299 1100.000000 24.017467
0 0.000010 0.020787 1200.000000 24.144869
0 0.000010 0.020550 1300.000000 24.253731
0 0.000008 0.020324 1400.000000 24.347826
0 0.000008 0.019991 1500.000000 24.469820
0 0.000007 0.019648 1600.000000 24.615385
10 0.000098 0.048457 100.000000 15.873015
10 0.000046 0.021932 200.000000 18.181818
10 0.000029 0.014828 300.000000 19.867550
10 0.000021 0.015672 400.000000 21.164021
10 0.000017 0.017354 500.000000 22.123894
10 0.000014 0.018895 600.000000 22.727272
10 0.000012 0.018962 700.000000 23.255814
10 0.000011 0.019550 800.000000 23.598820
10 0.000010 0.019871 900.000000 23.936171
10 0.000009 0.019928 1000.000000 24.154589
10 0.000009 0.019501 1100.000000 24.336283
10 0.000008 0.019249 1200.000000 24.439919
10 0.000008 0.018777 1300.000000 24.528301
10 0.000007 0.018606 1400.000000 24.604568
10 0.000006 0.018246 1500.000000 24.711697
10 0.000006 0.017855 1600.000000 24.883360
20 0.000067 0.044076 100.000000 17.241379
20 0.000033 0.018310 200.000000 19.230770
20 0.000021 0.011296 300.000000 20.689655
20 0.000016 0.013379 400.000000 21.857924
20 0.000012 0.015724 500.000000 22.727272
20 0.000010 0.016844 600.000000 23.346304
20 0.000009 0.017873 700.000000 23.728813
20 0.000009 0.017857 800.000000 24.096386
20 0.000009 0.018472 900.000000 24.324324
20 0.000008 0.018447 1000.000000 24.509804
20 0.000008 0.017951 1100.000000 24.663677
20 0.000008 0.017738 1200.000000 24.793388
20 0.000007 0.017246 1300.000000 24.856596
20 0.000007 0.017143 1400.000000 24.866785
20 0.000006 0.016670 1500.000000 25.000000
20 0.000006 0.016368 1600.000000 25.117739
30 0.000019 0.027986 100.000000 17.857143
30 0.000020 0.008372 200.000000 19.801981
30 0.000017 0.007592 300.000000 21.276596
30 0.000011 0.012999 400.000000 22.471910
30 0.000011 0.015484 500.000000 23.148148
30 0.000007 0.016873 600.000000 23.715416
30 0.000010 0.017412 700.000000 24.054983
30 0.000010 0.017561 800.000000 24.390244
30 0.000009 0.018159 900.000000 24.590164
30 0.000010 0.018191 1000.000000 24.752476
30 0.000010 0.017333 1100.000000 24.886877
30 0.000009 0.017046 1200.000000 25.000000
30 0.000009 0.017007 1300.000000 25.000000
30 0.000008 0.016465 1400.000000 25.044724
30 0.000008 0.016199 1500.000000 25.167786
30 0.000008 0.015881 1600.000000 25.276461
40 0.000063 0.007350 100.000000 17.857143
40 0.000033 0.007575 200.000000 20.000000
40 0.000027 0.013387 300.000000 21.582733
40 0.000018 0.018498 400.000000 22.727272
40 0.000018 0.019181 500.000000 23.364487
40 0.000014 0.019727 600.000000 23.904383
40 0.000013 0.019865 700.000000 24.221453
40 0.000014 0.019949 800.000000 24.464832
40 0.000013 0.019954 900.000000 24.725275
40 0.000013 0.019695 1000.000000 24.875622
40 0.000012 0.018697 1100.000000 25.000000
40 0.000011 0.018435 1200.000000 25.052193
40 0.000011 0.018199 1300.000000 25.096525
40 0.000010 0.017683 1400.000000 25.134649
40 0.000010 0.017236 1500.000000 25.252525
40 0.000010 0.016742 1600.000000 25.356577
50 0.000055 0.004755 100.000000 18.867924
50 0.000026 0.010808 200.000000 20.833334
50 0.000024 0.015951 300.000000 22.222221
50 0.000017 0.020144 400.000000 23.255814
50 0.000015 0.020632 500.000000 23.923445
50 0.000012 0.020510 600.000000 24.291498
50 0.000012 0.020570 700.000000 24.647888
50 0.000013 0.020500 800.000000 24.844721
50 0.000012 0.020654 900.000000 25.000000
50 0.000012 0.020267 1000.000000 25.125628
50 0.000012 0.019117 1100.000000 25.229359
50 0.000011 0.018805 1200.000000 25.263159
50 0.000010 0.018600 1300.000000 25.291828
50 0.000009 0.017995 1400.000000 25.362318
50 0.000009 0.017539 1500.000000 25.466892
50 0.000009 0.017076 1600.000000 25.559105
60 0.000032 0.007380 100.000000 19.607843
60 0.000023 0.014279 200.000000 21.505377
60 0.000019 0.020030 300.000000 22.900763
60 0.000016 0.021754 400.000000 23.809525
60 0.000011 0.022316 500.000000 24.271845
60 0.000010 0.021823 600.000000 24.691359
60 0.000011 0.021796 700.000000 24.911032
60 0.000012 0.021496 800.000000 25.157232
60 0.000010 0.021609 900.000000 25.280899
60 0.000011 0.020869 1000.000000 25.380711
60 0.000011 0.019953 1100.000000 25.462963
60 0.000010 0.019538 1200.000000 25.477707
60 0.000010 0.019174 1300.000000 25.440313
60 0.000009 0.018620 1400.000000 25.500910
60 0.000009 0.018050 1500.000000 25.597269
60 0.000009 0.017573 1600.000000 25.723473
70 0.000036 0.012824 100.000000 20.408163
70 0.000019 0.016414 200.000000 22.222221
70 0.000018 0.022026 300.000000 23.437500
70 0.000014 0.022620 400.000000 24.242424
70 0.000010 0.023116 500.000000 24.752476
70 0.000011 0.022410 600.000000 25.000000
70 0.000011 0.022427 700.000000 25.179855
70 0.000012 0.022175 800.000000 25.396826
70 0.000011 0.021956 900.000000 25.495750
70 0.000010 0.021094 1000.000000 25.575447
70 0.000010 0.020390 1100.000000 25.641026
70 0.000010 0.019663 1200.000000 25.641026
70 0.000009 0.019325 1300.000000 25.590551
70 0.000009 0.018803 1400.000000 25.641026
70 0.000009 0.018225 1500.000000 25.773195
70 0.000009 0.017740 1600.000000 25.848143
80 0.000030 0.016168 100.000000 21.276596
80 0.000018 0.019747 200.000000 22.727272
80 0.000013 0.023842 300.000000 24.000000
80 0.000013 0.024162 400.000000 24.691359
80 0.000009 0.023995 500.000000 25.000000
80 0.000009 0.023579 600.000000 25.316456
80 0.000010 0.022793 700.000000 25.454546
80 0.000010 0.023061 800.000000 25.559105
80 0.000010 0.022408 900.000000 25.714285
80 0.000010 0.021406 1000.000000 25.773195
80 0.000009 0.020781 1100.000000 25.761124
80 0.000009 0.020145 1200.000000 25.751074
80 0.000009 0.019566 1300.000000 25.742575
80 0.000008 0.019038 1400.000000 25.782688
80 0.000008 0.018672 1500.000000 25.906736
80 0.000008 0.018376 1600.000000 25.931929
90 0.000015 0.018838 100.000000 22.222221
90 0.000014 0.022063 200.000000 23.255814
90 0.000009 0.026541 300.000000 24.390244
90 0.000010 0.025819 400.000000 25.000000
90 0.000007 0.025388 500.000000 25.380711
90 0.000007 0.024577 600.000000 25.531916
90 0.000008 0.024076 700.000000 25.641026
90 0.000008 0.023671 800.000000 25.806452
90 0.000009 0.023147 900.000000 25.862068
90 0.000008 0.021877 1000.000000 25.906736
90 0.000008 0.021308 1100.000000 25.882353
90 0.000008 0.020830 1200.000000 25.862068
90 0.000007 0.020255 1300.000000 25.844931
90 0.000007 0.019664 1400.000000 25.925926
90 0.000007 0.019150 1500.000000 25.996534
90 0.000007 0.019006 1600.000000 26.058632
100 0.000005 0.020839 100.000000 22.727272
100 0.000013 0.024245 200.000000 23.809525
100 0.000006 0.027253 300.000000 24.793388
100 0.000007 0.026707 400.000000 25.316456
100 0.000006 0.025342 500.000000 25.510204
100 0.000006 0.024746 600.000000 25.751074
100 0.000007 0.024359 700.000000 25.830257
100 0.000007 0.024218 800.000000 25.889967
100 0.000007 0.023481 900.000000 26.011560
100 0.000008 0.022150 1000.000000 25.974026
100 0.000007 0.021623 1100.000000 26.004728
100 0.000007 0.021360 1200.000000 25.917927
100 0.000007 0.020642 1300.000000 25.948103
100 0.000007 0.020140 1400.000000 26.022305
100 0.000007 0.019513 1500.000000 26.086956
100 0.000006 0.019343 1600.000000 26.101141
110 0.000012 0.023228 100.000000 22.727272
110 0.000014 0.027667 200.000000 24.390244
110 0.000011 0.027948 300.000000 25.210085
110 0.000006 0.026884 400.000000 25.641026
110 0.000007 0.025662 500.000000 25.773195
110 0.000008 0.025016 600.000000 25.974026
110 0.000009 0.024451 700.000000 26.022305
110 0.000008 0.024239 800.000000 26.058632
110 0.000008 0.023294 900.000000 26.086956
110 0.000008 0.022085 1000.000000 26.109661
110 0.000008 0.021496 1100.000000 26.066351
110 0.000008 0.021065 1200.000000 26.030369
110 0.000007 0.020394 1300.000000 26.000000
110 0.000007 0.019753 1400.000000 26.119404
110 0.000007 0.019193 1500.000000 26.178011
110 0.000006 0.019076 1600.000000 26.186579
120 0.000010 0.023652 100.000000 23.255814
120 0.000011 0.027986 200.000000 25.000000
120 0.000008 0.027439 300.000000 25.423729
120 0.000006 0.026940 400.000000 25.806452
120 0.000005 0.025859 500.000000 25.906736
120 0.000008 0.024999 600.000000 26.086956
120 0.000008 0.024869 700.000000 26.119404
120 0.000008 0.024228 800.000000 26.143791
120 0.000009 0.022964 900.000000 26.162790
120 0.000007 0.022284 1000.000000 26.178011
120 0.000008 0.021365 1100.000000 26.128265
120 0.000008 0.021016 1200.000000 26.086956
120 0.000007 0.020398 1300.000000 26.104418
120 0.000007 0.019847 1400.000000 26.168224
120 0.000007 0.019297 1500.000000 26.223776
120 0.000006 0.019291 1600.000000 26.229507
130 0.000008 0.026575 100.000000 23.809525
130 0.000008 0.029795 200.000000 25.316456
130 0.000007 0.027918 300.000000 25.862068
130 0.000005 0.027176 400.000000 25.974026
130 0.000005 0.026079 500.000000 26.041666
130 0.000008 0.024996 600.000000 26.200872
130 0.000007 0.024887 700.000000 26.217228
130 0.000008 0.024314 800.000000 26.229507
130 0.000008 0.022784 900.000000 26.239067
130 0.000007 0.022032 1000.000000 26.246719
130 0.000007 0.021625 1100.000000 26.190475
130 0.000007 0.020768 1200.000000 26.143791
130 0.000007 0.020356 1300.000000 26.156942
130 0.000007 0.019708 1400.000000 26.217228
130 0.000006 0.019490 1500.000000 26.269703
130 0.000006 0.019352 1600.000000 26.229507
140 0.000021 0.028008 100.000000 24.390244
140 0.000005 0.030172 200.000000 25.641026
140 0.000009 0.028685 300.000000 26.086956
140 0.000007 0.027369 400.000000 26.143791
140 0.000006 0.026266 500.000000 26.178011
140 0.000008 0.025386 600.000000 26.315790
140 0.000008 0.024970 700.000000 26.315790
140 0.000008 0.024203 800.000000 26.315790
140 0.000008 0.022583 900.000000 26.315790
140 0.000007 0.022074 1000.000000 26.246719
140 0.000007 0.021735 1100.000000 26.190475
140 0.000007 0.020983 1200.000000 26.143791
140 0.000007 0.020432 1300.000000 26.209677
140 0.000007 0.019640 1400.000000 26.315790
140 0.000006 0.019609 1500.000000 26.315790
140 0.000006 0.019468 1600.000000 26.229507
150 0.000021 0.032002 100.000000 25.000000
150 0.000011 0.031022 200.000000 25.974026
150 0.000006 0.028672 300.000000 26.315790
150 0.000007 0.026864 400.000000 26.315790
150 0.000008 0.026168 500.000000 26.315790
150 0.000008 0.025137 600.000000 26.431719
150 0.000007 0.024918 700.000000 26.415094
150 0.000008 0.023702 800.000000 26.402639
150 0.000008 0.022425 900.000000 26.392962
150 0.000007 0.021833 1000.000000 26.315790
150 0.000007 0.021302 1100.000000 26.252983
150 0.000007 0.020645 1200.000000 26.200872
150 0.000007 0.019875 1300.000000 26.315790
150 0.000007 0.019394 1400.000000 26.365349
150 0.000006 0.019190 1500.000000 26.362040
150 0.000006 0.019217 1600.000000 26.229507
160 0.000019 0.033725 100.000000 25.641026
160 0.000010 0.029530 200.000000 26.315790
160 0.000007 0.028760 300.000000 26.315790
160 0.000006 0.026328 400.000000 26.490067
160 0.000008 0.025848 500.000000 26.455027
160 0.000008 0.025306 600.000000 26.431719
160 0.000008 0.024549 700.000000 26.515152
160 0.000009 0.023332 800.000000 26.490067
160 0.000008 0.022583 900.000000 26.392962
160 0.000008 0.021561 1000.000000 26.315790
160 0.000008 0.021097 1100.000000 26.252983
160 0.000007 0.020445 1200.000000 26.258205
160 0.000007 0.019803 1300.000000 26.369169
160 0.000007 0.019280 1400.000000 26.365349
160 0.000006 0.019265 1500.000000 26.362040
160 0.000006 0.019300 1600.000000 26.229507
170 0.000021 0.034786 100.000000 25.641026
170 0.000007 0.029717 200.000000 26.315790
170 0.000008 0.028232 300.000000 26.548672
170 0.000008 0.026722 400.000000 26.490067
170 0.000008 0.025436 500.000000 26.455027
170 0.000007 0.025280 600.000000 26.548672
170 0.000008 0.024556 700.000000 26.515152
170 0.000009 0.022858 800.000000 26.490067
170 0.000007 0.022160 900.000000 26.392962
170 0.000007 0.021748 1000.000000 26.315790
170 0.000007 0.020856 1100.000000 26.252983
170 0.000007 0.020344 1200.000000 26.315790
170 0.000007 0.019798 1300.000000 26.369169
170 0.000007 0.019506 1400.000000 26.415094
170 0.000006 0.019362 1500.000000 26.362040
170 0.000006 0.019505 1600.000000 26.186579
180 0.000012 0.032574 100.000000 26.315790
180 0.000006 0.029789 200.000000 26.315790
180 0.000005 0.027418 300.000000 26.548672
180 0.000003 0.026064 400.000000 26.490067
180 0.000006 0.025376 500.000000 26.455027
180 0.000007 0.024669 600.000000 26.548672
180 0.000007 0.023851 700.000000 26.515152
180 0.000007 0.022094 800.000000 26.490067
180 0.000006 0.021597 900.000000 26.392962
180 0.000006 0.021277 1000.000000 26.315790
180 0.000006 0.020510 1100.000000 26.252983
180 0.000006 0.019959 1200.000000 26.315790
180 0.000006 0.019151 1300.000000 26.369169
180 0.000005 0.019142 1400.000000 26.415094
180 0.000005 0.019018 1500.000000 26.315790
180 0.000004 0.019176 1600.000000 26.101141
190 0.000015 0.030402 100.000000 25.641026
190 0.000007 0.027633 200.000000 26.315790
190 0.000007 0.025760 300.000000 26.315790
190 0.000006 0.024989 400.000000 26.490067
190 0.000008 0.024412 500.000000 26.455027
190 0.000007 0.024277 600.000000 26.431719
190 0.000008 0.023130 700.000000 26.515152
190 0.000008 0.021883 800.000000 26.402639
190 0.000007 0.021325 900.000000 26.315790
190 0.000007 0.020934 1000.000000 26.246719
190 0.000006 0.020286 1100.000000 26.252983
190 0.000007 0.019634 1200.000000 26.315790
190 0.000007 0.019087 1300.000000 26.369169
190 0.000006 0.018999 1400.000000 26.365349
190 0.000005 0.019027 1500.000000 26.269703
190 0.000005 0.019167 1600.000000 26.016260
200 0.000018 0.027522 100.000000 25.641026
200 0.000011 0.026743 200.000000 26.315790
200 0.000010 0.025446 300.000000 26.315790
200 0.000011 0.023986 400.000000 26.490067
200 0.000011 0.024250 500.000000 26.455027
200 0.000010 0.023370 600.000000 26.431719
200 0.000010 0.021912 700.000000 26.415094
200 0.000009 0.021294 800.000000 26.402639
200 0.000009 0.020253 900.000000 26.315790
200 0.000008 0.019985 1000.000000 26.178011
200 0.000008 0.019307 1100.000000 26.252983
200 0.000008 0.018731 1200.000000 26.315790
200 0.000008 0.018274 1300.000000 26.369169
200 0.000006 0.018375 1400.000000 26.315790
200 0.000005 0.018581 1500.000000 26.178011
200 0.000006 0.018623 1600.000000 25.889967
210 0.000021 0.023963 100.000000 25.641026
210 0.000008 0.023672 200.000000 26.315790
210 0.000006 0.023103 300.000000 26.315790
210 0.000010 0.023145 400.000000 26.315790
210 0.000011 0.022785 500.000000 26.455027
210 0.000010 0.022314 600.000000 26.431719
210 0.000010 0.020756 700.000000 26.415094
210 0.000008 0.020377 800.000000 26.315790
210 0.000009 0.019845 900.000000 26.239067
210 0.000008 0.019255 1000.000000 26.178011
210 0.000007 0.018754 1100.000000 26.252983
210 0.000008 0.018276 1200.000000 26.315790
210 0.000007 0.018139 1300.000000 26.369169
210 0.000006 0.018112 1400.000000 26.266417
210 0.000005 0.018275 1500.000000 26.086956
210 0.000006 0.018292 1600.000000 25.848143
220 0.000015 0.025474 100.000000 25.641026
220 0.000008 0.023341 200.000000 26.315790
220 0.000006 0.023357 300.000000 26.315790
220 0.000010 0.023027 400.000000 26.315790
220 0.000009 0.023025 500.000000 26.455027
220 0.000009 0.022266 600.000000 26.431719
220 0.000010 0.020647 700.000000 26.315790
220 0.000008 0.020223 800.000000 26.315790
220 0.000008 0.020045 900.000000 26.162790
220 0.000007 0.019306 1000.000000 26.178011
220 0.000007 0.018777 1100.000000 26.252983
220 0.000007 0.018234 1200.000000 26.315790
220 0.000006 0.018112 1300.000000 26.315790
220 0.000006 0.018215 1400.000000 26.217228
220 0.000005 0.018403 1500.000000 25.996534
220 0.000006 0.018301 1600.000000 25.764894
230 0.000007 0.026942 100.000000 25.641026
230 0.000000 0.024634 200.000000 25.974026
230 0.000003 0.023597 300.000000 26.315790
230 0.000008 0.023554 400.000000 26.315790
230 0.000007 0.023374 500.000000 26.315790
230 0.000007 0.022125 600.000000 26.431719
230 0.000007 0.020875 700.000000 26.315790
230 0.000006 0.020407 800.000000 26.229507
230 0.000006 0.019912 900.000000 26.162790
230 0.000006 0.019354 1000.000000 26.178011
230 0.000006 0.018820 1100.000000 26.252983
230 0.000006 0.018307 1200.000000 26.315790
230 0.000005 0.018295 1300.000000 26.315790
230 0.000005 0.018370 1400.000000 26.168224
230 0.000005 0.018571 1500.000000 25.906736
230 0.000006 0.018349 1600.000000 25.682182
240 0.000015 0.025505 100.000000 25.641026
240 0.000007 0.024439 200.000000 25.974026
240 0.000010 0.022773 300.000000 26.315790
240 0.000011 0.023441 400.000000 26.315790
240 0.000009 0.022695 500.000000 26.315790
240 0.000010 0.021297 600.000000 26.315790
240 0.000008 0.020735 700.000000 26.315790
240 0.000008 0.019831 800.000000 26.229507
240 0.000008 0.019369 900.000000 26.162790
240 0.000007 0.018753 1000.000000 26.178011
240 0.000007 0.018449 1100.000000 26.252983
240 0.000007 0.018124 1200.000000 26.315790
240 0.000006 0.018088 1300.000000 26.262627
240 0.000005 0.018364 1400.000000 26.119404
240 0.000006 0.018463 1500.000000 25.817556
240 0.000006 0.018035 1600.000000 25.396826
250 0.000010 0.025345 100.000000 25.641026
250 0.000000 0.025061 200.000000 25.974026
250 0.000004 0.024085 300.000000 26.315790
250 0.000008 0.023458 400.000000 26.315790
250 0.000008 0.022893 500.000000 26.315790
250 0.000008 0.021016 600.000000 26.315790
250 0.000007 0.020411 700.000000 26.315790
250 0.000007 0.020188 800.000000 26.143791
250 0.000006 0.019616 900.000000 26.086956
250 0.000006 0.018918 1000.000000 26.178011
250 0.000006 0.018313 1100.000000 26.252983
250 0.000006 0.018339 1200.000000 26.315790
250 0.000005 0.018294 1300.000000 26.262627
250 0.000004 0.018511 1400.000000 26.022305
250 0.000005 0.018504 1500.000000 25.817556
250 0.000004 0.017882 1600.000000 25.078369
260 0.000000 0.023252 100.000000 25.641026
260 0.000011 0.023725 200.000000 25.974026
260 0.000011 0.023217 300.000000 26.315790
260 0.000010 0.022900 400.000000 26.315790
260 0.000011 0.021969 500.000000 26.315790
260 0.000010 0.020119 600.000000 26.315790
260 0.000008 0.019693 700.000000 26.217228
260 0.000008 0.019452 800.000000 26.143791
260 0.000007 0.018703 900.000000 26.086956
260 0.000007 0.018104 1000.000000 26.178011
260 0.000007 0.017566 1100.000000 26.315790
260 0.000006 0.017510 1200.000000 26.315790
260 0.000005 0.017693 1300.000000 26.209677
260 0.000005 0.017947 1400.000000 25.925926
260 0.000006 0.017813 1500.000000 25.728989
260 0.000005 0.017105 1600.000000 24.844721
270 0.000016 0.020399 100.000000 25.641026
270 0.000018 0.021732 200.000000 25.974026
270 0.000018 0.021607 300.000000 26.315790
270 0.000013 0.021869 400.000000 26.315790
270 0.000012 0.020521 500.000000 26.315790
270 0.000011 0.019475 600.000000 26.315790
270 0.000010 0.018733 700.000000 26.217228
270 0.000009 0.018438 800.000000 26.058632
270 0.000008 0.017953 900.000000 26.086956
270 0.000008 0.017304 1000.000000 26.246719
270 0.000008 0.016818 1100.000000 26.315790
270 0.000006 0.017011 1200.000000 26.258205
270 0.000006 0.017194 1300.000000 26.104418
270 0.000006 0.017460 1400.000000 25.830257
270 0.000006 0.017256 1500.000000 25.553663
270 0.000007 0.016320 1600.000000 24.539877
280 0.000013 0.023352 100.000000 25.641026
280 0.000021 0.021833 200.000000 25.974026
280 0.000016 0.022046 300.000000 26.315790
280 0.000015 0.021358 400.000000 26.315790
280 0.000014 0.019666 500.000000 26.315790
280 0.000011 0.018848 600.000000 26.200872
280 0.000010 0.018502 700.000000 26.119404
280 0.000009 0.017752 800.000000 26.058632
280 0.000009 0.017340 900.000000 26.162790
280 0.000008 0.016905 1000.000000 26.246719
280 0.000008 0.016837 1100.000000 26.315790
280 0.000006 0.016836 1200.000000 26.258205
280 0.000006 0.017260 1300.000000 26.052105
280 0.000006 0.017396 1400.000000 25.782688
280 0.000006 0.016917 1500.000000 25.252525
280 0.000010 0.015902 1600.000000 24.279211
290 0.000013 0.022138 100.000000 25.641026
290 0.000016 0.022236 200.000000 25.974026
290 0.000015 0.021996 300.000000 26.315790
290 0.000013 0.021252 400.000000 26.315790
290 0.000012 0.019191 500.000000 26.178011
290 0.000010 0.018915 600.000000 26.200872
290 0.000009 0.018679 700.000000 26.119404
290 0.000008 0.017999 800.000000 26.058632
290 0.000008 0.017470 900.000000 26.162790
290 0.000008 0.016858 1000.000000 26.246719
290 0.000007 0.017069 1100.000000 26.315790
290 0.000006 0.017029 1200.000000 26.200872
290 0.000006 0.017354 1300.000000 25.948103
290 0.000005 0.017325 1400.000000 25.735294
290 0.000004 0.016793 1500.000000 24.916943
290 0.000011 0.015979 1600.000000 24.024025
300 0.000024 0.023279 100.000000 25.641026
300 0.000018 0.022243 200.000000 25.974026
300 0.000013 0.022802 300.000000 26.086956
300 0.000013 0.020926 400.000000 26.315790
300 0.000012 0.019420 500.000000 26.178011
300 0.000010 0.018875 600.000000 26.200872
300 0.000009 0.018676 700.000000 26.022305
300 0.000008 0.018046 800.000000 26.058632
300 0.000008 0.017350 900.000000 26.162790
300 0.000008 0.016982 1000.000000 26.246719
300 0.000007 0.016953 1100.000000 26.252983
300 0.000006 0.017136 1200.000000 26.143791
300 0.000005 0.017507 1300.000000 25.844931
300 0.000006 0.017369 1400.000000 25.641026
300 0.000006 0.016594 1500.000000 24.630543
300 0.000012 0.016039 1600.000000 23.809525
310 0.000025 0.024421 100.000000 25.641026
310 0.000016 0.023788 200.000000 25.974026
310 0.000013 0.022978 300.000000 26.086956
310 0.000014 0.021062 400.000000 26.143791
310 0.000010 0.020207 500.000000 26.178011
310 0.000009 0.019073 600.000000 26.086956
310 0.000010 0.018800 700.000000 26.022305
310 0.000008 0.018220 800.000000 26.058632
310 0.000008 0.017687 900.000000 26.162790
310 0.000008 0.017200 1000.000000 26.246719
310 0.000006 0.017395 1100.000000 26.252983
310 0.000005 0.017632 1200.000000 26.086956
310 0.000006 0.017904 1300.000000 25.742575
310 0.000006 0.017593 1400.000000 25.408348
310 0.000007 0.016489 1500.000000 24.350649
310 0.000013 0.015930 1600.000000 23.633678
320 0.000018 0.020913 100.000000 25.641026
320 0.000013 0.022949 200.000000 25.974026
320 0.000012 0.022365 300.000000 26.086956
320 0.000012 0.019786 400.000000 26.143791
320 0.000009 0.019119 500.000000 26.178011
320 0.000008 0.019032 600.000000 26.086956
320 0.000008 0.018155 700.000000 26.022305
320 0.000007 0.017951 800.000000 26.058632
320 0.000007 0.017355 900.000000 26.162790
320 0.000006 0.017323 1000.000000 26.246719
320 0.000006 0.017372 1100.000000 26.190475
320 0.000004 0.017738 1200.000000 25.974026
320 0.000005 0.017878 1300.000000 25.691700
320 0.000005 0.017314 1400.000000 25.044724
320 0.000011 0.016132 1500.000000 24.038462
320 0.000013 0.015475 1600.000000 23.391813
330 0.000021 0.023265 100.000000 25.641026
330 0.000014 0.022807 200.000000 25.974026
330 0.000011 0.021545 300.000000 26.086956
330 0.000011 0.018951 400.000000 26.143791
330 0.000009 0.018734 500.000000 26.041666
330 0.000009 0.018778 600.000000 25.974026
330 0.000007 0.018099 700.000000 25.925926
330 0.000007 0.017683 800.000000 26.058632
330 0.000008 0.016857 900.000000 26.239067
330 0.000006 0.017083 1000.000000 26.246719
330 0.000006 0.017211 1100.000000 26.128265
330 0.000006 0.017538 1200.000000 25.862068
330 0.000006 0.017450 1300.000000 25.590551
330 0.000004 0.016895 1400.000000 24.778761
330 0.000012 0.015832 1500.000000 23.809525
330 0.000014 0.015160 1600.000000 23.088022
340 0.000017 0.022883 100.000000 25.641026
340 0.000011 0.023502 200.000000 25.974026
340 0.000009 0.021615 300.000000 26.086956
340 0.000010 0.019546 400.000000 26.143791
340 0.000008 0.019190 500.000000 26.041666
340 0.000008 0.019025 600.000000 25.974026
340 0.000007 0.018396 700.000000 25.925926
340 0.000007 0.017780 800.000000 26.143791
340 0.000007 0.017292 900.000000 26.239067
340 0.000006 0.017386 1000.000000 26.246719
340 0.000006 0.017612 1100.000000 26.066351
340 0.000006 0.017951 1200.000000 25.751074
340 0.000007 0.017887 1300.000000 25.540276
340 0.000006 0.016944 1400.000000 24.432810
340 0.000013 0.015943 1500.000000 23.584906
340 0.000016 0.015755 1600.000000 22.824537
350 0.000013 0.026715 100.000000 25.641026
350 0.000006 0.023612 200.000000 25.974026
350 0.000009 0.020821 300.000000 26.086956
350 0.000008 0.020241 400.000000 26.143791
350 0.000007 0.019068 500.000000 26.041666
350 0.000007 0.019105 600.000000 25.862068
350 0.000006 0.018465 700.000000 26.022305
350 0.000007 0.017951 800.000000 26.143791
350 0.000007 0.017575 900.000000 26.239067
350 0.000006 0.017870 1000.000000 26.178011
350 0.000005 0.018270 1100.000000 26.004728
350 0.000006 0.018440 1200.000000 25.641026
350 0.000006 0.018047 1300.000000 25.242718
350 0.000009 0.016623 1400.000000 24.137932
350 0.000013 0.015709 1500.000000 23.400936
350 0.000015 0.016288 1600.000000 22.566996
360 0.000012 0.024775 100.000000 25.641026
360 0.000007 0.023104 200.000000 25.974026
360 0.000010 0.019878 300.000000 26.086956
360 0.000006 0.019771 400.000000 25.974026
360 0.000007 0.019321 500.000000 25.906736
360 0.000007 0.018749 600.000000 25.862068
360 0.000006 0.018310 700.000000 26.022305
360 0.000007 0.017872 800.000000 26.143791
360 0.000006 0.017852 900.000000 26.239067
360 0.000005 0.017915 1000.000000 26.178011
360 0.000005 0.018284 1100.000000 25.882353
360 0.000007 0.018395 1200.000000 25.586353
360 0.000004 0.017759 1300.000000 24.856596
360 0.000012 0.016288 1400.000000 23.809525
360 0.000013 0.015325 1500.000000 23.112480
360 0.000019 0.015603 1600.000000 22.598869
370 0.000010 0.024771 100.000000 25.641026
370 0.000007 0.022345 200.000000 25.974026
370 0.000008 0.019068 300.000000 26.086956
370 0.000007 0.019089 400.000000 25.974026
370 0.000007 0.019203 500.000000 25.906736
370 0.000006 0.018481 600.000000 25.862068
370 0.000007 0.018012 700.000000 26.022305
370 0.000007 0.017503 800.000000 26.143791
370 0.000006 0.017493 900.000000 26.239067
370 0.000006 0.017780 1000.000000 26.109661
370 0.000005 0.018148 1100.000000 25.821596
370 0.000006 0.018158 1200.000000 25.477707
370 0.000004 0.017413 1300.000000 24.574669
370 0.000013 0.016001 1400.000000 23.569023
370 0.000015 0.015227 1500.000000 22.831051
380 0.000000 0.024114 100.000000 25.641026
380 0.000006 0.021116 200.000000 25.974026
380 0.000006 0.019202 300.000000 25.862068
380 0.000006 0.019055 400.000000 25.974026
380 0.000007 0.018867 500.000000 25.773195
380 0.000006 0.018425 600.000000 25.862068
380 0.000006 0.017982 700.000000 26.022305
380 0.000007 0.017555 800.000000 26.143791
380 0.000006 0.017738 900.000000 26.162790
380 0.000006 0.017955 1000.000000 26.041666
380 0.000006 0.018403 1100.000000 25.641026
380 0.000007 0.018231 1200.000000 25.369978
380 0.000007 0.017136 1300.000000 24.208567
380 0.000014 0.015846 1400.000000 23.372288
380 0.000016 0.015765 1500.000000 22.556391
390 0.000008 0.021529 100.000000 25.641026
390 0.000009 0.019212 200.000000 25.974026
390 0.000007 0.019144 300.000000 25.862068
390 0.000007 0.018327 400.000000 25.806452
390 0.000008 0.018168 500.000000 25.773195
390 0.000006 0.017720 600.000000 25.862068
390 0.000007 0.017524 700.000000 26.119404
390 0.000007 0.017304 800.000000 26.229507
390 0.000007 0.017526 900.000000 26.162790
390 0.000006 0.018081 1000.000000 25.906736
390 0.000007 0.018334 1100.000000 25.522041
390 0.000007 0.017876 1200.000000 25.052193
390 0.000010 0.016241 1300.000000 23.897058
390 0.000014 0.015155 1400.000000 23.140495
390 0.000016 0.015006 1500.000000 22.354694
400 0.000013 0.022759 100.000000 25.641026
400 0.000011 0.018415 200.000000 25.641026
400 0.000008 0.018454 300.000000 25.862068
400 0.000008 0.018703 400.000000 25.806452
400 0.000009 0.018306 500.000000 25.773195
400 0.000007 0.017757 600.000000 25.974026
400 0.000008 0.017292 700.000000 26.119404
400 0.000007 0.017528 800.000000 26.229507
400 0.000007 0.017726 900.000000 26.086956
400 0.000007 0.018160 1000.000000 25.839794
400 0.000007 0.018305 1100.000000 25.522041
400 0.000005 0.017661 1200.000000 24.640657
400 0.000013 0.015964 1300.000000 23.593466
400 0.000015 0.014885 1400.000000 22.838499
400 0.000022 0.015887 1500.000000 22.421524
410 0.000015 0.020663 100.000000 25.641026
410 0.000013 0.017233 200.000000 25.641026
410 0.000008 0.017545 300.000000 25.862068
410 0.000008 0.018324 400.000000 25.641026
410 0.000007 0.017651 500.000000 25.773195
410 0.000007 0.017238 600.000000 25.974026
410 0.000008 0.016816 700.000000 26.119404
410 0.000007 0.016991 800.000000 26.143791
410 0.000007 0.017414 900.000000 26.011560
410 0.000007 0.017842 1000.000000 25.706942
410 0.000007 0.017824 1100.000000 25.462963
410 0.000005 0.016981 1200.000000 24.340771
410 0.000014 0.015426 1300.000000 23.339317
410 0.000017 0.014651 1400.000000 22.544283
420 0.000013 0.018245 100.000000 25.641026
420 0.000007 0.017543 200.000000 25.641026
420 0.000009 0.017487 300.000000 25.641026
420 0.000009 0.017759 400.000000 25.641026
420 0.000007 0.017534 500.000000 25.773195
420 0.000007 0.017044 600.000000 25.974026
420 0.000008 0.016676 700.000000 26.119404
420 0.000006 0.017041 800.000000 26.143791
420 0.000007 0.017427 900.000000 25.936600
420 0.000007 0.017956 1000.000000 25.575447
420 0.000007 0.017752 1100.000000 25.229359
420 0.000008 0.016455 1200.000000 23.952095
420 0.000015 0.015091 1300.000000 23.090586
420 0.000017 0.015250 1400.000000 22.257551
430 0.000015 0.017264 100.000000 25.000000
430 0.000006 0.017494 200.000000 25.641026
430 0.000008 0.017974 300.000000 25.641026
430 0.000008 0.017654 400.000000 25.641026
430 0.000008 0.017677 500.000000 25.773195
430 0.000007 0.017411 600.000000 26.086956
430 0.000007 0.017532 700.000000 26.119404
430 0.000007 0.017620 800.000000 26.143791
430 0.000007 0.018285 900.000000 25.862068
430 0.000007 0.018620 1000.000000 25.445293
430 0.000006 0.018098 1100.000000 24.830700
430 0.000012 0.016131 1200.000000 23.622047
430 0.000015 0.014885 1300.000000 22.847099
430 0.000019 0.014438 1400.000000 22.116903
440 0.000015 0.015517 100.000000 25.000000
440 0.000007 0.017621 200.000000 25.641026
440 0.000009 0.018586 300.000000 25.423729
440 0.000009 0.018065 400.000000 25.641026
440 0.000009 0.017788 500.000000 25.773195
440 0.000009 0.017173 600.000000 26.086956
440 0.000007 0.017746 700.000000 26.119404
440 0.000008 0.017835 800.000000 26.058632
440 0.000007 0.018369 900.000000 25.714285
440 0.000007 0.018486 1000.000000 25.445293
440 0.000005 0.017860 1100.000000 24.390244
440 0.000016 0.015912 1200.000000 23.300970
440 0.000017 0.014631 1300.000000 22.530329
450 0.000021 0.015907 100.000000 25.000000
450 0.000012 0.017739 200.000000 25.316456
450 0.000009 0.018334 300.000000 25.423729
450 0.000008 0.017910 400.000000 25.641026
450 0.000009 0.017447 500.000000 25.906736
450 0.000009 0.017298 600.000000 26.086956
450 0.000008 0.017476 700.000000 26.119404
450 0.000008 0.017882 800.000000 25.974026
450 0.000008 0.018469 900.000000 25.568182
450 0.000008 0.018402 1000.000000 25.316456
450 0.000007 0.017450 1100.000000 24.070023
450 0.000016 0.015636 1200.000000 23.032629
450 0.000019 0.014911 1300.000000 22.222221
460 0.000007 0.019026 100.000000 25.000000
460 0.000009 0.018067 200.000000 25.316456
460 0.000010 0.018603 300.000000 25.423729
460 0.000008 0.018299 400.000000 25.641026
460 0.000009 0.017783 500.000000 25.906736
460 0.000009 0.017390 600.000000 26.086956
460 0.000008 0.017867 700.000000 26.119404
460 0.000008 0.018314 800.000000 25.889967
460 0.000008 0.018858 900.000000 25.423729
460 0.000007 0.018581 1000.000000 25.000000
460 0.000011 0.016885 1100.000000 23.655914
460 0.000016 0.015342 1200.000000 22.813688
460 0.000019 0.015707 1300.000000 21.922428
470 0.000010 0.019705 100.000000 25.000000
470 0.000000 0.020243 200.000000 25.316456
470 0.000007 0.019001 300.000000 25.423729
470 0.000007 0.018986 400.000000 25.641026
470 0.000006 0.018415 500.000000 26.041666
470 0.000007 0.018527 600.000000 26.086956
470 0.000007 0.018718 700.000000 26.022305
470 0.000007 0.019321 800.000000 25.806452
470 0.000008 0.019534 900.000000 25.352112
470 0.000005 0.018986 1000.000000 24.630543
470 0.000015 0.016629 1100.000000 23.354565
470 0.000017 0.015142 1200.000000 22.556391
470 0.000022 0.014903 1300.000000 21.848740
480 0.000000 0.021518 100.000000 25.000000
480 0.000007 0.021091 200.000000 25.316456
480 0.000007 0.019586 300.000000 25.423729
480 0.000006 0.019135 400.000000 25.806452
480 0.000007 0.018169 500.000000 26.041666
480 0.000007 0.018663 600.000000 26.200872
480 0.000008 0.018809 700.000000 26.022305
480 0.000007 0.019402 800.000000 25.641026
480 0.000007 0.019325 900.000000 25.280899
480 0.000005 0.018606 1000.000000 24.213076
480 0.000017 0.016299 1100.000000 23.012552
480 0.000018 0.014883 1200.000000 22.222221
490 0.000008 0.020321 100.000000 25.000000
490 0.000009 0.020300 200.000000 25.000000
490 0.000008 0.019156 300.000000 25.423729
490 0.000008 0.018314 400.000000 25.806452
490 0.000009 0.017802 500.000000 26.041666
490 0.000008 0.018085 600.000000 26.086956
490 0.000008 0.018545 700.000000 25.925926
490 0.000008 0.019151 800.000000 25.477707
490 0.000009 0.018985 900.000000 25.210085
490 0.000008 0.017771 1000.000000 23.809525
490 0.000017 0.015713 1100.000000 22.774326
490 0.000019 0.015194 1200.000000 21.897810
500 0.000010 0.017197 100.000000 24.390244
500 0.000015 0.018605 200.000000 25.000000
500 0.000008 0.018108 300.000000 25.423729
500 0.000009 0.017516 400.000000 25.974026
500 0.000009 0.017131 500.000000 26.178011
500 0.000009 0.017836 600.000000 26.086956
500 0.000008 0.018509 700.000000 25.830257
500 0.000008 0.019005 800.000000 25.316456
500 0.000008 0.018599 900.000000 24.861879
500 0.000012 0.016711 1000.000000 23.419203
500 0.000018 0.015062 1100.000000 22.540983
500 0.000020 0.015653 1200.000000 21.582733
510 0.000015 0.020942 100.000000 24.390244
510 0.000009 0.018826 200.000000 25.000000
510 0.000009 0.018571 300.000000 25.641026
510 0.000008 0.017758 400.000000 25.974026
510 0.000007 0.017991 500.000000 26.178011
510 0.000008 0.018291 600.000000 26.086956
510 0.000007 0.019029 700.000000 25.735294
510 0.000008 0.019327 800.000000 25.316456
510 0.000006 0.018540 900.000000 24.390244
510 0.000017 0.016197 1000.000000 23.041475
510 0.000018 0.014795 1100.000000 22.222221
510 0.000025 0.015816 1200.000000 21.582733
520 0.000018 0.021370 100.000000 24.390244
520 0.000012 0.019017 200.000000 25.316456
520 0.000010 0.018615 300.000000 25.641026
520 0.000009 0.017312 400.000000 26.143791
520 0.000008 0.018069 500.000000 26.178011
520 0.000009 0.018491 600.000000 25.974026
520 0.000009 0.019152 700.000000 25.547445
520 0.000008 0.019027 800.000000 25.236593
520 0.000007 0.018282 900.000000 24.000000
520 0.000019 0.015942 1000.000000 22.727272
520 0.000021 0.014528 1100.000000 21.912350
530 0.000021 0.020239 100.000000 24.390244
530 0.000012 0.018653 200.000000 25.316456
530 0.000012 0.017730 300.000000 25.862068
530 0.000011 0.017247 400.000000 26.143791
530 0.000010 0.017787 500.000000 26.178011
530 0.000010 0.018405 600.000000 25.974026
530 0.000010 0.019101 700.000000 25.454546
530 0.000010 0.019106 800.000000 25.078369
530 0.000009 0.017571 900.000000 23.560209
530 0.000019 0.015485 1000.000000 22.471910
530 0.000022 0.015110 1100.000000 21.568628
540 0.000015 0.021141 100.000000 24.390244
540 0.000006 0.018973 200.000000 25.641026
540 0.000008 0.018216 300.000000 26.086956
540 0.000008 0.017582 400.000000 26.315790
540 0.000009 0.018478 500.000000 26.178011
540 0.000009 0.019309 600.000000 25.862068
540 0.000009 0.019751 700.000000 25.270758
540 0.000008 0.019192 800.000000 24.691359
540 0.000014 0.016843 900.000000 23.136248
540 0.000019 0.015086 1000.000000 22.222221
540 0.000021 0.015891 1100.000000 21.235521
550 0.000000 0.017177 100.000000 25.000000
550 0.000007 0.018030 200.000000 25.641026
550 0.000005 0.017085 300.000000 26.315790
550 0.000006 0.017809 400.000000 26.315790
550 0.000008 0.018274 500.000000 26.178011
550 0.000008 0.019152 600.000000 25.751074
550 0.000008 0.019525 700.000000 25.270758
550 0.000005 0.018540 800.000000 24.242424
550 0.000019 0.015959 900.000000 22.784811
550 0.000020 0.014342 1000.000000 21.929825
550 0.000027 0.017117 1100.000000 21.276596
560 0.000007 0.017094 100.000000 25.000000
560 0.000008 0.017359 200.000000 25.974026
560 0.000007 0.016394 300.000000 26.315790
560 0.000007 0.017343 400.000000 26.490067
560 0.000008 0.018015 500.000000 26.178011
560 0.000009 0.018888 600.000000 25.641026
560 0.000008 0.018875 700.000000 25.179855
560 0.000007 0.018028 800.000000 23.809525
560 0.000021 0.015432 900.000000 22.443890
560 0.000022 0.014115 1000.000000 21.551723
570 0.000000 0.017101 100.000000 25.000000
570 0.000008 0.016436 200.000000 26.315790
570 0.000008 0.016216 300.000000 26.548672
570 0.000008 0.017155 400.000000 26.490067
570 0.000008 0.018080 500.000000 26.041666
570 0.000010 0.018976 600.000000 25.423729
570 0.000008 0.018993 700.000000 25.000000
570 0.000010 0.017218 800.000000 23.323616
570 0.000021 0.014999 900.000000 22.167488
570 0.000023 0.014714 1000.000000 21.231422
580 0.000010 0.016700 100.000000 25.641026
580 0.000007 0.016360 200.000000 26.315790
580 0.000007 0.016300 300.000000 26.548672
580 0.000008 0.017698 400.000000 26.315790
580 0.000007 0.018928 500.000000 25.906736
580 0.000009 0.019410 600.000000 25.210085
580 0.000007 0.018748 700.000000 24.561403
580 0.000016 0.015961 800.000000 22.857143
580 0.000021 0.014364 900.000000 21.897810
580 0.000022 0.015505 1000.000000 20.876827
590 0.000011 0.017701 100.000000 25.641026
590 0.000005 0.016912 200.000000 26.315790
590 0.000007 0.017599 300.000000 26.548672
590 0.000008 0.018179 400.000000 26.315790
590 0.000008 0.019130 500.000000 25.773195
590 0.000008 0.019472 600.000000 25.210085
590 0.000004 0.018308 700.000000 23.972603
590 0.000021 0.015428 800.000000 22.408964
590 0.000021 0.014066 900.000000 21.531101
590 0.000029 0.018619 1000.000000 20.964361
600 0.000012 0.017215 100.000000 26.315790
600 0.000011 0.015955 200.000000 26.666666
600 0.000008 0.017112 300.000000 26.548672
600 0.000009 0.018306 400.000000 26.143791
600 0.000009 0.019309 500.000000 25.510204
600 0.000009 0.019214 600.000000 25.000000
600 0.000008 0.017869 700.000000 23.411371
600 0.000023 0.015280 800.000000 22.038567
600 0.000024 0.014054 900.000000 21.126760
610 0.000000 0.015704 100.000000 26.315790
610 0.000009 0.015977 200.000000 26.666666
610 0.000010 0.017245 300.000000 26.548672
610 0.000009 0.018390 400.000000 25.974026
610 0.000010 0.019452 500.000000 25.252525
610 0.000009 0.019111 600.000000 24.793388
610 0.000012 0.016897 700.000000 22.875816
610 0.000022 0.014848 800.000000 21.680218
610 0.000024 0.015064 900.000000 20.689655
620 0.000007 0.017716 100.000000 26.315790
620 0.000008 0.017301 200.000000 26.666666
620 0.000011 0.018477 300.000000 26.315790
620 0.000010 0.020059 400.000000 25.641026
620 0.000010 0.020483 500.000000 24.875622
620 0.000008 0.019319 600.000000 24.096386
620 0.000019 0.015923 700.000000 22.292994
620 0.000023 0.014485 800.000000 21.333334
620 0.000025 0.015478 900.000000 20.408163
630 0.000013 0.015520 100.000000 26.315790
630 0.000008 0.018279 200.000000 26.315790
630 0.000011 0.018949 300.000000 26.086956
630 0.000010 0.020103 400.000000 25.477707
630 0.000009 0.020279 500.000000 24.875622
630 0.000005 0.018672 600.000000 23.346304
630 0.000025 0.015542 700.000000 21.739130
630 0.000024 0.014007 800.000000 20.887728
630 0.000038 0.025280 900.000000 20.454546
640 0.000015 0.015424 100.000000 26.315790
640 0.000007 0.017522 200.000000 26.315790
640 0.000012 0.019207 300.000000 25.862068
640 0.000011 0.020360 400.000000 25.000000
640 0.000010 0.019956 500.000000 24.752476
640 0.000010 0.017839 600.000000 22.727272
640 0.000025 0.015210 700.000000 21.341463
640 0.000026 0.014362 800.000000 20.408163
650 0.000010 0.016069 100.000000 25.641026
650 0.000011 0.018596 200.000000 25.974026
650 0.000010 0.019814 300.000000 25.423729
650 0.000012 0.020706 400.000000 24.691359
650 0.000009 0.020027 500.000000 24.038462
650 0.000017 0.016536 600.000000 22.058823
650 0.000025 0.014774 700.000000 20.958084
650 0.000026 0.015637 800.000000 19.950125
660 0.000018 0.020200 100.000000 25.641026
660 0.000017 0.020175 200.000000 25.641026
660 0.000014 0.021793 300.000000 25.210085
660 0.000013 0.021799 400.000000 24.390244
660 0.000006 0.020108 500.000000 23.255814
660 0.000026 0.015828 600.000000 21.428572
660 0.000027 0.014281 700.000000 20.527859
660 0.000033 0.018187 800.000000 19.801981
670 0.000012 0.022720 100.000000 25.641026
670 0.000016 0.021638 200.000000 25.316456
670 0.000019 0.022385 300.000000 24.793388
670 0.000010 0.021832 400.000000 24.242424
670 0.000010 0.019671 500.000000 22.421524
670 0.000031 0.015896 600.000000 20.905924
670 0.000028 0.014270 700.000000 20.057306
680 0.000018 0.019840 100.000000 25.641026
680 0.000014 0.021431 200.000000 25.000000
680 0.000014 0.022411 300.000000 24.193548
680 0.000011 0.021353 400.000000 23.952095
680 0.000016 0.018141 500.000000 21.739130
680 0.000031 0.015454 600.000000 20.477816
680 0.000029 0.015166 700.000000 19.553072
690 0.000028 0.022871 100.000000 25.000000
690 0.000016 0.023290 200.000000 24.691359
690 0.000014 0.023243 300.000000 23.809525
690 0.000008 0.021245 400.000000 23.255814
690 0.000024 0.016517 500.000000 21.097046
690 0.000030 0.014817 600.000000 20.066889
690 0.000029 0.016194 700.000000 19.125683
700 0.000022 0.021163 100.000000 24.390244
700 0.000018 0.022507 200.000000 24.096386
700 0.000013 0.022070 300.000000 23.809525
700 0.000005 0.019269 400.000000 22.222221
700 0.000033 0.014994 500.000000 20.408163
700 0.000031 0.013764 600.000000 19.607843
700 0.000039 0.023353 700.000000 19.125683
710 0.000021 0.020905 100.000000 24.390244
710 0.000016 0.022087 200.000000 23.809525
710 0.000010 0.020821 300.000000 23.437500
710 0.000013 0.018234 400.000000 21.505377
710 0.000035 0.015083 500.000000 19.920319
710 0.000034 0.014029 600.000000 19.108280
720 0.000011 0.021619 100.000000 23.809525
720 0.000014 0.022431 200.000000 23.255814
720 0.000009 0.021154 300.000000 23.076923
720 0.000020 0.016565 400.000000 20.725389
720 0.000036 0.015153 500.000000 19.531250
720 0.000033 0.015500 600.000000 18.633541
730 0.000000 0.024243 100.000000 23.255814
730 0.000010 0.022620 200.000000 22.727272
730 0.000007 0.019541 300.000000 22.222221
730 0.000031 0.014002 400.000000 20.000000
730 0.000036 0.014229 500.000000 19.157087
730 0.000033 0.015828 600.000000 18.237082
740 0.000014 0.023275 100.000000 22.727272
740 0.000010 0.021856 200.000000 22.988506
740 0.000007 0.017765 300.000000 21.276596
740 0.000040 0.013916 400.000000 19.417477
740 0.000037 0.013731 500.000000 18.726591
740 0.000043 0.029819 600.000000 18.348623
750 0.000010 0.022664 100.000000 22.727272
750 0.000008 0.020143 200.000000 22.727272
750 0.000017 0.016732 300.000000 20.547945
750 0.000043 0.014516 400.000000 18.957346
750 0.000040 0.013890 500.000000 18.248175
760 0.000014 0.022736 100.000000 22.222221
760 0.000009 0.020528 200.000000 22.471910
760 0.000027 0.014566 300.000000 19.607843
760 0.000043 0.014621 400.000000 18.604650
760 0.000041 0.014999 500.000000 17.793594
770 0.000015 0.021973 100.000000 21.739130
770 0.000014 0.018114 200.000000 21.505377
770 0.000041 0.011666 300.000000 18.987341
770 0.000045 0.013515 400.000000 18.264841
770 0.000039 0.014898 500.000000 17.421602
780 0.000012 0.020746 100.000000 21.739130
780 0.000012 0.015351 200.000000 20.408163
780 0.000053 0.011385 300.000000 18.404907
780 0.000045 0.013054 400.000000 17.857143
780 0.000049 0.031608 500.000000 17.482517
790 0.000015 0.018629 100.000000 22.222221
790 0.000033 0.014178 200.000000 19.417477
790 0.000063 0.013474 300.000000 17.964071
790 0.000050 0.013498 400.000000 17.467249
800 0.000022 0.017006 100.000000 22.222221
800 0.000038 0.011164 200.000000 18.691589
800 0.000059 0.013918 300.000000 17.647058
800 0.000050 0.014263 400.000000 17.021276
810 0.000023 0.015328 100.000000 21.276596
810 0.000056 0.008144 200.000000 18.018019
810 0.000058 0.014032 300.000000 17.341040
810 0.000045 0.014765 400.000000 16.666666
820 0.000021 0.012118 100.000000 20.000000
820 0.000069 0.007035 200.000000 17.391304
820 0.000057 0.013105 300.000000 17.045454
820 0.000047 0.022203 400.000000 16.528925
830 0.000042 0.009674 100.000000 17.241379
830 0.000085 0.012769 200.000000 16.260162
830 0.000063 0.013966 300.000000 16.304348
830 0.000076 0.057845 400.000000 16.666666
840 0.000070 0.008753 100.000000 16.129032
840 0.000086 0.015317 200.000000 15.873015
840 0.000064 0.015025 300.000000 15.873015
850 0.000093 0.005386 100.000000 15.384615
850 0.000083 0.016725 200.000000 15.625000
850 0.000059 0.015753 300.000000 15.463918
860 0.000112 0.005089 100.000000 15.151515
860 0.000084 0.017442 200.000000 15.625000
860 0.000060 0.015593 300.000000 15.384615
870 0.000138 0.012354 100.000000 14.925373
870 0.000084 0.018767 200.000000 15.748032
870 0.000066 0.029444 300.000000 15.625000
880 0.000144 0.020858 100.000000 15.151515
880 0.000085 0.021344 200.000000 15.748032
880 0.000089 0.059605 300.000000 16.042780
890 0.000145 0.029669 100.000000 15.151515
890 0.000085 0.022860 200.000000 15.625000
900 0.000126 0.034483 100.000000 15.384615
900 0.000088 0.024570 200.000000 15.503876
910 0.000113 0.037510 100.000000 15.625000
910 0.000086 0.025267 200.000000 15.503876
920 0.000095 0.036669 100.000000 15.873015
920 0.000095 0.024891 200.000000 15.384615
930 0.000076 0.032268 100.000000 16.129032
930 0.000101 0.027876 200.000000 15.384615
940 0.000057 0.026450 100.000000 16.129032
940 0.000129 0.062105 200.000000 16.000000
950 0.000064 0.019663 100.000000 15.873015
950 0.000151 0.103719 200.000000 16.666666
960 0.000083 0.017346 100.000000 15.625000
970 0.000117 0.017962 100.000000 15.151515
980 0.000150 0.023538 100.000000 14.705882
990 0.000162 0.029697 100.000000 14.492754
1000 0.000233 0.082755 100.000000 15.625000
1010 0.000293 0.173966 100.000000 16.949152
