0 0.000090 0.011486 100.000000 11.235955
0 0.000055 0.005677 200.000000 11.560694
0 0.000039 0.006570 300.000000 12.096774
0 0.000028 0.007507 400.000000 12.618297
0 0.000022 0.007358 500.000000 12.853471
10 0.000067 0.009198 100.000000 11.494253
10 0.000048 0.004982 200.000000 11.494253
10 0.000036 0.006828 300.000000 12.345679
10 0.000026 0.007356 400.000000 12.779552
10 0.000019 0.007262 500.000000 12.987013
20 0.000076 0.010184 100.000000 11.111111
20 0.000043 0.005101 200.000000 11.428572
20 0.000040 0.007657 300.000000 12.500000
20 0.000028 0.008039 400.000000 12.698413
20 0.000022 0.007749 500.000000 13.054831
30 0.000078 0.011745 100.000000 11.363636
30 0.000038 0.005772 200.000000 11.560694
30 0.000040 0.008137 300.000000 12.765958
30 0.000028 0.008242 400.000000 12.738853
30 0.000022 0.008151 500.000000 13.157895
40 0.000077 0.011819 100.000000 11.494253
40 0.000039 0.006440 200.000000 11.695907
40 0.000038 0.008901 300.000000 12.875537
40 0.000026 0.008230 400.000000 12.618297
40 0.000023 0.008447 500.000000 13.157895
50 0.000090 0.010620 100.000000 12.048193
50 0.000040 0.005929 200.000000 12.048193
50 0.000036 0.008482 300.000000 13.157895
50 0.000022 0.006963 400.000000 12.861736
50 0.000022 0.007250 500.000000 13.227513
60 0.000070 0.010441 100.000000 12.658228
60 0.000024 0.005726 200.000000 12.422360
60 0.000022 0.007950 300.000000 13.333333
60 0.000015 0.006698 400.000000 13.029316
60 0.000017 0.007055 500.000000 13.227513
70 0.000049 0.007482 100.000000 12.658228
70 0.000016 0.006672 200.000000 12.500000
70 0.000014 0.008345 300.000000 13.392858
70 0.000008 0.007760 400.000000 13.157895
80 0.000056 0.006095 100.000000 12.500000
80 0.000018 0.007072 200.000000 12.422360
80 0.000015 0.008681 300.000000 13.157895
80 0.000009 0.007754 400.000000 13.245033
90 0.000067 0.004661 100.000000 11.494253
90 0.000021 0.007066 200.000000 12.500000
90 0.000012 0.008061 300.000000 13.100436
90 0.000008 0.007674 400.000000 13.289037
100 0.000062 0.003702 100.000000 11.494253
100 0.000024 0.007053 200.000000 12.903226
100 0.000014 0.007677 300.000000 13.215859
100 0.000008 0.007492 400.000000 13.468014
110 0.000057 0.003354 100.000000 11.494253
110 0.000023 0.006735 200.000000 13.245033
110 0.000013 0.007021 300.000000 13.274336
110 0.000011 0.007024 400.000000 13.559322
120 0.000025 0.007589 100.000000 11.494253
120 0.000020 0.007842 200.000000 13.513514
120 0.000011 0.008249 300.000000 13.215859
120 0.000009 0.008480 400.000000 13.605442
130 0.000014 0.010682 100.000000 11.764706
130 0.000027 0.010562 200.000000 13.698630
130 0.000010 0.010652 300.000000 13.043478
130 0.000009 0.010288 400.000000 13.513514
140 0.000033 0.011882 100.000000 12.048193
140 0.000024 0.011303 200.000000 13.605442
140 0.000009 0.011425 300.000000 13.157895
150 0.000071 0.012547 100.000000 12.048193
150 0.000032 0.012517 200.000000 13.605442
150 0.000019 0.012589 300.000000 13.274336
160 0.000080 0.013417 100.000000 12.195122
160 0.000038 0.014442 200.000000 13.513514
160 0.000024 0.013396 300.000000 13.452915
170 0.000095 0.015799 100.000000 12.987013
170 0.000044 0.015499 200.000000 13.698630
170 0.000026 0.014837 300.000000 13.761468
180 0.000098 0.016239 100.000000 13.888889
180 0.000038 0.015557 200.000000 14.084507
180 0.000026 0.014908 300.000000 14.018692
190 0.000086 0.016535 100.000000 14.925373
190 0.000036 0.015144 200.000000 14.184397
190 0.000022 0.014376 300.000000 14.285714
200 0.000072 0.015956 100.000000 15.625000
200 0.000033 0.013675 200.000000 14.084507
200 0.000018 0.012921 300.000000 14.354067
210 0.000059 0.015622 100.000000 15.873015
210 0.000019 0.012336 200.000000 13.605442
210 0.000016 0.011797 300.000000 14.218010
220 0.000033 0.013975 100.000000 15.384615
220 0.000006 0.010691 200.000000 13.605442
220 0.000009 0.010415 300.000000 13.698630
230 0.000010 0.012979 100.000000 15.151515
230 0.000010 0.009428 200.000000 13.793103
240 0.000014 0.015060 100.000000 14.705882
240 0.000011 0.009118 200.000000 13.986014
250 0.000027 0.011025 100.000000 14.084507
250 0.000009 0.008307 200.000000 13.986014
260 0.000022 0.008609 100.000000 12.987013
260 0.000013 0.008117 200.000000 13.793103
270 0.000000 0.008186 100.000000 11.904762
270 0.000009 0.008192 200.000000 13.513514
280 0.000031 0.008964 100.000000 11.904762
280 0.000028 0.007648 200.000000 13.071896
290 0.000021 0.008928 100.000000 12.195122
300 0.000020 0.007680 100.000000 12.820513
310 0.000017 0.007651 100.000000 13.333333
320 0.000010 0.008372 100.000000 13.698630
330 0.000008 0.009319 100.000000 14.084507
340 0.000020 0.008770 100.000000 14.705882
350 0.000007 0.008984 100.000000 15.151515
360 0.000033 0.009740 100.000000 14.492754
