0 0.000000 0.007118 100.000000 13.513514
0 0.000022 0.004145 200.000000 13.605442
0 0.000018 0.005346 300.000000 14.084507
10 0.000014 0.005493 100.000000 13.513514
10 0.000018 0.003552 200.000000 13.698630
10 0.000014 0.005001 300.000000 14.150944
20 0.000018 0.003520 100.000000 13.513514
20 0.000025 0.003417 200.000000 13.698630
20 0.000017 0.004840 300.000000 14.285714
30 0.000014 0.001998 100.000000 13.513514
30 0.000020 0.003679 200.000000 13.793103
30 0.000014 0.004666 300.000000 14.354067
40 0.000020 0.001875 100.000000 13.333333
40 0.000021 0.003893 200.000000 13.888889
40 0.000015 0.004879 300.000000 14.492754
50 0.000018 0.002639 100.000000 13.333333
50 0.000018 0.004156 200.000000 13.986014
50 0.000015 0.005138 300.000000 14.563107
60 0.000022 0.001920 100.000000 13.333333
60 0.000014 0.005046 200.000000 13.986014
60 0.000015 0.005111 300.000000 14.634147
70 0.000032 0.002765 100.000000 13.333333
70 0.000020 0.005387 200.000000 14.184397
80 0.000036 0.003720 100.000000 13.513514
80 0.000020 0.005899 200.000000 14.285714
90 0.000035 0.004277 100.000000 13.513514
90 0.000017 0.006256 200.000000 14.492754
100 0.000035 0.004784 100.000000 13.698630
100 0.000019 0.006779 200.000000 14.705882
110 0.000037 0.008279 100.000000 14.084507
110 0.000021 0.007659 200.000000 14.814815
120 0.000025 0.009113 100.000000 14.285714
120 0.000015 0.007786 200.000000 15.037594
130 0.000022 0.008750 100.000000 14.492754
130 0.000009 0.007745 200.000000 15.151515
140 0.000013 0.008388 100.000000 14.705882
140 0.000014 0.006807 200.000000 15.384615
150 0.000008 0.008333 100.000000 14.925373
160 0.000000 0.009528 100.000000 15.151515
170 0.000013 0.009142 100.000000 15.384615
180 0.000011 0.008049 100.000000 15.384615
190 0.000020 0.008177 100.000000 15.625000
200 0.000014 0.005794 100.000000 15.625000
