0 0.000038 0.011415 100.000000 10.526316
0 0.000084 0.005140 200.000000 10.752688
0 0.000053 0.006935 300.000000 10.489511
0 0.000029 0.005278 400.000000 10.362695
0 0.000022 0.002653 500.000000 10.373444
0 0.000011 0.001470 600.000000 10.256411
0 0.000020 0.002467 700.000000 10.432191
0 0.000019 0.002823 800.000000 10.471204
0 0.000016 0.003355 900.000000 10.501750
0 0.000008 0.002323 1000.000000 10.482181
0 0.000008 0.001618 1100.000000 10.536399
0 0.000007 0.001081 1200.000000 10.517090
0 0.000006 0.000907 1300.000000 10.560520
0 0.000007 0.001001 1400.000000 10.494753
0 0.000008 0.000882 1500.000000 10.555946
0 0.000011 0.001122 1600.000000 10.624170
10 0.000153 0.010252 100.000000 9.803922
10 0.000084 0.005682 200.000000 10.752688
10 0.000041 0.007135 300.000000 10.204082
10 0.000028 0.005259 400.000000 10.362695
10 0.000020 0.002898 500.000000 10.330579
10 0.000008 0.001850 600.000000 10.273973
10 0.000020 0.002522 700.000000 10.447762
10 0.000018 0.003098 800.000000 10.443864
10 0.000015 0.003579 900.000000 10.501750
10 0.000007 0.002455 1000.000000 10.471204
10 0.000006 0.001760 1100.000000 10.526316
10 0.000006 0.001222 1200.000000 10.507881
10 0.000006 0.001047 1300.000000 10.543390
10 0.000006 0.000883 1400.000000 10.502625
10 0.000009 0.001000 1500.000000 10.541110
10 0.000011 0.001165 1600.000000 10.610080
20 0.000127 0.008522 100.000000 9.803922
20 0.000079 0.006816 200.000000 10.928962
20 0.000042 0.006876 300.000000 10.309278
20 0.000029 0.005183 400.000000 10.309278
20 0.000022 0.002863 500.000000 10.330579
20 0.000008 0.001974 600.000000 10.344828
20 0.000019 0.002768 700.000000 10.463378
20 0.000016 0.003225 800.000000 10.443864
20 0.000016 0.003524 900.000000 10.489511
20 0.000008 0.002316 1000.000000 10.471204
20 0.000007 0.001724 1100.000000 10.516253
20 0.000007 0.001355 1200.000000 10.507881
20 0.000007 0.001272 1300.000000 10.551948
20 0.000007 0.001152 1400.000000 10.502625
20 0.000009 0.001322 1500.000000 10.570825
20 0.000011 0.001450 1600.000000 10.624170
30 0.000126 0.012473 100.000000 10.101010
30 0.000081 0.008229 200.000000 10.810811
30 0.000039 0.007645 300.000000 10.380623
30 0.000025 0.005322 400.000000 10.309278
30 0.000022 0.003059 500.000000 10.330579
30 0.000008 0.002139 600.000000 10.380623
30 0.000020 0.003171 700.000000 10.494753
30 0.000018 0.003477 800.000000 10.471204
30 0.000017 0.003689 900.000000 10.489511
30 0.000008 0.002421 1000.000000 10.471204
30 0.000035 0.001547 1100.000000 10.506208
30 0.000008 0.001443 1200.000000 10.517090
30 0.000007 0.001338 1300.000000 10.551948
30 0.000008 0.001197 1400.000000 10.518407
30 0.000010 0.001362 1500.000000 10.585745
30 0.000009 0.001404 1600.000000 10.603048
40 0.000140 0.011883 100.000000 10.309278
40 0.000086 0.009769 200.000000 10.810811
40 0.000038 0.008183 300.000000 10.526316
40 0.000026 0.005540 400.000000 10.335917
40 0.000024 0.003387 500.000000 10.309278
40 0.000008 0.002542 600.000000 10.362695
40 0.000020 0.003486 700.000000 10.510510
40 0.000017 0.003731 800.000000 10.443864
40 0.000010 0.003641 900.000000 10.477299
40 0.000009 0.002478 1000.000000 10.471204
40 0.000008 0.001788 1100.000000 10.526316
40 0.000008 0.001557 1200.000000 10.517090
40 0.000008 0.001589 1300.000000 10.543390
40 0.000009 0.001428 1400.000000 10.518407
40 0.000011 0.001623 1500.000000 10.600707
40 0.000009 0.001592 1600.000000 10.610080
50 0.000145 0.012534 100.000000 10.204082
50 0.000089 0.010075 200.000000 10.752688
50 0.000033 0.008433 300.000000 10.600707
50 0.000027 0.005343 400.000000 10.335917
50 0.000022 0.003262 500.000000 10.288066
50 0.000020 0.002656 600.000000 10.309278
50 0.000019 0.003619 700.000000 10.494753
50 0.000017 0.003743 800.000000 10.416667
50 0.000009 0.003422 900.000000 10.489511
50 0.000009 0.002344 1000.000000 10.471204
50 0.000009 0.001691 1100.000000 10.516253
50 0.000008 0.001590 1200.000000 10.517090
50 0.000008 0.001554 1300.000000 10.560520
50 0.000008 0.001442 1400.000000 10.526316
50 0.000011 0.001628 1500.000000 10.608204
50 0.000010 0.001558 1600.000000 10.603048
60 0.000135 0.013169 100.000000 10.000000
60 0.000083 0.009863 200.000000 10.582010
60 0.000030 0.008419 300.000000 10.676157
60 0.000026 0.004989 400.000000 10.362695
60 0.000022 0.003102 500.000000 10.224949
60 0.000020 0.002969 600.000000 10.309278
60 0.000018 0.003463 700.000000 10.479042
60 0.000016 0.003860 800.000000 10.430247
60 0.000008 0.003071 900.000000 10.489511
60 0.000009 0.002262 1000.000000 10.471204
60 0.000009 0.001699 1100.000000 10.486177
60 0.000009 0.001557 1200.000000 10.517090
60 0.000009 0.001536 1300.000000 10.569106
60 0.000009 0.001566 1400.000000 10.534236
60 0.000011 0.001732 1500.000000 10.608204
60 0.000009 0.001627 1600.000000 10.603048
70 0.000135 0.014744 100.000000 10.204082
70 0.000095 0.010802 200.000000 10.256411
70 0.000020 0.009236 300.000000 10.489511
70 0.000028 0.005100 400.000000 10.335917
70 0.000022 0.003072 500.000000 10.245902
70 0.000022 0.003204 600.000000 10.344828
70 0.000018 0.003552 700.000000 10.463378
70 0.000017 0.004348 800.000000 10.416667
70 0.000008 0.003099 900.000000 10.465117
70 0.000009 0.002334 1000.000000 10.493179
70 0.000009 0.001750 1100.000000 10.486177
70 0.000008 0.001533 1200.000000 10.526316
70 0.000008 0.001403 1300.000000 10.543390
70 0.000008 0.001479 1400.000000 10.534236
70 0.000012 0.001620 1500.000000 10.608204
70 0.000009 0.001578 1600.000000 10.610080
80 0.000131 0.015854 100.000000 10.204082
80 0.000086 0.012037 200.000000 10.256411
80 0.000044 0.009128 300.000000 10.273973
80 0.000026 0.005016 400.000000 10.309278
80 0.000020 0.002819 500.000000 10.224949
80 0.000020 0.003085 600.000000 10.327023
80 0.000018 0.003674 700.000000 10.447762
80 0.000020 0.004410 800.000000 10.430247
80 0.000008 0.003009 900.000000 10.452962
80 0.000009 0.002308 1000.000000 10.504202
80 0.000009 0.001762 1100.000000 10.486177
80 0.000008 0.001512 1200.000000 10.526316
80 0.000007 0.001439 1300.000000 10.534846
80 0.000009 0.001548 1400.000000 10.534236
80 0.000012 0.001659 1500.000000 10.615711
80 0.000007 0.001620 1600.000000 10.617120
90 0.000135 0.016362 100.000000 10.752688
90 0.000078 0.013356 200.000000 10.416667
90 0.000042 0.008673 300.000000 10.309278
90 0.000028 0.004744 400.000000 10.335917
90 0.000012 0.003031 500.000000 10.183299
90 0.000021 0.003372 600.000000 10.380623
90 0.000019 0.003757 700.000000 10.463378
90 0.000016 0.004244 800.000000 10.471204
90 0.000009 0.002947 900.000000 10.452962
90 0.000009 0.002270 1000.000000 10.526316
90 0.000008 0.001810 1100.000000 10.506208
90 0.000008 0.001565 1200.000000 10.554090
90 0.000008 0.001429 1300.000000 10.500808
90 0.000009 0.001580 1400.000000 10.550113
90 0.000011 0.001728 1500.000000 10.623229
90 0.000008 0.001653 1600.000000 10.638298
100 0.000121 0.016610 100.000000 10.869565
100 0.000056 0.012197 200.000000 10.204082
100 0.000036 0.007488 300.000000 10.309278
100 0.000027 0.004198 400.000000 10.309278
100 0.000013 0.002353 500.000000 10.224949
100 0.000022 0.002934 600.000000 10.434783
100 0.000017 0.003271 700.000000 10.447762
100 0.000018 0.003778 800.000000 10.526316
100 0.000009 0.002708 900.000000 10.465117
100 0.000009 0.002162 1000.000000 10.537408
100 0.000007 0.001792 1100.000000 10.516253
100 0.000008 0.001615 1200.000000 10.554090
100 0.000009 0.001615 1300.000000 10.492332
100 0.000009 0.001985 1400.000000 10.550113
100 0.000011 0.002190 1500.000000 10.623229
100 0.000006 0.002029 1600.000000 10.652463
110 0.000062 0.017217 100.000000 11.627907
110 0.000019 0.011619 200.000000 10.309278
110 0.000038 0.007429 300.000000 10.489511
110 0.000030 0.002891 400.000000 10.443864
110 0.000025 0.000834 500.000000 10.351967
110 0.000018 0.001381 600.000000 10.526316
110 0.000016 0.002855 700.000000 10.510510
110 0.000016 0.003575 800.000000 10.582010
110 0.000013 0.002192 900.000000 10.526316
110 0.000012 0.001616 1000.000000 10.582010
110 0.000011 0.001995 1100.000000 10.556622
110 0.000011 0.002540 1200.000000 10.600707
110 0.000010 0.003235 1300.000000 10.543390
110 0.000008 0.003418 1400.000000 10.582010
110 0.000008 0.003412 1500.000000 10.653409
110 0.000004 0.002823 1600.000000 10.688043
120 0.000044 0.014143 100.000000 12.195122
120 0.000023 0.008877 200.000000 10.471204
120 0.000028 0.005235 300.000000 10.489511
120 0.000023 0.002069 400.000000 10.443864
120 0.000023 0.000963 500.000000 10.438414
120 0.000008 0.001299 600.000000 10.563380
120 0.000006 0.002284 700.000000 10.526316
120 0.000010 0.002867 800.000000 10.568031
120 0.000011 0.001636 900.000000 10.538642
120 0.000010 0.001594 1000.000000 10.582010
120 0.000010 0.002105 1100.000000 10.566763
120 0.000011 0.002503 1200.000000 10.610080
120 0.000008 0.002949 1300.000000 10.551948
120 0.000007 0.002764 1400.000000 10.622155
120 0.000008 0.002529 1500.000000 10.676157
120 0.000005 0.002019 1600.000000 10.695188
130 0.000050 0.011259 100.000000 11.235955
130 0.000024 0.007401 200.000000 10.471204
130 0.000028 0.002780 300.000000 10.273973
130 0.000027 0.001048 400.000000 10.282776
130 0.000023 0.001976 500.000000 10.373444
130 0.000007 0.000585 600.000000 10.526316
130 0.000004 0.001692 700.000000 10.447762
130 0.000010 0.002031 800.000000 10.484928
130 0.000012 0.000977 900.000000 10.477299
130 0.000014 0.001375 1000.000000 10.526316
130 0.000010 0.002215 1100.000000 10.516253
130 0.000011 0.002682 1200.000000 10.554090
130 0.000008 0.003033 1300.000000 10.526316
130 0.000007 0.002698 1400.000000 10.606061
130 0.000006 0.002349 1500.000000 10.608204
130 0.000004 0.001791 1600.000000 10.673782
140 0.000038 0.011243 100.000000 11.235955
140 0.000025 0.008396 200.000000 10.695188
140 0.000030 0.002615 300.000000 10.309278
140 0.000029 0.001283 400.000000 10.282776
140 0.000012 0.002479 500.000000 10.330579
140 0.000010 0.000699 600.000000 10.526316
140 0.000005 0.001890 700.000000 10.432191
140 0.000013 0.001951 800.000000 10.498688
140 0.000013 0.000980 900.000000 10.489511
140 0.000012 0.001470 1000.000000 10.537408
140 0.000011 0.002441 1100.000000 10.526316
140 0.000011 0.002977 1200.000000 10.563380
140 0.000009 0.003322 1300.000000 10.534846
140 0.000007 0.002927 1400.000000 10.630220
140 0.000006 0.002568 1500.000000 10.623229
140 0.000003 0.001964 1600.000000 10.688043
150 0.000039 0.011493 100.000000 10.989011
150 0.000027 0.008131 200.000000 10.810811
150 0.000034 0.002155 300.000000 10.344828
150 0.000032 0.001721 400.000000 10.256411
150 0.000019 0.002069 500.000000 10.309278
150 0.000011 0.000718 600.000000 10.526316
150 0.000005 0.002046 700.000000 10.447762
150 0.000015 0.001699 800.000000 10.526316
150 0.000014 0.000843 900.000000 10.501750
150 0.000012 0.001701 1000.000000 10.537408
150 0.000011 0.002671 1100.000000 10.536399
150 0.000012 0.003292 1200.000000 10.591351
150 0.000009 0.003585 1300.000000 10.551948
150 0.000006 0.003164 1400.000000 10.630220
150 0.000006 0.002717 1500.000000 10.623229
150 0.000004 0.002070 1600.000000 10.702341
160 0.000049 0.010203 100.000000 10.869565
160 0.000031 0.007833 200.000000 10.928962
160 0.000037 0.001404 300.000000 10.416667
160 0.000034 0.002249 400.000000 10.230179
160 0.000022 0.001976 500.000000 10.351967
160 0.000011 0.000830 600.000000 10.526316
160 0.000007 0.002322 700.000000 10.463378
160 0.000015 0.001351 800.000000 10.526316
160 0.000014 0.000869 900.000000 10.514019
160 0.000012 0.001901 1000.000000 10.515247
160 0.000012 0.002835 1100.000000 10.556622
160 0.000012 0.003459 1200.000000 10.591351
160 0.000009 0.003687 1300.000000 10.560520
160 0.000007 0.003240 1400.000000 10.638298
160 0.000006 0.002705 1500.000000 10.630758
160 0.000004 0.002054 1600.000000 10.709505
170 0.000051 0.008690 100.000000 10.101010
170 0.000067 0.007148 200.000000 10.309278
170 0.000039 0.000356 300.000000 10.309278
170 0.000035 0.003172 400.000000 10.230179
170 0.000018 0.002035 500.000000 10.351967
170 0.000011 0.000965 600.000000 10.489511
170 0.000010 0.002352 700.000000 10.432191
170 0.000015 0.001116 800.000000 10.484928
170 0.000015 0.001221 900.000000 10.514019
170 0.000013 0.002249 1000.000000 10.493179
170 0.000013 0.003173 1100.000000 10.546500
170 0.000014 0.003857 1200.000000 10.563380
170 0.000009 0.003932 1300.000000 10.551948
170 0.000008 0.003488 1400.000000 10.630220
170 0.000006 0.002796 1500.000000 10.630758
170 0.000005 0.002118 1600.000000 10.702341
180 0.000039 0.007814 100.000000 10.101010
180 0.000060 0.005574 200.000000 10.101010
180 0.000041 0.001747 300.000000 10.204082
180 0.000029 0.004656 400.000000 10.050251
180 0.000015 0.002416 500.000000 10.266940
180 0.000009 0.001369 600.000000 10.416667
180 0.000014 0.001955 700.000000 10.432191
180 0.000016 0.001318 800.000000 10.416667
180 0.000015 0.001824 900.000000 10.501750
180 0.000014 0.002804 1000.000000 10.482181
180 0.000013 0.003643 1100.000000 10.526316
180 0.000014 0.004303 1200.000000 10.489511
180 0.000010 0.004242 1300.000000 10.534846
180 0.000009 0.003760 1400.000000 10.614101
180 0.000006 0.002897 1500.000000 10.623229
180 0.000004 0.002220 1600.000000 10.688043
190 0.000013 0.007645 100.000000 9.615385
190 0.000059 0.004608 200.000000 10.000000
190 0.000041 0.002305 300.000000 10.101010
190 0.000028 0.004293 400.000000 10.025063
190 0.000015 0.002240 500.000000 10.309278
190 0.000010 0.001630 600.000000 10.344828
190 0.000016 0.001808 700.000000 10.447762
190 0.000016 0.001380 800.000000 10.403121
190 0.000015 0.002028 900.000000 10.477299
190 0.000014 0.003030 1000.000000 10.471204
190 0.000014 0.003810 1100.000000 10.516253
190 0.000012 0.004462 1200.000000 10.452962
190 0.000010 0.004294 1300.000000 10.517799
190 0.000009 0.003813 1400.000000 10.598032
190 0.000006 0.002862 1500.000000 10.623229
190 0.000004 0.002230 1600.000000 10.673782
200 0.000052 0.006726 100.000000 9.090909
200 0.000065 0.003794 200.000000 9.708738
200 0.000047 0.003413 300.000000 9.900990
200 0.000039 0.005173 400.000000 10.025063
200 0.000017 0.002372 500.000000 10.245902
200 0.000013 0.001811 600.000000 10.256411
200 0.000018 0.001938 700.000000 10.355030
200 0.000018 0.001402 800.000000 10.335917
200 0.000016 0.002381 900.000000 10.416667
200 0.000015 0.003545 1000.000000 10.416667
200 0.000015 0.004320 1100.000000 10.476191
200 0.000012 0.004982 1200.000000 10.416667
200 0.000011 0.004650 1300.000000 10.500808
200 0.000010 0.004127 1400.000000 10.574018
200 0.000007 0.002949 1500.000000 10.600707
200 0.000005 0.002226 1600.000000 10.624170
210 0.000050 0.008262 100.000000 9.345795
210 0.000062 0.003527 200.000000 9.708738
210 0.000044 0.003918 300.000000 9.933775
210 0.000036 0.005454 400.000000 10.101010
210 0.000015 0.002297 500.000000 10.309278
210 0.000011 0.001955 600.000000 10.309278
210 0.000017 0.001740 700.000000 10.370370
210 0.000016 0.001510 800.000000 10.362695
210 0.000024 0.002587 900.000000 10.404624
210 0.000015 0.003570 1000.000000 10.427528
210 0.000014 0.004271 1100.000000 10.476191
210 0.000012 0.004789 1200.000000 10.443864
210 0.000010 0.004407 1300.000000 10.534846
210 0.000007 0.003861 1400.000000 10.566038
210 0.000006 0.002738 1500.000000 10.615711
210 0.000005 0.002102 1600.000000 10.624170
220 0.000056 0.012501 100.000000 9.708738
220 0.000068 0.003560 200.000000 9.803922
220 0.000048 0.004863 300.000000 9.933775
220 0.000036 0.006450 400.000000 10.101010
220 0.000017 0.002648 500.000000 10.351967
220 0.000010 0.002175 600.000000 10.291595
220 0.000016 0.001725 700.000000 10.355030
220 0.000018 0.001697 800.000000 10.362695
220 0.000017 0.002743 900.000000 10.428737
220 0.000015 0.003942 1000.000000 10.427528
220 0.000015 0.004672 1100.000000 10.476191
220 0.000012 0.005080 1200.000000 10.452962
220 0.000009 0.004561 1300.000000 10.543390
220 0.000007 0.003899 1400.000000 10.558069
220 0.000006 0.002746 1500.000000 10.623229
220 0.000006 0.002053 1600.000000 10.617120
230 0.000081 0.010857 100.000000 10.000000
230 0.000063 0.003514 200.000000 9.852217
230 0.000047 0.005929 300.000000 9.900990
230 0.000024 0.007063 400.000000 10.050251
230 0.000016 0.002913 500.000000 10.351967
230 0.000009 0.002297 600.000000 10.256411
230 0.000021 0.001727 700.000000 10.385756
230 0.000018 0.002022 800.000000 10.376135
230 0.000016 0.003196 900.000000 10.428737
230 0.000016 0.004326 1000.000000 10.438414
230 0.000015 0.005060 1100.000000 10.486177
230 0.000012 0.005229 1200.000000 10.462075
230 0.000009 0.004511 1300.000000 10.569106
230 0.000008 0.003690 1400.000000 10.558069
230 0.000006 0.002603 1500.000000 10.645848
230 0.000012 0.001913 1600.000000 10.610080
240 0.000093 0.011258 100.000000 10.526316
240 0.000063 0.004266 200.000000 9.950249
240 0.000050 0.006827 300.000000 10.000000
240 0.000029 0.006986 400.000000 10.126582
240 0.000015 0.003284 500.000000 10.395010
240 0.000009 0.002453 600.000000 10.344828
240 0.000021 0.001780 700.000000 10.447762
240 0.000019 0.002264 800.000000 10.416667
240 0.000015 0.003499 900.000000 10.465117
240 0.000015 0.004532 1000.000000 10.482181
240 0.000015 0.005251 1100.000000 10.546500
240 0.000011 0.005286 1200.000000 10.498688
240 0.000007 0.004468 1300.000000 10.594947
240 0.000008 0.003631 1400.000000 10.590015
240 0.000005 0.002558 1500.000000 10.668563
240 0.000012 0.001827 1600.000000 10.645376
250 0.000103 0.011133 100.000000 10.752688
250 0.000065 0.004948 200.000000 10.101010
250 0.000052 0.007606 300.000000 10.000000
250 0.000031 0.006648 400.000000 10.178117
250 0.000015 0.003361 500.000000 10.438414
250 0.000011 0.002611 600.000000 10.380623
250 0.000021 0.001805 700.000000 10.447762
250 0.000019 0.002521 800.000000 10.443864
250 0.000017 0.003773 900.000000 10.452962
250 0.000016 0.004809 1000.000000 10.504202
250 0.000015 0.005499 1100.000000 10.556622
250 0.000011 0.005413 1200.000000 10.517090
250 0.000007 0.004546 1300.000000 10.603589
250 0.000007 0.003663 1400.000000 10.606061
250 0.000005 0.002636 1500.000000 10.691376
250 0.000012 0.001835 1600.000000 10.659560
260 0.000184 0.011307 100.000000 10.989011
260 0.000070 0.005935 200.000000 10.309278
260 0.000058 0.009038 300.000000 10.135135
260 0.000035 0.007148 400.000000 10.335917
260 0.000020 0.003547 500.000000 10.504202
260 0.000013 0.002930 600.000000 10.434783
260 0.000023 0.001799 700.000000 10.494753
260 0.000021 0.002734 800.000000 10.512484
260 0.000018 0.004185 900.000000 10.501750
260 0.000016 0.005371 1000.000000 10.548523
260 0.000017 0.006162 1100.000000 10.576923
260 0.000012 0.006017 1200.000000 10.554090
260 0.000007 0.005119 1300.000000 10.647011
260 0.000007 0.004116 1400.000000 10.638298
260 0.000006 0.002964 1500.000000 10.721944
260 0.000012 0.001992 1600.000000 10.695188
270 0.000134 0.010487 100.000000 10.204082
270 0.000067 0.006303 200.000000 10.309278
270 0.000053 0.009181 300.000000 10.204082
270 0.000025 0.006711 400.000000 10.335917
270 0.000017 0.003375 500.000000 10.526316
270 0.000011 0.002689 600.000000 10.471204
270 0.000021 0.001899 700.000000 10.510510
270 0.000020 0.002838 800.000000 10.540184
270 0.000017 0.004103 900.000000 10.526316
270 0.000016 0.005166 1000.000000 10.570825
270 0.000018 0.005912 1100.000000 10.587103
270 0.000011 0.005556 1200.000000 10.572687
270 0.000007 0.004678 1300.000000 10.664479
270 0.000007 0.003667 1400.000000 10.662604
270 0.000006 0.002651 1500.000000 10.737294
270 0.000011 0.001713 1600.000000 10.709505
280 0.000108 0.010757 100.000000 9.900990
280 0.000059 0.007404 200.000000 10.152285
280 0.000037 0.009140 300.000000 9.966778
280 0.000017 0.005781 400.000000 10.309278
280 0.000011 0.003284 500.000000 10.438414
280 0.000015 0.002136 600.000000 10.452962
280 0.000019 0.002111 700.000000 10.432191
280 0.000017 0.002907 800.000000 10.526316
280 0.000015 0.003925 900.000000 10.501750
280 0.000015 0.004706 1000.000000 10.559662
280 0.000015 0.005314 1100.000000 10.496183
280 0.000010 0.004863 1200.000000 10.554090
280 0.000008 0.004074 1300.000000 10.638298
280 0.000006 0.003024 1400.000000 10.654490
280 0.000004 0.002179 1500.000000 10.714286
280 0.000010 0.001356 1600.000000 10.695188
290 0.000110 0.009879 100.000000 10.101010
290 0.000057 0.006437 200.000000 10.204082
290 0.000033 0.007114 300.000000 10.067114
290 0.000015 0.004240 400.000000 10.416667
290 0.000008 0.002707 500.000000 10.460251
290 0.000017 0.001770 600.000000 10.544815
290 0.000016 0.002014 700.000000 10.479042
290 0.000015 0.002616 800.000000 10.554090
290 0.000016 0.003465 900.000000 10.538642
290 0.000015 0.004140 1000.000000 10.582010
290 0.000012 0.004758 1100.000000 10.496183
290 0.000011 0.004418 1200.000000 10.572687
290 0.000011 0.003853 1300.000000 10.655738
290 0.000007 0.002786 1400.000000 10.678871
290 0.000005 0.001995 1500.000000 10.729613
290 0.000008 0.001320 1600.000000 10.709505
300 0.000105 0.008800 100.000000 10.752688
300 0.000057 0.004993 200.000000 10.471204
300 0.000031 0.005825 300.000000 10.309278
300 0.000016 0.003109 400.000000 10.610080
300 0.000013 0.002230 500.000000 10.570825
300 0.000018 0.001925 600.000000 10.657193
300 0.000015 0.001668 700.000000 10.558069
300 0.000014 0.002142 800.000000 10.638298
300 0.000014 0.002982 900.000000 10.600707
300 0.000012 0.003541 1000.000000 10.649628
300 0.000011 0.004137 1100.000000 10.566763
300 0.000010 0.003964 1200.000000 10.619469
300 0.000011 0.003606 1300.000000 10.699589
300 0.000006 0.002600 1400.000000 10.727969
300 0.000004 0.001933 1500.000000 10.768126
300 0.000007 0.001134 1600.000000 10.752688
310 0.000097 0.004517 100.000000 10.204082
310 0.000052 0.006527 200.000000 10.256411
310 0.000043 0.007219 300.000000 10.344828
310 0.000022 0.003242 400.000000 10.554090
310 0.000018 0.001669 500.000000 10.504202
310 0.000019 0.001502 600.000000 10.544815
310 0.000016 0.001505 700.000000 10.510510
310 0.000014 0.002518 800.000000 10.568031
310 0.000011 0.003505 900.000000 10.563380
310 0.000012 0.003962 1000.000000 10.604454
310 0.000010 0.004484 1100.000000 10.546500
310 0.000009 0.004182 1200.000000 10.619469
310 0.000009 0.003849 1300.000000 10.682005
310 0.000004 0.002743 1400.000000 10.711554
310 0.000005 0.002142 1500.000000 10.721944
310 0.000009 0.001074 1600.000000 10.723861
320 0.000087 0.005989 100.000000 9.803922
320 0.000055 0.007924 200.000000 10.050251
320 0.000037 0.007643 300.000000 10.273973
320 0.000021 0.002722 400.000000 10.526316
320 0.000014 0.000880 500.000000 10.416667
320 0.000015 0.001344 600.000000 10.471204
320 0.000014 0.001863 700.000000 10.463378
320 0.000016 0.002847 800.000000 10.526316
320 0.000011 0.003613 900.000000 10.514019
320 0.000011 0.003894 1000.000000 10.559662
320 0.000010 0.004297 1100.000000 10.516253
320 0.000009 0.003915 1200.000000 10.610080
320 0.000005 0.003605 1300.000000 10.620915
320 0.000005 0.002552 1400.000000 10.695188
320 0.000005 0.002045 1500.000000 10.691376
320 0.000008 0.001076 1600.000000 10.695188
330 0.000089 0.006925 100.000000 9.523809
330 0.000055 0.008016 200.000000 9.803922
330 0.000028 0.007014 300.000000 10.000000
330 0.000024 0.002039 400.000000 10.389610
330 0.000016 0.000674 500.000000 10.288066
330 0.000015 0.001256 600.000000 10.434783
330 0.000013 0.001852 700.000000 10.401189
330 0.000011 0.002759 800.000000 10.471204
330 0.000010 0.003355 900.000000 10.477299
330 0.000010 0.003561 1000.000000 10.526316
330 0.000010 0.003897 1100.000000 10.496183
330 0.000008 0.003513 1200.000000 10.600707
330 0.000007 0.003226 1300.000000 10.594947
330 0.000004 0.002278 1400.000000 10.678871
330 0.000009 0.001809 1500.000000 10.638298
330 0.000007 0.000943 1600.000000 10.666667
340 0.000090 0.009240 100.000000 9.433962
340 0.000058 0.009143 200.000000 9.569378
340 0.000041 0.005744 300.000000 9.933775
340 0.000023 0.002153 400.000000 10.309278
340 0.000016 0.000587 500.000000 10.266940
340 0.000014 0.001299 600.000000 10.362695
340 0.000014 0.002180 700.000000 10.370370
340 0.000012 0.003050 800.000000 10.403121
340 0.000011 0.003603 900.000000 10.452962
340 0.000011 0.003803 1000.000000 10.526316
340 0.000009 0.004084 1100.000000 10.486177
340 0.000008 0.003685 1200.000000 10.582010
340 0.000006 0.003252 1300.000000 10.577705
340 0.000004 0.002360 1400.000000 10.670732
340 0.000009 0.001778 1500.000000 10.645848
340 0.000008 0.000984 1600.000000 10.652463
350 0.000091 0.007362 100.000000 9.523809
350 0.000040 0.006103 200.000000 9.708738
350 0.000036 0.004543 300.000000 10.067114
350 0.000026 0.001406 400.000000 10.362695
350 0.000024 0.001943 500.000000 10.309278
350 0.000008 0.001144 600.000000 10.398614
350 0.000009 0.001028 700.000000 10.432191
350 0.000009 0.001293 800.000000 10.430247
350 0.000008 0.001369 900.000000 10.489511
350 0.000009 0.001792 1000.000000 10.515247
350 0.000008 0.001716 1100.000000 10.506208
350 0.000013 0.002082 1200.000000 10.600707
350 0.000010 0.001508 1300.000000 10.603589
350 0.000008 0.000619 1400.000000 10.687023
350 0.000003 0.000407 1500.000000 10.660981
350 0.000002 0.000681 1600.000000 10.673782
360 0.000054 0.008433 100.000000 10.101010
360 0.000017 0.007058 200.000000 10.000000
360 0.000032 0.004280 300.000000 10.273973
360 0.000026 0.001324 400.000000 10.498688
360 0.000020 0.001945 500.000000 10.416667
360 0.000004 0.001096 600.000000 10.489511
360 0.000004 0.000975 700.000000 10.526316
360 0.000006 0.001291 800.000000 10.512484
360 0.000005 0.001334 900.000000 10.563380
360 0.000007 0.001376 1000.000000 10.593221
360 0.000006 0.001335 1100.000000 10.566763
360 0.000012 0.001413 1200.000000 10.657193
360 0.000009 0.000979 1300.000000 10.655738
360 0.000007 0.000344 1400.000000 10.736197
360 0.000002 0.000223 1500.000000 10.714286
360 0.000002 0.000680 1600.000000 10.716678
370 0.000031 0.011305 100.000000 10.204082
370 0.000024 0.011519 200.000000 10.050251
370 0.000029 0.005724 300.000000 10.309278
370 0.000024 0.002028 400.000000 10.554090
370 0.000014 0.001894 500.000000 10.482181
370 0.000010 0.001237 600.000000 10.507881
370 0.000008 0.002079 700.000000 10.574018
370 0.000007 0.002933 800.000000 10.540184
370 0.000007 0.003358 900.000000 10.600707
370 0.000012 0.003345 1000.000000 10.593221
370 0.000001 0.003344 1100.000000 10.597302
370 0.000006 0.002774 1200.000000 10.685663
370 0.000004 0.002392 1300.000000 10.690789
370 0.000003 0.001949 1400.000000 10.760953
370 0.000007 0.001230 1500.000000 10.729613
370 0.000007 0.000973 1600.000000 10.738256
380 0.000024 0.010630 100.000000 10.204082
380 0.000034 0.010897 200.000000 9.900990
380 0.000026 0.004215 300.000000 10.380623
380 0.000022 0.001597 400.000000 10.526316
380 0.000010 0.001952 500.000000 10.548523
380 0.000009 0.001233 600.000000 10.507881
380 0.000007 0.001959 700.000000 10.590015
380 0.000007 0.002691 800.000000 10.554090
380 0.000007 0.002984 900.000000 10.613208
380 0.000008 0.002844 1000.000000 10.537408
380 0.000001 0.002910 1100.000000 10.597302
380 0.000006 0.002514 1200.000000 10.695188
380 0.000005 0.002077 1300.000000 10.699589
380 0.000003 0.001808 1400.000000 10.769231
380 0.000006 0.000992 1500.000000 10.737294
380 0.000007 0.000858 1600.000000 10.752688
390 0.000012 0.009455 100.000000 10.000000
390 0.000034 0.007758 200.000000 10.000000
390 0.000026 0.002868 300.000000 10.489511
390 0.000023 0.001382 400.000000 10.498688
390 0.000013 0.002131 500.000000 10.615711
390 0.000007 0.001199 600.000000 10.507881
390 0.000006 0.001661 700.000000 10.590015
390 0.000005 0.002324 800.000000 10.554090
390 0.000007 0.002430 900.000000 10.613208
390 0.000005 0.002569 1000.000000 10.526316
390 0.000002 0.002342 1100.000000 10.597302
390 0.000007 0.002062 1200.000000 10.685663
390 0.000004 0.001644 1300.000000 10.708402
390 0.000004 0.001572 1400.000000 10.752688
390 0.000005 0.000680 1500.000000 10.737294
390 0.000006 0.000726 1600.000000 10.738256
400 0.000022 0.010119 100.000000 10.101010
400 0.000051 0.008372 200.000000 10.152285
400 0.000031 0.002673 300.000000 10.563380
400 0.000024 0.001459 400.000000 10.498688
400 0.000013 0.002272 500.000000 10.615711
400 0.000006 0.001187 600.000000 10.526316
400 0.000006 0.001738 700.000000 10.606061
400 0.000006 0.002464 800.000000 10.568031
400 0.000006 0.002521 900.000000 10.625738
400 0.000003 0.002808 1000.000000 10.548523
400 0.000002 0.002436 1100.000000 10.617761
400 0.000007 0.002264 1200.000000 10.704728
400 0.000004 0.001718 1300.000000 10.726072
400 0.000003 0.001642 1400.000000 10.752688
400 0.000006 0.000664 1500.000000 10.744986
400 0.000006 0.000812 1600.000000 10.745467
410 0.000011 0.009527 100.000000 10.204082
410 0.000046 0.007714 200.000000 10.362695
410 0.000028 0.001981 300.000000 10.676157
410 0.000023 0.001737 400.000000 10.582010
410 0.000012 0.002417 500.000000 10.615711
410 0.000006 0.001195 600.000000 10.563380
410 0.000006 0.001618 700.000000 10.606061
410 0.000007 0.002234 800.000000 10.596026
410 0.000006 0.002143 900.000000 10.650887
410 0.000002 0.002445 1000.000000 10.570825
410 0.000003 0.002015 1100.000000 10.669253
410 0.000006 0.001943 1200.000000 10.723861
410 0.000005 0.001422 1300.000000 10.743802
410 0.000004 0.001515 1400.000000 10.744436
410 0.000006 0.000478 1500.000000 10.752688
410 0.000006 0.000747 1600.000000 10.759919
420 0.000021 0.008177 100.000000 10.204082
420 0.000040 0.007452 200.000000 10.471204
420 0.000028 0.001060 300.000000 10.714286
420 0.000021 0.002014 400.000000 10.554090
420 0.000004 0.002566 500.000000 10.593221
420 0.000004 0.001243 600.000000 10.563380
420 0.000017 0.001556 700.000000 10.606061
420 0.000005 0.001968 800.000000 10.596026
420 0.000007 0.001807 900.000000 10.638298
420 0.000002 0.002072 1000.000000 10.582010
420 0.000004 0.001600 1100.000000 10.679611
420 0.000006 0.001680 1200.000000 10.685663
420 0.000005 0.001190 1300.000000 10.761589
420 0.000004 0.001425 1400.000000 10.752688
420 0.000005 0.000306 1500.000000 10.752688
420 0.000005 0.000756 1600.000000 10.759919
430 0.000024 0.007350 100.000000 10.000000
430 0.000028 0.007439 200.000000 10.256411
430 0.000028 0.001138 300.000000 10.714286
430 0.000021 0.002364 400.000000 10.498688
430 0.000005 0.002455 500.000000 10.593221
430 0.000006 0.001260 600.000000 10.544815
430 0.000005 0.001458 700.000000 10.606061
430 0.000006 0.001775 800.000000 10.596026
430 0.000007 0.001582 900.000000 10.625738
430 0.000003 0.001836 1000.000000 10.593221
430 0.000006 0.001274 1100.000000 10.710808
430 0.000007 0.001379 1200.000000 10.685663
430 0.000005 0.001026 1300.000000 10.761589
430 0.000007 0.001306 1400.000000 10.719755
430 0.000005 0.000185 1500.000000 10.744986
430 0.000005 0.000797 1600.000000 10.759919
440 0.000026 0.007570 100.000000 9.900990
440 0.000045 0.005240 200.000000 10.204082
440 0.000030 0.001469 300.000000 10.676157
440 0.000022 0.002839 400.000000 10.498688
440 0.000007 0.002357 500.000000 10.615711
440 0.000005 0.001221 600.000000 10.544815
440 0.000003 0.001486 700.000000 10.606061
440 0.000005 0.001691 800.000000 10.596026
440 0.000007 0.001568 900.000000 10.663507
440 0.000002 0.001809 1000.000000 10.593221
440 0.000007 0.001229 1100.000000 10.700389
440 0.000008 0.001346 1200.000000 10.685663
440 0.000005 0.001143 1300.000000 10.779436
440 0.000007 0.001197 1400.000000 10.744436
440 0.000005 0.000158 1500.000000 10.744986
440 0.000005 0.000851 1600.000000 10.752688
450 0.000037 0.007452 100.000000 9.615385
450 0.000047 0.003834 200.000000 10.256411
450 0.000030 0.002036 300.000000 10.600707
450 0.000019 0.003932 400.000000 10.471204
450 0.000008 0.002240 500.000000 10.548523
450 0.000007 0.001279 600.000000 10.563380
450 0.000005 0.001507 700.000000 10.542169
450 0.000006 0.001813 800.000000 10.596026
450 0.000009 0.001707 900.000000 10.613208
450 0.000001 0.001894 1000.000000 10.593221
450 0.000008 0.001340 1100.000000 10.689990
450 0.000007 0.001397 1200.000000 10.685663
450 0.000004 0.001379 1300.000000 10.770505
450 0.000006 0.001133 1400.000000 10.736197
450 0.000006 0.000152 1500.000000 10.744986
450 0.000006 0.000850 1600.000000 10.745467
460 0.000033 0.008510 100.000000 9.803922
460 0.000042 0.003086 200.000000 10.309278
460 0.000031 0.002353 300.000000 10.600707
460 0.000019 0.004533 400.000000 10.471204
460 0.000007 0.002359 500.000000 10.548523
460 0.000006 0.001317 600.000000 10.582010
460 0.000004 0.001497 700.000000 10.558069
460 0.000006 0.001844 800.000000 10.610080
460 0.000009 0.001742 900.000000 10.638298
460 0.000001 0.001940 1000.000000 10.604454
460 0.000009 0.001469 1100.000000 10.700389
460 0.000006 0.001458 1200.000000 10.695188
460 0.000004 0.001520 1300.000000 10.779436
460 0.000005 0.001066 1400.000000 10.752688
460 0.000006 0.000150 1500.000000 10.752688
460 0.000006 0.000901 1600.000000 10.745467
470 0.000038 0.010095 100.000000 9.615385
470 0.000040 0.002160 200.000000 10.256411
470 0.000031 0.002986 300.000000 10.600707
470 0.000016 0.004550 400.000000 10.554090
470 0.000008 0.002373 500.000000 10.526316
470 0.000006 0.001346 600.000000 10.619469
470 0.000005 0.001511 700.000000 10.574018
470 0.000006 0.001755 800.000000 10.638298
470 0.000010 0.001581 900.000000 10.588235
470 0.000001 0.001826 1000.000000 10.615711
470 0.000009 0.001486 1100.000000 10.721248
470 0.000005 0.001418 1200.000000 10.714286
470 0.000005 0.001575 1300.000000 10.788382
470 0.000005 0.000944 1400.000000 10.760953
470 0.000006 0.000166 1500.000000 10.768126
470 0.000006 0.000902 1600.000000 10.759919
480 0.000061 0.008071 100.000000 9.523809
480 0.000039 0.001614 200.000000 10.471204
480 0.000031 0.003513 300.000000 10.600707
480 0.000013 0.004445 400.000000 10.638298
480 0.000008 0.002329 500.000000 10.548523
480 0.000005 0.001374 600.000000 10.638298
480 0.000006 0.001462 700.000000 10.606061
480 0.000007 0.001570 800.000000 10.652463
480 0.000005 0.001370 900.000000 10.550997
480 0.000002 0.001607 1000.000000 10.626992
480 0.000009 0.001408 1100.000000 10.731708
480 0.000005 0.001295 1200.000000 10.743062
480 0.000005 0.001601 1300.000000 10.797342
480 0.000005 0.000804 1400.000000 10.769231
480 0.000006 0.000161 1500.000000 10.775862
480 0.000006 0.000924 1600.000000 10.774411
490 0.000072 0.006550 100.000000 9.803922
490 0.000048 0.001954 200.000000 10.638298
490 0.000031 0.004177 300.000000 10.600707
490 0.000017 0.004798 400.000000 10.723861
490 0.000007 0.002436 500.000000 10.570825
490 0.000005 0.001374 600.000000 10.676157
490 0.000005 0.001488 700.000000 10.622155
490 0.000005 0.001517 800.000000 10.666667
490 0.000003 0.001753 900.000000 10.575793
490 0.000003 0.001618 1000.000000 10.638298
490 0.000008 0.001517 1100.000000 10.731708
490 0.000005 0.001353 1200.000000 10.762332
490 0.000005 0.001665 1300.000000 10.806317
490 0.000005 0.000706 1400.000000 10.777521
490 0.000006 0.000220 1500.000000 10.783609
490 0.000007 0.001033 1600.000000 10.781672
500 0.000086 0.007170 100.000000 10.204082
500 0.000044 0.002521 200.000000 10.752688
500 0.000034 0.004732 300.000000 10.600707
500 0.000015 0.004979 400.000000 10.695188
500 0.000005 0.002379 500.000000 10.570825
500 0.000006 0.001363 600.000000 10.657193
500 0.000008 0.001504 700.000000 10.622155
500 0.000007 0.001372 800.000000 10.666667
500 0.000002 0.001747 900.000000 10.575793
500 0.000004 0.001430 1000.000000 10.660981
500 0.000008 0.001478 1100.000000 10.742188
500 0.000005 0.001260 1200.000000 10.771993
500 0.000004 0.001636 1300.000000 10.788382
500 0.000005 0.000609 1400.000000 10.777521
500 0.000006 0.000334 1500.000000 10.775862
500 0.000006 0.001097 1600.000000 10.781672
510 0.000091 0.008369 100.000000 10.416667
510 0.000048 0.003456 200.000000 10.810811
510 0.000031 0.005361 300.000000 10.676157
510 0.000015 0.005107 400.000000 10.666667
510 0.000007 0.002467 500.000000 10.593221
510 0.000028 0.001380 600.000000 10.638298
510 0.000007 0.001500 700.000000 10.622155
510 0.000007 0.001292 800.000000 10.680908
510 0.000002 0.001680 900.000000 10.600707
510 0.000004 0.001311 1000.000000 10.706638
510 0.000006 0.001453 1100.000000 10.742188
510 0.000006 0.001278 1200.000000 10.781672
510 0.000005 0.001736 1300.000000 10.779436
510 0.000006 0.000577 1400.000000 10.785825
510 0.000006 0.000429 1500.000000 10.783609
510 0.000006 0.001185 1600.000000 10.788941
520 0.000076 0.010345 100.000000 10.526316
520 0.000050 0.004297 200.000000 10.989011
520 0.000035 0.005842 300.000000 10.638298
520 0.000007 0.005371 400.000000 10.638298
520 0.000006 0.002513 500.000000 10.615711
520 0.000006 0.001216 600.000000 10.676157
520 0.000006 0.001299 700.000000 10.638298
520 0.000007 0.000993 800.000000 10.680908
520 0.000002 0.001408 900.000000 10.613208
520 0.000005 0.001009 1000.000000 10.718114
520 0.000008 0.001270 1100.000000 10.721248
520 0.000006 0.001195 1200.000000 10.801080
520 0.000006 0.001716 1300.000000 10.779436
520 0.000006 0.000506 1400.000000 10.785825
520 0.000006 0.000536 1500.000000 10.791367
520 0.000006 0.001243 1600.000000 10.788941
530 0.000082 0.010860 100.000000 10.309278
530 0.000050 0.005283 200.000000 10.989011
530 0.000032 0.006128 300.000000 10.563380
530 0.000011 0.004985 400.000000 10.695188
530 0.000006 0.002390 500.000000 10.638298
530 0.000005 0.001148 600.000000 10.676157
530 0.000007 0.001218 700.000000 10.654490
530 0.000008 0.000915 800.000000 10.695188
530 0.000002 0.001256 900.000000 10.638298
530 0.000007 0.000825 1000.000000 10.764262
530 0.000009 0.001114 1100.000000 10.731708
530 0.000007 0.001174 1200.000000 10.830325
530 0.000008 0.001559 1300.000000 10.761589
530 0.000006 0.000414 1400.000000 10.785825
530 0.000006 0.000613 1500.000000 10.799136
530 0.000006 0.001340 1600.000000 10.796222
540 0.000098 0.008512 100.000000 10.416667
540 0.000049 0.005815 200.000000 10.989011
540 0.000037 0.006702 300.000000 10.676157
540 0.000010 0.004886 400.000000 10.781672
540 0.000006 0.002315 500.000000 10.660981
540 0.000005 0.001102 600.000000 10.714286
540 0.000007 0.000945 700.000000 10.687023
540 0.000008 0.000569 800.000000 10.752688
540 0.000003 0.000969 900.000000 10.663507
540 0.000010 0.000600 1000.000000 10.775862
540 0.000010 0.000909 1100.000000 10.752688
540 0.000007 0.001194 1200.000000 10.840109
540 0.000006 0.001404 1300.000000 10.797342
540 0.000005 0.000394 1400.000000 10.802469
540 0.000006 0.000659 1500.000000 10.806916
540 0.000006 0.001346 1600.000000 10.810811
550 0.000103 0.007498 100.000000 10.752688
550 0.000053 0.006205 200.000000 11.111111
550 0.000035 0.007378 300.000000 10.752688
550 0.000011 0.004513 400.000000 10.781672
550 0.000005 0.002262 500.000000 10.729613
550 0.000007 0.001123 600.000000 10.695188
550 0.000007 0.000817 700.000000 10.719755
550 0.000010 0.000376 800.000000 10.752688
550 0.000004 0.000742 900.000000 10.688836
550 0.000012 0.000556 1000.000000 10.799136
550 0.000010 0.000787 1100.000000 10.773751
550 0.000007 0.001207 1200.000000 10.869565
550 0.000004 0.001208 1300.000000 10.824313
550 0.000005 0.000379 1400.000000 10.819165
550 0.000006 0.000654 1500.000000 10.822511
550 0.000006 0.001383 1600.000000 10.825439
560 0.000096 0.007651 100.000000 10.638298
560 0.000056 0.007228 200.000000 10.928962
560 0.000033 0.008773 300.000000 10.638298
560 0.000009 0.004737 400.000000 10.695188
560 0.000005 0.002419 500.000000 10.706638
560 0.000005 0.001145 600.000000 10.657193
560 0.000006 0.000766 700.000000 10.703364
560 0.000009 0.000341 800.000000 10.723861
560 0.000004 0.000782 900.000000 10.676157
560 0.000013 0.000539 1000.000000 10.775862
560 0.000009 0.000819 1100.000000 10.773751
560 0.000007 0.001426 1200.000000 10.859729
560 0.000004 0.001166 1300.000000 10.815308
560 0.000005 0.000418 1400.000000 10.819165
560 0.000005 0.000672 1500.000000 10.806916
560 0.000007 0.001408 1600.000000 10.825439
570 0.000088 0.008959 100.000000 10.752688
570 0.000054 0.008389 200.000000 11.049724
570 0.000031 0.008908 300.000000 10.791367
570 0.000006 0.005033 400.000000 10.723861
570 0.000004 0.002511 500.000000 10.775862
570 0.000003 0.001282 600.000000 10.714286
570 0.000004 0.001057 700.000000 10.752688
570 0.000010 0.000834 800.000000 10.709505
570 0.000003 0.001229 900.000000 10.714286
570 0.000010 0.000974 1000.000000 10.810811
570 0.000007 0.001254 1100.000000 10.805501
570 0.000006 0.001825 1200.000000 10.879419
570 0.000005 0.001368 1300.000000 10.842369
570 0.000006 0.000510 1400.000000 10.835914
570 0.000006 0.000793 1500.000000 10.822511
570 0.000007 0.001577 1600.000000 10.847458
580 0.000072 0.009827 100.000000 11.235955
580 0.000042 0.007456 200.000000 11.173184
580 0.000025 0.006938 300.000000 10.948905
580 0.000009 0.003954 400.000000 10.781672
580 0.000010 0.002253 500.000000 10.869565
580 0.000008 0.001611 600.000000 10.771993
580 0.000010 0.001552 700.000000 10.802469
580 0.000009 0.001785 800.000000 10.695188
580 0.000008 0.001807 900.000000 10.752688
580 0.000012 0.001723 1000.000000 10.845987
580 0.000007 0.001462 1100.000000 10.837439
580 0.000006 0.001818 1200.000000 10.909091
580 0.000004 0.001244 1300.000000 10.869565
580 0.000004 0.000582 1400.000000 10.869565
580 0.000004 0.000814 1500.000000 10.853835
580 0.000004 0.001474 1600.000000 10.869565
590 0.000098 0.007481 100.000000 11.494253
590 0.000045 0.007087 200.000000 10.928962
590 0.000032 0.007134 300.000000 10.989011
590 0.000009 0.003781 400.000000 10.723861
590 0.000010 0.002525 500.000000 10.822511
590 0.000010 0.001838 600.000000 10.733453
590 0.000008 0.001481 700.000000 10.769231
590 0.000007 0.001549 800.000000 10.652463
590 0.000011 0.001582 900.000000 10.714286
590 0.000015 0.001638 1000.000000 10.810811
590 0.000009 0.001278 1100.000000 10.837439
590 0.000007 0.001656 1200.000000 10.879419
590 0.000002 0.000911 1300.000000 10.851419
590 0.000003 0.000243 1400.000000 10.844307
590 0.000003 0.000532 1500.000000 10.838150
600 0.000104 0.011360 100.000000 11.111111
600 0.000053 0.009298 200.000000 10.695188
600 0.000037 0.008472 300.000000 10.714286
600 0.000016 0.004285 400.000000 10.610080
600 0.000015 0.002757 500.000000 10.683761
600 0.000016 0.002052 600.000000 10.638298
600 0.000014 0.001622 700.000000 10.703364
600 0.000010 0.001631 800.000000 10.596026
600 0.000014 0.001713 900.000000 10.714286
600 0.000016 0.001823 1000.000000 10.775862
600 0.000011 0.001184 1100.000000 10.805501
600 0.000009 0.001571 1200.000000 10.810811
600 0.000002 0.000771 1300.000000 10.806317
600 0.000001 0.000192 1400.000000 10.802469
600 0.000000 0.000381 1500.000000 10.799136
610 0.000111 0.014303 100.000000 11.111111
610 0.000057 0.010716 200.000000 10.526316
610 0.000033 0.009365 300.000000 10.638298
610 0.000016 0.004739 400.000000 10.554090
610 0.000037 0.002919 500.000000 10.638298
610 0.000014 0.002285 600.000000 10.619469
610 0.000014 0.001701 700.000000 10.670732
610 0.000011 0.001620 800.000000 10.596026
610 0.000014 0.001660 900.000000 10.714286
610 0.000014 0.001841 1000.000000 10.718114
610 0.000011 0.001376 1100.000000 10.805501
610 0.000010 0.001854 1200.000000 10.791367
610 0.000002 0.000883 1300.000000 10.788382
610 0.000002 0.000197 1400.000000 10.794140
610 0.000001 0.000337 1500.000000 10.799136
620 0.000086 0.014793 100.000000 11.363636
620 0.000044 0.010082 200.000000 10.638298
620 0.000015 0.008024 300.000000 10.676157
620 0.000015 0.004457 400.000000 10.610080
620 0.000013 0.002887 500.000000 10.683761
620 0.000014 0.002654 600.000000 10.657193
620 0.000014 0.002336 700.000000 10.687023
620 0.000011 0.002300 800.000000 10.638298
620 0.000014 0.002097 900.000000 10.765551
620 0.000013 0.002030 1000.000000 10.752688
620 0.000010 0.001687 1100.000000 10.826772
620 0.000005 0.002054 1200.000000 10.771993
620 0.000003 0.000942 1300.000000 10.797342
620 0.000002 0.000187 1400.000000 10.810811
620 0.000002 0.000441 1500.000000 10.806916
630 0.000026 0.013460 100.000000 11.627907
630 0.000025 0.009244 200.000000 10.695188
630 0.000028 0.006605 300.000000 10.830325
630 0.000024 0.003343 400.000000 10.695188
630 0.000021 0.002599 500.000000 10.729613
630 0.000020 0.002996 600.000000 10.714286
630 0.000021 0.003240 700.000000 10.752688
630 0.000013 0.003084 800.000000 10.680908
630 0.000014 0.002212 900.000000 10.804321
630 0.000015 0.001724 1000.000000 10.775862
630 0.000010 0.001582 1100.000000 10.869565
630 0.000008 0.001939 1200.000000 10.810811
630 0.000007 0.000791 1300.000000 10.824313
630 0.000006 0.000123 1400.000000 10.827533
630 0.000006 0.000720 1500.000000 10.822511
640 0.000048 0.010075 100.000000 11.494253
640 0.000035 0.008789 200.000000 10.752688
640 0.000033 0.005001 300.000000 10.791367
640 0.000028 0.002680 400.000000 10.695188
640 0.000023 0.002162 500.000000 10.683761
640 0.000024 0.002562 600.000000 10.714286
640 0.000023 0.003021 700.000000 10.769231
640 0.000014 0.002642 800.000000 10.680908
640 0.000017 0.001933 900.000000 10.791367
640 0.000016 0.001239 1000.000000 10.764262
640 0.000011 0.000959 1100.000000 10.869565
640 0.000009 0.001277 1200.000000 10.820560
640 0.000008 0.000335 1300.000000 10.824313
640 0.000006 0.000391 1400.000000 10.827533
640 0.000006 0.001038 1500.000000 10.830325
650 0.000031 0.007632 100.000000 11.111111
650 0.000029 0.009023 200.000000 10.582010
650 0.000034 0.003886 300.000000 10.638298
650 0.000027 0.002192 400.000000 10.666667
650 0.000023 0.002311 500.000000 10.615711
650 0.000022 0.003010 600.000000 10.676157
650 0.000023 0.003522 700.000000 10.703364
650 0.000014 0.002970 800.000000 10.652463
650 0.000016 0.001983 900.000000 10.778443
650 0.000013 0.001376 1000.000000 10.752688
650 0.000009 0.001492 1100.000000 10.858835
650 0.000009 0.001274 1200.000000 10.810811
650 0.000009 0.000298 1300.000000 10.815308
650 0.000008 0.000580 1400.000000 10.802469
650 0.000007 0.001392 1500.000000 10.822511
660 0.000024 0.008354 100.000000 11.111111
660 0.000034 0.009062 200.000000 10.695188
660 0.000028 0.003522 300.000000 10.676157
660 0.000025 0.002200 400.000000 10.723861
660 0.000022 0.002598 500.000000 10.660981
660 0.000019 0.003213 600.000000 10.714286
660 0.000022 0.003631 700.000000 10.687023
660 0.000011 0.003138 800.000000 10.680908
660 0.000014 0.002222 900.000000 10.791367
660 0.000010 0.001753 1000.000000 10.787486
660 0.000006 0.001902 1100.000000 10.869565
660 0.000009 0.001334 1200.000000 10.830325
660 0.000008 0.000292 1300.000000 10.824313
660 0.000007 0.000660 1400.000000 10.810811
660 0.000007 0.001538 1500.000000 10.838150
670 0.000024 0.007238 100.000000 10.638298
670 0.000022 0.007060 200.000000 10.695188
670 0.000029 0.002310 300.000000 10.563380
670 0.000023 0.001995 400.000000 10.695188
670 0.000020 0.002885 500.000000 10.615711
670 0.000020 0.003407 600.000000 10.676157
670 0.000014 0.003748 700.000000 10.542169
670 0.000011 0.003173 800.000000 10.638298
670 0.000014 0.002358 900.000000 10.765551
670 0.000009 0.001717 1000.000000 10.787486
670 0.000006 0.001887 1100.000000 10.848126
670 0.000007 0.000960 1200.000000 10.810811
670 0.000008 0.000140 1300.000000 10.806317
670 0.000008 0.000979 1400.000000 10.802469
670 0.000007 0.001820 1500.000000 10.822511
680 0.000018 0.007803 100.000000 10.204082
680 0.000024 0.006930 200.000000 10.582010
680 0.000031 0.001996 300.000000 10.452962
680 0.000027 0.002068 400.000000 10.610080
680 0.000023 0.003136 500.000000 10.548523
680 0.000021 0.003530 600.000000 10.638298
680 0.000013 0.003977 700.000000 10.526316
680 0.000012 0.003004 800.000000 10.596026
680 0.000014 0.002223 900.000000 10.727056
680 0.000009 0.001503 1000.000000 10.764262
680 0.000005 0.001741 1100.000000 10.805501
680 0.000008 0.000658 1200.000000 10.781672
680 0.000008 0.000331 1300.000000 10.779436
680 0.000008 0.001152 1400.000000 10.777521
690 0.000000 0.007862 100.000000 10.204082
690 0.000029 0.006736 200.000000 10.471204
690 0.000033 0.001598 300.000000 10.380623
690 0.000027 0.002391 400.000000 10.526316
690 0.000025 0.003645 500.000000 10.526316
690 0.000021 0.004031 600.000000 10.619469
690 0.000014 0.004318 700.000000 10.510510
690 0.000013 0.003310 800.000000 10.652463
690 0.000013 0.002505 900.000000 10.727056
690 0.000010 0.001588 1000.000000 10.752688
690 0.000004 0.001757 1100.000000 10.752688
690 0.000010 0.000489 1200.000000 10.762332
690 0.000008 0.000565 1300.000000 10.770505
690 0.000007 0.001360 1400.000000 10.769231
700 0.000021 0.007415 100.000000 9.900990
700 0.000040 0.005994 200.000000 10.256411
700 0.000034 0.001532 300.000000 10.344828
700 0.000028 0.002855 400.000000 10.498688
700 0.000024 0.004109 500.000000 10.482181
700 0.000023 0.004513 600.000000 10.563380
700 0.000015 0.004568 700.000000 10.494753
700 0.000013 0.003398 800.000000 10.638298
700 0.000013 0.002594 900.000000 10.650887
700 0.000009 0.001618 1000.000000 10.752688
700 0.000004 0.001740 1100.000000 10.742188
700 0.000010 0.000400 1200.000000 10.743062
700 0.000007 0.000831 1300.000000 10.752688
700 0.000008 0.001588 1400.000000 10.752688
710 0.000028 0.006817 100.000000 9.708738
710 0.000047 0.004233 200.000000 10.362695
710 0.000033 0.001678 300.000000 10.344828
710 0.000029 0.003293 400.000000 10.498688
710 0.000026 0.004372 500.000000 10.504202
710 0.000024 0.004823 600.000000 10.582010
710 0.000015 0.004659 700.000000 10.526316
710 0.000014 0.003451 800.000000 10.695188
710 0.000014 0.002543 900.000000 10.663507
710 0.000010 0.001502 1000.000000 10.775862
710 0.000011 0.001536 1100.000000 10.710808
710 0.000010 0.000392 1200.000000 10.743062
710 0.000008 0.001022 1300.000000 10.761589
710 0.000008 0.001779 1400.000000 10.760953
720 0.000023 0.007999 100.000000 9.900990
720 0.000049 0.003595 200.000000 10.471204
720 0.000036 0.002026 300.000000 10.380623
720 0.000026 0.003710 400.000000 10.526316
720 0.000025 0.004666 500.000000 10.526316
720 0.000024 0.005101 600.000000 10.638298
720 0.000015 0.004770 700.000000 10.542169
720 0.000012 0.003435 800.000000 10.695188
720 0.000015 0.002547 900.000000 10.676157
720 0.000008 0.001709 1000.000000 10.799136
720 0.000012 0.001559 1100.000000 10.742188
720 0.000011 0.000444 1200.000000 10.752688
720 0.000009 0.001070 1300.000000 10.761589
720 0.000008 0.001934 1400.000000 10.769231
730 0.000021 0.009892 100.000000 9.900990
730 0.000050 0.002658 200.000000 10.416667
730 0.000038 0.002533 300.000000 10.452962
730 0.000029 0.004076 400.000000 10.443864
730 0.000026 0.004991 500.000000 10.548523
730 0.000025 0.005359 600.000000 10.619469
730 0.000013 0.004832 700.000000 10.558069
730 0.000015 0.003495 800.000000 10.695188
730 0.000013 0.002535 900.000000 10.688836
730 0.000008 0.001814 1000.000000 10.810811
730 0.000012 0.001398 1100.000000 10.752688
730 0.000011 0.000481 1200.000000 10.762332
730 0.000009 0.001163 1300.000000 10.761589
730 0.000009 0.002104 1400.000000 10.777521
740 0.000032 0.011254 100.000000 10.000000
740 0.000049 0.002407 200.000000 10.362695
740 0.000037 0.003060 300.000000 10.489511
740 0.000029 0.004321 400.000000 10.471204
740 0.000026 0.005161 500.000000 10.570825
740 0.000026 0.005580 600.000000 10.619469
740 0.000014 0.004818 700.000000 10.574018
740 0.000017 0.003545 800.000000 10.723861
740 0.000013 0.002485 900.000000 10.701546
740 0.000008 0.001863 1000.000000 10.822511
740 0.000010 0.001236 1100.000000 10.773751
740 0.000010 0.000555 1200.000000 10.781672
740 0.000008 0.001235 1300.000000 10.770505
740 0.000008 0.002139 1400.000000 10.794140
750 0.000064 0.010304 100.000000 10.204082
750 0.000051 0.001825 200.000000 10.362695
750 0.000038 0.003756 300.000000 10.563380
750 0.000029 0.005182 400.000000 10.498688
750 0.000026 0.005890 500.000000 10.615711
750 0.000029 0.006345 600.000000 10.582010
750 0.000015 0.005428 700.000000 10.606061
750 0.000017 0.004103 800.000000 10.738256
750 0.000014 0.002857 900.000000 10.739857
750 0.000008 0.002091 1000.000000 10.834236
750 0.000011 0.001188 1100.000000 10.784314
750 0.000010 0.000770 1200.000000 10.791367
750 0.000009 0.001433 1300.000000 10.779436
750 0.000008 0.002308 1400.000000 10.810811
760 0.000060 0.008619 100.000000 10.526316
760 0.000052 0.001983 200.000000 10.362695
760 0.000038 0.004313 300.000000 10.638298
760 0.000030 0.005604 400.000000 10.582010
760 0.000026 0.006157 500.000000 10.660981
760 0.000021 0.006476 600.000000 10.507881
760 0.000015 0.005509 700.000000 10.622155
760 0.000016 0.004244 800.000000 10.752688
760 0.000010 0.002892 900.000000 10.765551
760 0.000007 0.002211 1000.000000 10.845987
760 0.000010 0.001105 1100.000000 10.805501
760 0.000011 0.000842 1200.000000 10.810811
760 0.000009 0.001607 1300.000000 10.797342
760 0.000008 0.002443 1400.000000 10.827533
770 0.000058 0.008246 100.000000 10.989011
770 0.000052 0.002505 200.000000 10.416667
770 0.000037 0.004571 300.000000 10.676157
770 0.000029 0.005841 400.000000 10.582010
770 0.000028 0.006134 500.000000 10.683761
770 0.000019 0.006471 600.000000 10.526316
770 0.000015 0.005213 700.000000 10.622155
770 0.000017 0.004000 800.000000 10.752688
770 0.000010 0.002617 900.000000 10.791367
770 0.000006 0.002048 1000.000000 10.845987
770 0.000010 0.000895 1100.000000 10.816126
770 0.000011 0.000950 1200.000000 10.810811
770 0.000009 0.001731 1300.000000 10.806317
780 0.000061 0.007123 100.000000 10.869565
780 0.000048 0.003226 200.000000 10.471204
780 0.000036 0.004923 300.000000 10.676157
780 0.000032 0.005948 400.000000 10.582010
780 0.000026 0.005996 500.000000 10.683761
780 0.000017 0.006161 600.000000 10.544815
780 0.000015 0.004860 700.000000 10.654490
780 0.000017 0.003780 800.000000 10.781672
780 0.000011 0.002299 900.000000 10.804321
780 0.000006 0.001748 1000.000000 10.834236
780 0.000009 0.000745 1100.000000 10.816126
780 0.000009 0.001148 1200.000000 10.810811
780 0.000008 0.001857 1300.000000 10.806317
790 0.000065 0.008085 100.000000 10.526316
790 0.000047 0.004023 200.000000 10.416667
790 0.000072 0.006161 300.000000 10.563380
790 0.000031 0.006523 400.000000 10.554090
790 0.000025 0.006394 500.000000 10.660981
790 0.000017 0.006349 600.000000 10.544815
790 0.000014 0.004842 700.000000 10.703364
790 0.000012 0.003848 800.000000 10.738256
790 0.000010 0.002383 900.000000 10.804321
790 0.000004 0.001999 1000.000000 10.799136
790 0.000011 0.000903 1100.000000 10.794897
790 0.000008 0.001315 1200.000000 10.801080
790 0.000008 0.002078 1300.000000 10.806317
800 0.000077 0.007816 100.000000 10.526316
800 0.000051 0.005200 200.000000 10.471204
800 0.000037 0.006540 300.000000 10.676157
800 0.000029 0.007409 400.000000 10.610080
800 0.000028 0.007287 500.000000 10.660981
800 0.000017 0.007085 600.000000 10.582010
800 0.000014 0.005469 700.000000 10.736197
800 0.000013 0.004359 800.000000 10.738256
800 0.000009 0.002802 900.000000 10.843373
800 0.000004 0.002250 1000.000000 10.810811
800 0.000012 0.001089 1100.000000 10.805501
800 0.000009 0.001535 1200.000000 10.820560
800 0.000009 0.002299 1300.000000 10.815308
810 0.000095 0.005732 100.000000 10.752688
810 0.000056 0.005957 200.000000 10.582010
810 0.000037 0.007248 300.000000 10.714286
810 0.000031 0.007879 400.000000 10.666667
810 0.000028 0.007784 500.000000 10.706638
810 0.000018 0.007348 600.000000 10.638298
810 0.000015 0.005651 700.000000 10.819165
810 0.000014 0.004406 800.000000 10.767160
810 0.000009 0.002838 900.000000 10.869565
810 0.000013 0.002278 1000.000000 10.799136
810 0.000012 0.001222 1100.000000 10.826772
810 0.000009 0.001680 1200.000000 10.840109
810 0.000009 0.002462 1300.000000 10.824313
820 0.000099 0.004499 100.000000 10.869565
820 0.000054 0.006943 200.000000 10.582010
820 0.000034 0.008062 300.000000 10.676157
820 0.000030 0.008300 400.000000 10.666667
820 0.000027 0.008146 500.000000 10.775862
820 0.000017 0.007460 600.000000 10.638298
820 0.000014 0.005617 700.000000 10.785825
820 0.000014 0.004336 800.000000 10.752688
820 0.000008 0.002853 900.000000 10.882709
820 0.000014 0.002126 1000.000000 10.822511
820 0.000012 0.001315 1100.000000 10.826772
820 0.000010 0.001847 1200.000000 10.830325
820 0.000009 0.002729 1300.000000 10.824313
830 0.000092 0.006968 100.000000 10.752688
830 0.000054 0.008389 200.000000 10.638298
830 0.000037 0.008706 300.000000 10.563380
830 0.000030 0.008621 400.000000 10.666667
830 0.000028 0.008239 500.000000 10.706638
830 0.000014 0.007316 600.000000 10.638298
830 0.000015 0.005579 700.000000 10.802469
830 0.000013 0.004229 800.000000 10.767160
830 0.000007 0.002784 900.000000 10.895884
830 0.000013 0.001959 1000.000000 10.834236
830 0.000011 0.001476 1100.000000 10.826772
830 0.000010 0.002064 1200.000000 10.830325
830 0.000009 0.002955 1300.000000 10.833333
840 0.000087 0.007626 100.000000 10.638298
840 0.000049 0.008753 200.000000 10.695188
840 0.000031 0.008814 300.000000 10.600707
840 0.000028 0.008528 400.000000 10.695188
840 0.000029 0.007905 500.000000 10.729613
840 0.000013 0.006693 600.000000 10.657193
840 0.000014 0.004888 700.000000 10.819165
840 0.000011 0.003742 800.000000 10.796222
840 0.000006 0.002638 900.000000 10.909091
840 0.000011 0.001762 1000.000000 10.845987
840 0.000011 0.001560 1100.000000 10.848126
840 0.000010 0.002375 1200.000000 10.830325
840 0.000010 0.003348 1300.000000 10.851419
850 0.000081 0.006466 100.000000 10.204082
850 0.000041 0.006685 200.000000 10.638298
850 0.000031 0.006778 300.000000 10.526316
850 0.000026 0.006170 400.000000 10.666667
850 0.000021 0.005473 500.000000 10.548523
850 0.000011 0.004491 600.000000 10.619469
850 0.000014 0.003361 700.000000 10.785825
850 0.000010 0.002505 800.000000 10.781672
850 0.000007 0.001913 900.000000 10.882709
850 0.000010 0.001114 1000.000000 10.822511
850 0.000011 0.001394 1100.000000 10.826772
850 0.000009 0.002252 1200.000000 10.810811
850 0.000009 0.003178 1300.000000 10.842369
860 0.000083 0.006625 100.000000 9.803922
860 0.000046 0.006108 200.000000 10.471204
860 0.000033 0.006185 300.000000 10.416667
860 0.000027 0.005319 400.000000 10.554090
860 0.000016 0.004963 500.000000 10.416667
860 0.000012 0.003551 600.000000 10.544815
860 0.000016 0.002887 700.000000 10.703364
860 0.000012 0.001865 800.000000 10.752688
860 0.000007 0.001527 900.000000 10.817307
860 0.000009 0.000864 1000.000000 10.787486
860 0.000011 0.001467 1100.000000 10.784314
860 0.000010 0.002336 1200.000000 10.781672
870 0.000071 0.007804 100.000000 9.900990
870 0.000044 0.006741 200.000000 10.471204
870 0.000033 0.006413 300.000000 10.452962
870 0.000026 0.005194 400.000000 10.582010
870 0.000014 0.004838 500.000000 10.438414
870 0.000011 0.003509 600.000000 10.582010
870 0.000016 0.003136 700.000000 10.736197
870 0.000011 0.001974 800.000000 10.781672
870 0.000005 0.001679 900.000000 10.804321
870 0.000009 0.001014 1000.000000 10.787486
870 0.000009 0.001649 1100.000000 10.784314
870 0.000009 0.002460 1200.000000 10.791367
880 0.000087 0.008949 100.000000 10.101010
880 0.000048 0.007762 200.000000 10.526316
880 0.000037 0.007410 300.000000 10.526316
880 0.000027 0.006053 400.000000 10.666667
880 0.000014 0.005609 500.000000 10.504202
880 0.000011 0.003949 600.000000 10.695188
880 0.000012 0.003508 700.000000 10.785825
880 0.000012 0.002155 800.000000 10.810811
880 0.000005 0.001903 900.000000 10.804321
880 0.000011 0.001027 1000.000000 10.810811
880 0.000010 0.001806 1100.000000 10.816126
880 0.000010 0.002736 1200.000000 10.810811
890 0.000055 0.009297 100.000000 10.204082
890 0.000135 0.008797 200.000000 10.582010
890 0.000024 0.006943 300.000000 10.526316
890 0.000023 0.005479 400.000000 10.638298
890 0.000009 0.005151 500.000000 10.526316
890 0.000007 0.003843 600.000000 10.733453
890 0.000012 0.003695 700.000000 10.719755
890 0.000010 0.002227 800.000000 10.840109
890 0.000005 0.001978 900.000000 10.817307
890 0.000010 0.001200 1000.000000 10.810811
890 0.000009 0.002019 1100.000000 10.826772
890 0.000010 0.002850 1200.000000 10.820560
900 0.000033 0.007903 100.000000 10.204082
900 0.000014 0.007344 200.000000 10.582010
900 0.000016 0.005359 300.000000 10.563380
900 0.000017 0.003919 400.000000 10.638298
900 0.000009 0.003714 500.000000 10.570825
900 0.000014 0.003001 600.000000 10.791367
900 0.000014 0.002743 700.000000 10.736197
900 0.000012 0.001371 800.000000 10.854816
900 0.000009 0.001352 900.000000 10.778443
900 0.000006 0.001284 1000.000000 10.810811
900 0.000005 0.002112 1100.000000 10.826772
900 0.000006 0.002708 1200.000000 10.820560
910 0.000019 0.007381 100.000000 10.101010
910 0.000016 0.006646 200.000000 10.526316
910 0.000016 0.004553 300.000000 10.526316
910 0.000016 0.003463 400.000000 10.695188
910 0.000009 0.003280 500.000000 10.548523
910 0.000018 0.002714 600.000000 10.752688
910 0.000017 0.002336 700.000000 10.719755
910 0.000011 0.001192 800.000000 10.854816
910 0.000007 0.001140 900.000000 10.791367
910 0.000005 0.001209 1000.000000 10.799136
910 0.000005 0.002039 1100.000000 10.805501
910 0.000005 0.002621 1200.000000 10.810811
920 0.000015 0.006682 100.000000 10.416667
920 0.000011 0.006140 200.000000 10.416667
920 0.000016 0.004651 300.000000 10.600707
920 0.000015 0.003493 400.000000 10.695188
920 0.000009 0.003202 500.000000 10.593221
920 0.000020 0.002544 600.000000 10.771993
920 0.000014 0.002087 700.000000 10.752688
920 0.000009 0.001260 800.000000 10.884354
920 0.000006 0.001082 900.000000 10.817307
920 0.000005 0.001183 1000.000000 10.822511
920 0.000006 0.002016 1100.000000 10.816126
920 0.000006 0.002673 1200.000000 10.830325
930 0.000008 0.007063 100.000000 10.526316
930 0.000011 0.006430 200.000000 10.471204
930 0.000010 0.005234 300.000000 10.638298
930 0.000015 0.003982 400.000000 10.695188
930 0.000009 0.003620 500.000000 10.615711
930 0.000020 0.002723 600.000000 10.810811
930 0.000013 0.002176 700.000000 10.785825
930 0.000009 0.001665 800.000000 10.914052
930 0.000005 0.001208 900.000000 10.843373
930 0.000005 0.001301 1000.000000 10.845987
930 0.000006 0.002091 1100.000000 10.826772
930 0.000007 0.002787 1200.000000 10.849910
940 0.000019 0.006668 100.000000 10.752688
940 0.000015 0.006099 200.000000 10.582010
940 0.000013 0.004885 300.000000 10.714286
940 0.000018 0.003482 400.000000 10.666667
940 0.000011 0.003255 500.000000 10.660981
940 0.000021 0.002543 600.000000 10.830325
940 0.000012 0.001927 700.000000 10.819165
940 0.000009 0.001609 800.000000 10.928962
940 0.000005 0.001048 900.000000 10.869565
940 0.000006 0.001288 1000.000000 10.857763
940 0.000006 0.002055 1100.000000 10.837439
940 0.000007 0.002779 1200.000000 10.869565
950 0.000017 0.006622 100.000000 10.989011
950 0.000012 0.005788 200.000000 10.638298
950 0.000013 0.004545 300.000000 10.791367
950 0.000010 0.003278 400.000000 10.554090
950 0.000010 0.003093 500.000000 10.683761
950 0.000019 0.002566 600.000000 10.869565
950 0.000012 0.001838 700.000000 10.852714
950 0.000010 0.001725 800.000000 10.943913
950 0.000004 0.001001 900.000000 10.882709
950 0.000006 0.001383 1000.000000 10.881392
950 0.000006 0.002072 1100.000000 10.858835
950 0.000007 0.002778 1200.000000 10.889292
960 0.000013 0.006044 100.000000 10.989011
960 0.000011 0.005650 200.000000 10.638298
960 0.000015 0.004267 300.000000 10.791367
960 0.000006 0.003599 400.000000 10.526316
960 0.000012 0.002944 500.000000 10.660981
960 0.000020 0.002563 600.000000 10.849910
960 0.000011 0.001662 700.000000 10.869565
960 0.000009 0.001674 800.000000 10.928962
960 0.000004 0.000944 900.000000 10.882709
960 0.000006 0.001455 1000.000000 10.869565
960 0.000007 0.002168 1100.000000 10.858835
970 0.000021 0.006690 100.000000 10.869565
970 0.000021 0.006055 200.000000 10.638298
970 0.000012 0.004425 300.000000 10.791367
970 0.000005 0.004114 400.000000 10.554090
970 0.000013 0.003205 500.000000 10.706638
970 0.000019 0.002853 600.000000 10.869565
970 0.000011 0.001874 700.000000 10.886470
970 0.000009 0.001953 800.000000 10.914052
970 0.000005 0.001016 900.000000 10.869565
970 0.000006 0.001504 1000.000000 10.857763
970 0.000008 0.002262 1100.000000 10.858835
980 0.000123 0.008289 100.000000 10.752688
980 0.000017 0.005725 200.000000 10.638298
980 0.000013 0.004068 300.000000 10.752688
980 0.000008 0.003881 400.000000 10.554090
980 0.000013 0.002807 500.000000 10.799136
980 0.000014 0.002704 600.000000 10.849910
980 0.000012 0.001584 700.000000 10.903427
980 0.000010 0.001935 800.000000 10.884354
980 0.000006 0.000894 900.000000 10.869565
980 0.000006 0.001564 1000.000000 10.869565
980 0.000007 0.002319 1100.000000 10.869565
990 0.000000 0.007417 100.000000 10.869565
990 0.000016 0.005890 200.000000 10.638298
990 0.000014 0.003897 300.000000 10.714286
990 0.000007 0.003988 400.000000 10.582010
990 0.000013 0.002765 500.000000 10.799136
990 0.000014 0.002712 600.000000 10.791367
990 0.000011 0.001688 700.000000 10.920437
990 0.000010 0.002132 800.000000 10.869565
990 0.000007 0.000916 900.000000 10.869565
990 0.000007 0.001666 1000.000000 10.869565
990 0.000008 0.002405 1100.000000 10.858835
1000 0.000018 0.007841 100.000000 10.752688
1000 0.000019 0.005204 200.000000 10.638298
1000 0.000017 0.003435 300.000000 10.752688
1000 0.000008 0.003574 400.000000 10.610080
1000 0.000017 0.002605 500.000000 10.869565
1000 0.000018 0.002469 600.000000 10.791367
1000 0.000012 0.001719 700.000000 10.954617
1000 0.000010 0.001998 800.000000 10.825439
1000 0.000006 0.000953 900.000000 10.856454
1000 0.000007 0.001658 1000.000000 10.869565
1000 0.000008 0.002389 1100.000000 10.858835
1010 0.000025 0.006281 100.000000 10.526316
1010 0.000017 0.004298 200.000000 10.638298
1010 0.000019 0.002957 300.000000 10.869565
1010 0.000010 0.002952 400.000000 10.638298
1010 0.000021 0.002054 500.000000 10.845987
1010 0.000018 0.001809 600.000000 10.791367
1010 0.000012 0.001577 700.000000 10.954617
1010 0.000009 0.001639 800.000000 10.869565
1010 0.000006 0.000893 900.000000 10.856454
1010 0.000007 0.001728 1000.000000 10.869565
1010 0.000007 0.002460 1100.000000 10.858835
1020 0.000013 0.006889 100.000000 10.309278
1020 0.000013 0.005126 200.000000 10.638298
1020 0.000018 0.003890 300.000000 10.676157
1020 0.000008 0.003495 400.000000 10.610080
1020 0.000023 0.002374 500.000000 10.822511
1020 0.000015 0.001953 600.000000 10.771993
1020 0.000011 0.001942 700.000000 10.937500
1020 0.000006 0.001474 800.000000 10.854816
1020 0.000007 0.000995 900.000000 10.856454
1020 0.000007 0.001866 1000.000000 10.834236
1020 0.000008 0.002683 1100.000000 10.858835
1030 0.000017 0.006549 100.000000 10.101010
1030 0.000014 0.005005 200.000000 10.582010
1030 0.000023 0.003382 300.000000 10.600707
1030 0.000011 0.003180 400.000000 10.582010
1030 0.000025 0.002204 500.000000 10.799136
1030 0.000014 0.001763 600.000000 10.791367
1030 0.000011 0.001993 700.000000 10.920437
1030 0.000006 0.001283 800.000000 10.854816
1030 0.000007 0.001039 900.000000 10.856454
1030 0.000007 0.001906 1000.000000 10.834236
1030 0.000009 0.002781 1100.000000 10.858835
1040 0.000018 0.006027 100.000000 10.204082
1040 0.000014 0.004698 200.000000 10.582010
1040 0.000013 0.003223 300.000000 10.344828
1040 0.000010 0.003069 400.000000 10.554090
1040 0.000023 0.002383 500.000000 10.799136
1040 0.000012 0.001803 600.000000 10.791367
1040 0.000012 0.002214 700.000000 10.920437
1040 0.000006 0.001208 800.000000 10.854816
1040 0.000007 0.001180 900.000000 10.856454
1040 0.000008 0.001934 1000.000000 10.834236
1040 0.000009 0.002803 1100.000000 10.858835
1050 0.000000 0.006292 100.000000 10.204082
1050 0.000008 0.004371 200.000000 10.582010
1050 0.000012 0.003594 300.000000 10.344828
1050 0.000014 0.002632 400.000000 10.554090
1050 0.000023 0.002029 500.000000 10.775862
1050 0.000011 0.001406 600.000000 10.830325
1050 0.000011 0.002095 700.000000 10.903427
1050 0.000006 0.000941 800.000000 10.840109
1050 0.000008 0.001261 900.000000 10.830325
1050 0.000008 0.002148 1000.000000 10.834236
1060 0.000026 0.006451 100.000000 10.204082
1060 0.000011 0.004311 200.000000 10.638298
1060 0.000009 0.004046 300.000000 10.380623
1060 0.000017 0.002754 400.000000 10.610080
1060 0.000023 0.002263 500.000000 10.822511
1060 0.000012 0.001614 600.000000 10.849910
1060 0.000011 0.002307 700.000000 10.886470
1060 0.000007 0.000981 800.000000 10.854816
1060 0.000008 0.001301 900.000000 10.843373
1060 0.000009 0.002256 1000.000000 10.834236
1070 0.000018 0.006763 100.000000 10.416667
1070 0.000010 0.004338 200.000000 10.695188
1070 0.000011 0.004372 300.000000 10.452962
1070 0.000015 0.002706 400.000000 10.752688
1070 0.000018 0.002335 500.000000 10.869565
1070 0.000012 0.001798 600.000000 10.889292
1070 0.000012 0.002612 700.000000 10.886470
1070 0.000009 0.000930 800.000000 10.869565
1070 0.000008 0.001432 900.000000 10.869565
1070 0.000009 0.002434 1000.000000 10.869565
1080 0.000025 0.004643 100.000000 10.309278
1080 0.000019 0.002608 200.000000 10.582010
1080 0.000014 0.003005 300.000000 10.452962
1080 0.000020 0.001670 400.000000 10.752688
1080 0.000018 0.001754 500.000000 10.752688
1080 0.000014 0.001471 600.000000 10.909091
1080 0.000013 0.002535 700.000000 10.852714
1080 0.000008 0.000907 800.000000 10.840109
1080 0.000008 0.001474 900.000000 10.856454
1080 0.000008 0.002312 1000.000000 10.845987
1090 0.000019 0.004286 100.000000 10.309278
1090 0.000017 0.002425 200.000000 10.638298
1090 0.000010 0.003071 300.000000 10.489511
1090 0.000021 0.001661 400.000000 10.840109
1090 0.000019 0.001807 500.000000 10.752688
1090 0.000014 0.002122 600.000000 10.948905
1090 0.000013 0.002773 700.000000 10.819165
1090 0.000008 0.000998 800.000000 10.854816
1090 0.000009 0.001432 900.000000 10.856454
1090 0.000009 0.002336 1000.000000 10.845987
1100 0.000037 0.004751 100.000000 10.416667
1100 0.000022 0.003022 200.000000 10.869565
1100 0.000005 0.003717 300.000000 10.563380
1100 0.000018 0.002033 400.000000 10.840109
1100 0.000018 0.002351 500.000000 10.775862
1100 0.000011 0.002800 600.000000 10.968922
1100 0.000014 0.002869 700.000000 10.869565
1100 0.000010 0.001082 800.000000 10.854816
1100 0.000010 0.001617 900.000000 10.869565
1100 0.000010 0.002608 1000.000000 10.857763
1110 0.000022 0.004121 100.000000 10.752688
1110 0.000020 0.002651 200.000000 10.869565
1110 0.000013 0.002958 300.000000 10.638298
1110 0.000027 0.001333 400.000000 10.899182
1110 0.000017 0.001695 500.000000 10.845987
1110 0.000012 0.002600 600.000000 11.009174
1110 0.000010 0.002313 700.000000 10.903427
1110 0.000009 0.001045 800.000000 10.899182
1110 0.000010 0.001716 900.000000 10.882709
1110 0.000010 0.002713 1000.000000 10.893247
1120 0.000015 0.005186 100.000000 10.869565
1120 0.000024 0.003312 200.000000 10.869565
1120 0.000009 0.003633 300.000000 10.676157
1120 0.000026 0.001950 400.000000 10.928962
1120 0.000015 0.002217 500.000000 10.869565
1120 0.000012 0.003034 600.000000 11.029411
1120 0.000009 0.002227 700.000000 10.920437
1120 0.000010 0.001060 800.000000 10.914052
1120 0.000010 0.001846 900.000000 10.882709
1120 0.000011 0.002956 1000.000000 10.905126
1130 0.000017 0.004211 100.000000 10.869565
1130 0.000028 0.002286 200.000000 10.582010
1130 0.000016 0.002597 300.000000 10.676157
1130 0.000028 0.001440 400.000000 10.928962
1130 0.000014 0.001750 500.000000 10.893247
1130 0.000013 0.002882 600.000000 11.029411
1130 0.000008 0.001916 700.000000 10.920437
1130 0.000009 0.001100 800.000000 10.914052
1130 0.000009 0.001947 900.000000 10.882709
1130 0.000010 0.002985 1000.000000 10.917030
1140 0.000015 0.004037 100.000000 10.869565
1140 0.000019 0.002447 200.000000 10.256411
1140 0.000015 0.002429 300.000000 10.638298
1140 0.000027 0.001626 400.000000 10.899182
1140 0.000013 0.001909 500.000000 10.917030
1140 0.000013 0.003167 600.000000 11.009174
1140 0.000009 0.001844 700.000000 10.920437
1140 0.000010 0.001372 800.000000 10.914052
1140 0.000010 0.002146 900.000000 10.882709
1140 0.000010 0.003212 1000.000000 10.905126
1150 0.000016 0.004450 100.000000 10.869565
1150 0.000020 0.004043 200.000000 10.416667
1150 0.000021 0.002584 300.000000 10.638298
1150 0.000028 0.001822 400.000000 10.869565
1150 0.000015 0.002060 500.000000 10.940919
1150 0.000014 0.003155 600.000000 10.989011
1150 0.000009 0.001728 700.000000 10.920437
1150 0.000010 0.001350 800.000000 10.899182
1150 0.000011 0.002219 900.000000 10.895884
1160 0.000024 0.003407 100.000000 10.869565
1160 0.000019 0.003999 200.000000 10.362695
1160 0.000021 0.002322 300.000000 10.752688
1160 0.000024 0.002317 400.000000 10.928962
1160 0.000011 0.002490 500.000000 10.964912
1160 0.000015 0.003642 600.000000 10.948905
1160 0.000011 0.001900 700.000000 10.920437
1160 0.000012 0.001709 800.000000 10.899182
1160 0.000011 0.002669 900.000000 10.882709
1170 0.000019 0.003933 100.000000 10.869565
1170 0.000016 0.004250 200.000000 10.416667
1170 0.000023 0.002276 300.000000 10.830325
1170 0.000019 0.002162 400.000000 10.840109
1170 0.000013 0.002740 500.000000 10.964912
1170 0.000017 0.003870 600.000000 10.948905
1170 0.000013 0.001815 700.000000 10.920437
1170 0.000012 0.001809 800.000000 10.914052
1170 0.000012 0.002836 900.000000 10.909091
1180 0.000029 0.002617 100.000000 10.638298
1180 0.000017 0.003390 200.000000 10.471204
1180 0.000025 0.001626 300.000000 10.909091
1180 0.000020 0.001857 400.000000 10.869565
1180 0.000016 0.002761 500.000000 11.013216
1180 0.000015 0.003633 600.000000 10.869565
1180 0.000012 0.001752 700.000000 10.903427
1180 0.000012 0.001961 800.000000 10.914052
1180 0.000011 0.002908 900.000000 10.882709
1190 0.000026 0.003247 100.000000 10.869565
1190 0.000017 0.003722 200.000000 10.526316
1190 0.000028 0.001684 300.000000 10.948905
1190 0.000023 0.001997 400.000000 10.840109
1190 0.000016 0.003216 500.000000 11.037528
1190 0.000017 0.003631 600.000000 10.889292
1190 0.000012 0.001633 700.000000 10.886470
1190 0.000013 0.002087 800.000000 10.899182
1190 0.000012 0.003188 900.000000 10.882709
1200 0.000017 0.003605 100.000000 10.869565
1200 0.000018 0.003773 200.000000 10.526316
1200 0.000034 0.001662 300.000000 10.909091
1200 0.000021 0.002245 400.000000 10.810811
1200 0.000016 0.003650 500.000000 11.037528
1200 0.000014 0.003337 600.000000 10.909091
1200 0.000012 0.001732 700.000000 10.903427
1200 0.000014 0.002214 800.000000 10.884354
1200 0.000013 0.003341 900.000000 10.882709
1210 0.000035 0.002868 100.000000 10.638298
1210 0.000023 0.002967 200.000000 10.526316
1210 0.000038 0.001016 300.000000 10.909091
1210 0.000021 0.002136 400.000000 10.840109
1210 0.000016 0.003702 500.000000 11.037528
1210 0.000011 0.002955 600.000000 10.909091
1210 0.000011 0.001595 700.000000 10.903427
1210 0.000011 0.002159 800.000000 10.869565
1210 0.000012 0.003303 900.000000 10.895884
1220 0.000049 0.002096 100.000000 10.204082
1220 0.000028 0.002569 200.000000 10.471204
1220 0.000038 0.001418 300.000000 10.909091
1220 0.000019 0.002427 400.000000 10.840109
1220 0.000017 0.003954 500.000000 11.013216
1220 0.000011 0.002836 600.000000 10.909091
1220 0.000011 0.001600 700.000000 10.903427
1220 0.000012 0.002294 800.000000 10.869565
1220 0.000013 0.003430 900.000000 10.895884
1230 0.000051 0.002739 100.000000 9.615385
1230 0.000029 0.002159 200.000000 10.471204
1230 0.000038 0.001490 300.000000 10.869565
1230 0.000020 0.002450 400.000000 10.899182
1230 0.000019 0.004097 500.000000 11.013216
1230 0.000013 0.002637 600.000000 10.909091
1230 0.000012 0.001687 700.000000 10.903427
1230 0.000012 0.002325 800.000000 10.869565
1230 0.000012 0.003479 900.000000 10.895884
1240 0.000042 0.004581 100.000000 9.803922
1240 0.000031 0.002371 200.000000 10.416667
1240 0.000037 0.001725 300.000000 10.830325
1240 0.000020 0.002656 400.000000 10.899182
1240 0.000019 0.004083 500.000000 10.989011
1240 0.000011 0.002362 600.000000 10.889292
1240 0.000012 0.001583 700.000000 10.886470
1240 0.000013 0.002379 800.000000 10.869565
1250 0.000053 0.005813 100.000000 9.803922
1250 0.000040 0.002427 200.000000 10.582010
1250 0.000038 0.002650 300.000000 10.909091
1250 0.000021 0.003284 400.000000 10.928962
1250 0.000023 0.004740 500.000000 10.940919
1250 0.000014 0.002650 600.000000 10.889292
1250 0.000015 0.001911 700.000000 10.869565
1250 0.000014 0.002711 800.000000 10.854816
1260 0.000055 0.006417 100.000000 9.900990
1260 0.000039 0.002704 200.000000 10.752688
1260 0.000029 0.003010 300.000000 10.791367
1260 0.000023 0.004005 400.000000 10.958904
1260 0.000024 0.005322 500.000000 10.940919
1260 0.000016 0.002723 600.000000 10.889292
1260 0.000016 0.002108 700.000000 10.886470
1260 0.000015 0.003046 800.000000 10.884354
1270 0.000052 0.006074 100.000000 10.101010
1270 0.000041 0.002329 200.000000 10.869565
1270 0.000027 0.003047 300.000000 10.830325
1270 0.000023 0.004079 400.000000 11.019283
1270 0.000020 0.005118 500.000000 10.893247
1270 0.000016 0.002572 600.000000 10.909091
1270 0.000015 0.002305 700.000000 10.920437
1270 0.000015 0.003320 800.000000 10.884354
1280 0.000056 0.005902 100.000000 10.000000
1280 0.000048 0.002876 200.000000 10.869565
1280 0.000030 0.003713 300.000000 10.752688
1280 0.000023 0.005030 400.000000 11.019283
1280 0.000023 0.005337 500.000000 10.845987
1280 0.000016 0.002647 600.000000 10.869565
1280 0.000017 0.002667 700.000000 10.869565
1280 0.000016 0.003849 800.000000 10.854816
1290 0.000057 0.006264 100.000000 10.000000
1290 0.000055 0.002850 200.000000 10.810811
1290 0.000029 0.003948 300.000000 10.714286
1290 0.000023 0.005505 400.000000 11.019283
1290 0.000020 0.005003 500.000000 10.869565
1290 0.000017 0.002722 600.000000 10.869565
1290 0.000018 0.002751 700.000000 10.852714
1290 0.000016 0.003958 800.000000 10.854816
1300 0.000071 0.006929 100.000000 10.204082
1300 0.000062 0.004189 200.000000 10.928962
1300 0.000031 0.005058 300.000000 10.830325
1300 0.000026 0.006136 400.000000 11.080333
1300 0.000018 0.005043 500.000000 10.917030
1300 0.000016 0.002527 600.000000 10.909091
1300 0.000015 0.002504 700.000000 10.869565
1300 0.000016 0.003759 800.000000 10.899182
1310 0.000086 0.004797 100.000000 10.309278
1310 0.000080 0.003299 200.000000 10.989011
1310 0.000040 0.003755 300.000000 10.909091
1310 0.000031 0.005034 400.000000 11.111111
1310 0.000015 0.003874 500.000000 10.964912
1310 0.000011 0.001482 600.000000 10.928962
1310 0.000012 0.001352 700.000000 10.886470
1310 0.000013 0.002541 800.000000 10.928962
1320 0.000087 0.005164 100.000000 10.752688
1320 0.000081 0.003208 200.000000 11.299435
1320 0.000042 0.003416 300.000000 11.111111
1320 0.000034 0.004972 400.000000 11.267606
1320 0.000012 0.003643 500.000000 11.061947
1320 0.000011 0.001497 600.000000 11.029411
1320 0.000012 0.001132 700.000000 10.971786
1320 0.000013 0.002167 800.000000 11.004127
1330 0.000075 0.005966 100.000000 11.111111
1330 0.000075 0.004140 200.000000 11.494253
1330 0.000038 0.002868 300.000000 11.235955
1330 0.000029 0.004232 400.000000 11.363636
1330 0.000006 0.002335 500.000000 11.160714
1330 0.000008 0.000576 600.000000 11.111111
1330 0.000009 0.000707 700.000000 11.041010
1330 0.000010 0.001792 800.000000 11.049724
1340 0.000059 0.002685 100.000000 10.989011
1340 0.000057 0.001923 200.000000 11.363636
1340 0.000028 0.003084 300.000000 11.278195
1340 0.000021 0.004736 400.000000 11.299435
1340 0.000009 0.002623 500.000000 11.135858
1340 0.000011 0.001622 600.000000 11.070110
1340 0.000013 0.002175 700.000000 11.023623
1350 0.000040 0.003837 100.000000 11.363636
1350 0.000046 0.002939 200.000000 11.494253
1350 0.000021 0.004438 300.000000 11.320755
1350 0.000017 0.005716 400.000000 11.235955
1350 0.000014 0.003587 500.000000 11.111111
1350 0.000014 0.002895 600.000000 11.049724
1350 0.000015 0.003430 700.000000 11.023623
1360 0.000038 0.005237 100.000000 11.494253
1360 0.000037 0.003398 200.000000 11.173184
1360 0.000024 0.005245 300.000000 11.320755
1360 0.000019 0.006339 400.000000 11.173184
1360 0.000018 0.003750 500.000000 11.086474
1360 0.000016 0.003363 600.000000 11.049724
1360 0.000016 0.004148 700.000000 11.023623
1370 0.000056 0.005142 100.000000 11.764706
1370 0.000040 0.003133 200.000000 11.173184
1370 0.000026 0.005387 300.000000 11.320755
1370 0.000030 0.006063 400.000000 11.019283
1370 0.000018 0.003732 500.000000 11.037528
1370 0.000017 0.003633 600.000000 11.029411
1370 0.000017 0.004460 700.000000 10.989011
1380 0.000069 0.005693 100.000000 11.627907
1380 0.000045 0.003738 200.000000 11.049724
1380 0.000023 0.006098 300.000000 11.363636
1380 0.000026 0.005968 400.000000 11.049724
1380 0.000017 0.003574 500.000000 11.013216
1380 0.000017 0.003810 600.000000 11.009174
1380 0.000016 0.004840 700.000000 10.971786
1390 0.000084 0.004954 100.000000 11.627907
1390 0.000038 0.004023 200.000000 11.049724
1390 0.000017 0.006438 300.000000 11.363636
1390 0.000022 0.005397 400.000000 11.080333
1390 0.000019 0.003733 500.000000 11.013216
1390 0.000018 0.004042 600.000000 10.989011
1390 0.000016 0.005186 700.000000 10.971786
1400 0.000088 0.005076 100.000000 11.627907
1400 0.000037 0.005026 200.000000 11.111111
1400 0.000021 0.007002 300.000000 11.363636
1400 0.000021 0.005446 400.000000 11.080333
1400 0.000019 0.004060 500.000000 11.037528
1400 0.000018 0.004505 600.000000 10.968922
1400 0.000018 0.005783 700.000000 10.989011
1410 0.000083 0.004950 100.000000 11.627907
1410 0.000029 0.005357 200.000000 11.173184
1410 0.000019 0.006984 300.000000 11.363636
1410 0.000021 0.005182 400.000000 11.080333
1410 0.000020 0.003921 500.000000 11.037528
1410 0.000018 0.004613 600.000000 10.968922
1410 0.000019 0.005882 700.000000 11.006289
1420 0.000073 0.004687 100.000000 11.627907
1420 0.000025 0.005809 200.000000 11.299435
1420 0.000021 0.007409 300.000000 11.363636
1420 0.000023 0.005336 400.000000 11.111111
1420 0.000022 0.004495 500.000000 11.037528
1420 0.000020 0.005103 600.000000 10.989011
1420 0.000018 0.006433 700.000000 11.006289
1430 0.000057 0.005496 100.000000 11.494253
1430 0.000028 0.006907 200.000000 11.363636
1430 0.000019 0.007924 300.000000 11.320755
1430 0.000025 0.005800 400.000000 11.111111
1430 0.000024 0.005052 500.000000 11.037528
1430 0.000023 0.005893 600.000000 11.009174
1440 0.000043 0.005255 100.000000 11.111111
1440 0.000030 0.007231 200.000000 11.111111
1440 0.000021 0.008248 300.000000 10.989011
1440 0.000029 0.005696 400.000000 10.958904
1440 0.000024 0.005651 500.000000 10.917030
1440 0.000023 0.006598 600.000000 10.909091
1450 0.000061 0.004975 100.000000 10.638298
1450 0.000021 0.007536 200.000000 11.111111
1450 0.000020 0.008505 300.000000 10.948905
1450 0.000031 0.005566 400.000000 10.899182
1450 0.000025 0.005894 500.000000 10.917030
1450 0.000023 0.007029 600.000000 10.889292
1460 0.000049 0.006854 100.000000 10.309278
1460 0.000023 0.009375 200.000000 11.049724
1460 0.000056 0.009042 300.000000 10.752688
1460 0.000036 0.006948 400.000000 10.810811
1460 0.000031 0.007841 500.000000 10.822511
1460 0.000027 0.009268 600.000000 10.830325
1470 0.000032 0.008271 100.000000 10.416667
1470 0.000018 0.010435 200.000000 11.111111
1470 0.000057 0.009400 300.000000 10.869565
1470 0.000039 0.007705 400.000000 10.840109
1470 0.000033 0.008767 500.000000 10.845987
1470 0.000028 0.010138 600.000000 10.849910
1480 0.000041 0.009748 100.000000 10.416667
1480 0.000025 0.011643 200.000000 11.173184
1480 0.000054 0.009892 300.000000 10.869565
1480 0.000042 0.008769 400.000000 10.840109
1480 0.000035 0.009919 500.000000 10.822511
1480 0.000031 0.011558 600.000000 10.849910
1490 0.000054 0.010433 100.000000 10.526316
1490 0.000033 0.012382 200.000000 11.173184
1490 0.000054 0.010734 300.000000 10.869565
1490 0.000045 0.010055 400.000000 10.869565
1490 0.000037 0.011233 500.000000 10.822511
1490 0.000034 0.012943 600.000000 10.869565
1500 0.000052 0.010894 100.000000 10.638298
1500 0.000028 0.012398 200.000000 11.111111
1500 0.000052 0.010550 300.000000 10.869565
1500 0.000044 0.010047 400.000000 10.869565
1500 0.000035 0.011205 500.000000 10.822511
1500 0.000031 0.012777 600.000000 10.889292
1510 0.000063 0.011188 100.000000 10.869565
1510 0.000038 0.012350 200.000000 11.111111
1510 0.000051 0.010692 300.000000 10.909091
1510 0.000045 0.010411 400.000000 10.869565
1510 0.000037 0.011504 500.000000 10.845987
1520 0.000073 0.013369 100.000000 10.869565
1520 0.000041 0.013229 200.000000 10.989011
1520 0.000053 0.011594 300.000000 10.869565
1520 0.000044 0.011513 400.000000 10.840109
1520 0.000038 0.012645 500.000000 10.822511
1530 0.000032 0.012922 100.000000 10.989011
1530 0.000034 0.012400 200.000000 10.869565
1530 0.000049 0.009748 300.000000 10.830325
1530 0.000038 0.010196 400.000000 10.840109
1530 0.000032 0.011224 500.000000 10.845987
1540 0.000026 0.013624 100.000000 11.363636
1540 0.000035 0.012603 200.000000 11.111111
1540 0.000047 0.009657 300.000000 10.948905
1540 0.000035 0.010196 400.000000 10.958904
1540 0.000030 0.011252 500.000000 10.917030
1550 0.000036 0.013736 100.000000 11.494253
1550 0.000090 0.011625 200.000000 10.810811
1550 0.000051 0.009988 300.000000 10.909091
1550 0.000037 0.011101 400.000000 10.928962
1550 0.000031 0.012241 500.000000 10.893247
1560 0.000048 0.015223 100.000000 11.764706
1560 0.000090 0.012879 200.000000 10.928962
1560 0.000053 0.011213 300.000000 10.948905
1560 0.000042 0.012710 400.000000 10.928962
1560 0.000035 0.014001 500.000000 10.893247
1570 0.000043 0.014213 100.000000 11.764706
1570 0.000076 0.010779 200.000000 10.989011
1570 0.000051 0.010500 300.000000 10.948905
1570 0.000040 0.011905 400.000000 10.899182
1570 0.000033 0.013295 500.000000 10.917030
1580 0.000036 0.013185 100.000000 11.764706
1580 0.000065 0.009793 200.000000 10.989011
1580 0.000047 0.010224 300.000000 10.948905
1580 0.000036 0.011721 400.000000 10.869565
1580 0.000033 0.013172 500.000000 10.917030
1590 0.000032 0.012554 100.000000 11.494253
1590 0.000062 0.009257 200.000000 10.928962
1590 0.000045 0.009874 300.000000 10.869565
1590 0.000035 0.011292 400.000000 10.840109
1590 0.000030 0.012790 500.000000 10.893247
1600 0.000030 0.011764 100.000000 11.235955
1600 0.000054 0.008773 200.000000 10.810811
1600 0.000044 0.009682 300.000000 10.830325
1600 0.000033 0.010964 400.000000 10.810811
1600 0.000026 0.012338 500.000000 10.869565
1610 0.000048 0.010828 100.000000 10.989011
1610 0.000055 0.008918 200.000000 10.752688
1610 0.000040 0.010210 300.000000 10.752688
1610 0.000033 0.011611 400.000000 10.781672
1620 0.000069 0.011606 100.000000 10.638298
1620 0.000068 0.009613 200.000000 10.695188
1620 0.000045 0.011770 300.000000 10.752688
1620 0.000036 0.013095 400.000000 10.781672
1630 0.000070 0.011340 100.000000 10.309278
1630 0.000067 0.009909 200.000000 10.582010
1630 0.000043 0.012176 300.000000 10.714286
1630 0.000035 0.013319 400.000000 10.723861
1640 0.000153 0.008937 100.000000 10.000000
1640 0.000066 0.010725 200.000000 10.471204
1640 0.000046 0.013188 300.000000 10.600707
1640 0.000035 0.014358 400.000000 10.666667
1650 0.000142 0.006896 100.000000 10.204082
1650 0.000065 0.011424 200.000000 10.471204
1650 0.000044 0.013428 300.000000 10.600707
1650 0.000035 0.014507 400.000000 10.666667
1660 0.000115 0.007484 100.000000 10.204082
1660 0.000061 0.012008 200.000000 10.471204
1660 0.000041 0.013601 300.000000 10.563380
1660 0.000035 0.014714 400.000000 10.666667
1670 0.000115 0.009938 100.000000 10.204082
1670 0.000063 0.013005 200.000000 10.526316
1670 0.000043 0.014329 300.000000 10.563380
1670 0.000035 0.015330 400.000000 10.695188
1680 0.000112 0.012967 100.000000 10.204082
1680 0.000066 0.014530 200.000000 10.526316
1680 0.000045 0.015244 300.000000 10.600707
1680 0.000034 0.016009 400.000000 10.723861
1690 0.000102 0.014033 100.000000 10.309278
1690 0.000063 0.014393 200.000000 10.526316
1690 0.000040 0.014735 300.000000 10.638298
1700 0.000103 0.014938 100.000000 10.416667
1700 0.000056 0.014675 200.000000 10.582010
1700 0.000041 0.014747 300.000000 10.676157
1710 0.000119 0.016125 100.000000 10.638298
1710 0.000056 0.015455 200.000000 10.752688
1710 0.000039 0.015172 300.000000 10.752688
1720 0.000125 0.018489 100.000000 10.638298
1720 0.000064 0.017425 200.000000 10.752688
1720 0.000044 0.016752 300.000000 10.752688
1730 0.000057 0.012385 100.000000 10.869565
1730 0.000022 0.010923 200.000000 10.928962
1730 0.000020 0.009941 300.000000 10.869565
1740 0.000021 0.009080 100.000000 10.752688
1740 0.000021 0.007979 200.000000 10.869565
1740 0.000015 0.007194 300.000000 10.830325
1750 0.000024 0.009669 100.000000 10.638298
1750 0.000019 0.008332 200.000000 10.752688
1750 0.000017 0.007924 300.000000 10.791367
1760 0.000012 0.009851 100.000000 10.638298
1760 0.000014 0.008978 200.000000 10.638298
1760 0.000018 0.008733 300.000000 10.791367
1770 0.000021 0.008490 100.000000 10.638298
1770 0.000016 0.008189 200.000000 10.638298
1770 0.000018 0.008292 300.000000 10.830325
1780 0.000023 0.008322 100.000000 10.638298
1780 0.000014 0.007696 200.000000 10.695188
1780 0.000013 0.007787 300.000000 10.830325
1790 0.000022 0.007431 100.000000 10.638298
1790 0.000022 0.007524 200.000000 10.695188
1800 0.000023 0.007168 100.000000 10.638298
1800 0.000020 0.006805 200.000000 10.695188
1810 0.000028 0.007531 100.000000 10.752688
1810 0.000015 0.006929 200.000000 10.752688
1820 0.000030 0.008052 100.000000 10.752688
1820 0.000013 0.006944 200.000000 10.752688
1830 0.000023 0.008362 100.000000 10.752688
1830 0.000018 0.007702 200.000000 10.752688
1840 0.000035 0.007973 100.000000 10.638298
1840 0.000021 0.007413 200.000000 10.752688
1850 0.000020 0.008033 100.000000 10.526316
1850 0.000021 0.007737 200.000000 10.810811
1860 0.000023 0.007677 100.000000 10.526316
1860 0.000019 0.007516 200.000000 10.810811
1870 0.000018 0.006445 100.000000 10.526316
1870 0.000018 0.006793 200.000000 10.810811
1880 0.000034 0.005815 100.000000 10.638298
1890 0.000032 0.006661 100.000000 10.638298
1900 0.000019 0.006473 100.000000 10.638298
1910 0.000014 0.006077 100.000000 10.526316
1920 0.000019 0.006706 100.000000 10.638298
1930 0.000026 0.006826 100.000000 10.638298
1940 0.000018 0.007617 100.000000 10.869565
1950 0.000023 0.007503 100.000000 10.989011
1960 0.000014 0.007384 100.000000 10.989011
