0 1 0 0 0 0 1 0 0 0 0 1 0
1 0.999999831466333 -0.000573297925948803 -9.16340180594677e-05 -0.00653145794763905 0.000573449873012101 0.999998446364662 0.00166686037390894 -0.0204201924980287 9.06782680984108e-05 -0.00166691264050287 0.99999860658888 1.3176632831962
2 0.999998508048551 -0.00169757480705905 -0.000319594190712007 -0.0117002844854511 0.00169812307003624 0.999997073623928 0.00172311393110426 -0.0418626226286176 0.000316668140660079 -0.00172365407057024 0.999998464367788 2.66984288764386
3 0.999995218019858 -0.00302703549324733 -0.000633240506516257 -0.016072663011099 0.00302737720856224 0.999995272023057 0.000539368861785574 -0.0622449472857813 0.000631604823881166 -0.000541283340411353 0.999999654043786 4.011874475988
4 0.999994269037182 -0.00329947124351717 -0.000758539586459062 -0.0231724155536535 0.0032999848584652 0.999994325964971 0.000676858771884191 -0.0825005843461812 0.000756302006425124 -0.000679358061981598 0.999999483239816 5.32732706757047
5 0.99999259115123 -0.00377580444824589 -0.000748961559334611 -0.0302130326826527 0.00377695933272062 0.999991671257673 0.00154660708832681 -0.103045320460776 0.000743115635502978 -0.00154942442710016 0.999998523530458 6.65531153381262
6 0.999986087052403 -0.00521929069620651 -0.000764660874113534 -0.033403288141314 0.0052213869766826 0.999982544147103 0.00276559561880437 -0.12374585763374 0.000750213078823104 -0.00276954973154713 0.999995883378837 7.98928461849001
7 0.999988134063652 -0.00477699084165927 -0.000955034237188241 -0.0412944638748044 0.00478017834108118 0.999982917805962 0.00336362769979039 -0.144930264507354 0.000938949904391438 -0.00336815302117381 0.999993886940467 9.33198475101897
8 0.999991514996248 -0.00390505940589982 -0.00131165793766648 -0.0503791767577737 0.00390705326919177 0.999991210704856 0.00152100223136074 -0.164516862012141 0.00130570680504777 -0.00152611404308452 0.999997983050799 10.6733438696793
9 0.999998534858626 -0.0010738093165412 -0.00133312195733294 -0.0624855471996484 0.00107287681898563 0.999999179465751 -0.000700002253608264 -0.185645909980303 0.00133387253240224 0.000698570952361097 0.999998866390703 12.0130550370239
10 0.999996431674765 0.00242265322351684 -0.00112578376982362 -0.0763542730931053 -0.00242440792875822 0.999995844454512 -0.00155991022266291 -0.209258202424234 0.00112199997004863 0.00156263401549353 0.999998149643789 13.3574140917135
11 0.999988213199617 0.00473405183502224 -0.0010780607875705 -0.0893239422222234 -0.00473582642166234 0.999987425418069 -0.00164953140173497 -0.234945090304681 0.00107023826424749 0.00165461746779954 0.999998058413662 14.7117463702721
12 0.999982835512957 0.00579727594856043 -0.000848687836376456 -0.102445555068199 -0.00579789689249942 0.999982924848368 -0.000731028951020028 -0.259108579131719 0.000844435368347512 0.000735937007852299 0.999999372662618 16.0698587779094
13 0.999994452676288 0.00330348316600968 -0.000426163845418261 -0.109076018158461 -0.003302602342463 0.999992442521037 0.00205127242920769 -0.28090330465974 0.000432936968632752 -0.00204985360042135 0.999997805330491 17.417304471522
14 0.999999663851085 -0.000752331543223876 -0.000326029086834207 -0.11360126356013 0.000753556000471479 0.999992602198175 0.00377196265577126 -0.30124943175315 0.000323188908449835 -0.00377220706900482 0.999992832975696 18.7770537416926
15 0.999995118720062 -0.0030533376916904 -0.000663072386283166 -0.118069100288391 0.00305422010389361 0.999994446231934 0.00133388337012764 -0.320295356094365 0.000658995907362592 -0.00133590202808203 0.999998890544467 20.1456687499865
16 0.99999133459454 -0.00411866141609718 -0.000606105577376936 -0.127507856806019 0.0041182830408279 0.99999132502045 -0.000624202403329393 -0.340376580378152 0.000608671197777875 0.000621700880042216 0.999999621503623 21.5163285809472
17 0.999998299659449 -0.00184351314352885 -4.6233114633975e-05 -0.137980791636753 0.00184341194133587 0.999996093819355 -0.00210099463262776 -0.366962022956148 5.01061452588103e-05 0.00210090583354579 0.999997791839588 22.8826289378617
18 0.999999257038747 0.000931862683174939 0.000785845973628088 -0.151873367878405 -0.000931811061641545 0.999999563682498 -6.60526956331681e-05 -0.389479460773428 -0.00078590718279192 6.53203865876014e-05 0.999999689041525 24.262719715565
19 0.999998374637763 0.00134702454699137 0.00119843510575312 -0.158836575191323 -0.00135127261543341 0.999992782348533 0.00355095947025282 -0.410942844177801 -0.00119364322629442 -0.00355257311119717 0.999992977195409 25.6403880536164
20 0.999998110764595 -0.00100667448743376 0.00166285108077797 -0.161015076337785 0.000997516634366806 0.999984382863969 0.00549899888449744 -0.426358796158208 -0.00166836081368989 -0.0054973297739805 0.999983497832615 27.0303540731192
21 0.99998707696128 -0.00493058478097474 0.00123904969728994 -0.161715581568928 0.00492611012773213 0.99998142670354 0.00358882807638745 -0.443422248263988 -0.00125672170514755 -0.00358267800256067 0.999992792508469 28.3919349137261
22 0.999984565885405 -0.00543624706040438 0.00114682556489714 -0.161893334750081 0.0054346743803652 0.999984293554831 0.0013700211767739 -0.462866267595651 -0.00115425532593922 -0.00136376740819377 0.999998403915276 29.7698555035631
23 0.999982213411998 -0.00565619989998179 0.00189215811511793 -0.16587060010426 0.00565840329597464 0.999983316940382 -0.0011611688300568 -0.485243887528416 -0.00188555874511086 0.00117185477054031 0.999997535709271 31.1769665631377
24 0.999994584023512 -0.00220658378011091 0.0024419073824086 -0.176608984865791 0.00221127537778065 0.999995711432026 -0.00192025486822125 -0.511517801241412 -0.00243765970687691 0.00192564419783557 0.999995174843147 32.5666473520842
25 0.999994970591539 -0.00136508882102513 0.00286274765524549 -0.183330654138949 0.00137692177631237 0.999990500666732 -0.00413553656996792 -0.536806580999048 -0.00285707508631084 0.0041394575502519 0.999987350926571 33.9356362263336
26 0.999995314881288 -0.000280398715064456 0.00304821128441318 -0.190882659658746 0.000291514430810624 0.999993307900778 -0.00364680312001945 -0.56420339975787 -0.00304716832657187 0.00364767463189148 0.999988704553691 35.3255292001796
27 0.999995515777844 -0.000279974270351913 0.00298161677808869 -0.198791833664251 0.000286887007539931 0.999997271639303 -0.00231827733347034 -0.59258128575534 -0.00298095958515775 0.00231912232491486 0.999992867750362 36.728955176074
28 0.999996130030653 0.000916340360889542 0.00262683156286551 -0.208252803070972 -0.000914599053832014 0.999999361294681 -0.000664017168449634 -0.620553544287612 -0.002627438350826 0.000661612101061574 0.999996329411834 38.1376231796173
29 0.999989098252204 0.00378423849299444 0.00273549187038128 -0.220607742493621 -0.00378338654379273 0.999992792865062 -0.000316550460100877 -0.645856215430867 -0.00273667005775834 0.000306197586014541 0.999996208432829 39.5474780528805
30 0.999976465569036 0.00621458949043261 0.00290640422580958 -0.226808688816629 -0.00621246277855399 0.999980428521328 -0.000740189520171622 -0.670161927157909 -0.00291094731719425 0.000722116172160185 0.999995502456861 40.9671322316271
31 0.999959064262737 0.00859936788387154 0.00281436863072242 -0.235991325252839 -0.00859849411177738 0.999962980286612 -0.000322421038129146 -0.694361120912646 -0.00281703706072271 0.000298208507486603 0.999995987678893 42.3937067045099
32 0.999954606202629 0.00919713686961286 0.00248961996012281 -0.242195851595829 -0.00919662174514416 0.999957686356337 -0.000218278166617429 -0.71980934621999 -0.00249152214940499 0.000195372165080153 0.999996877068672 43.819225994622
33 0.999963827827794 0.00825120529713779 0.00206413350574295 -0.248005900859076 -0.00825047078557465 0.999965897997317 -0.000364107450368029 -0.74427070109856 -0.00206706743997981 0.000347064206623975 0.999997803386905 45.2367707716072
34 0.999971988820704 0.00734779346852532 0.00142530877693671 -0.255821593544862 -0.00734673393492741 0.999972733233502 -0.000747188067495313 -0.767969827269184 -0.0014307600969772 0.000736695773517115 0.999998705101603 46.6618226742189
35 0.999977213853456 0.00672173049774671 0.000624590262266969 -0.265184554906901 -0.00672141354904301 0.999977281922715 -0.000508171587114913 -0.793577837060571 -0.000627991865232318 0.000503961878391258 0.999999675824269 48.0866922013948
36 0.999975829713459 0.00694517969220492 -0.000323214978820906 -0.274670474396507 -0.00694498286695494 0.99997569960216 0.000606150268857475 -0.816403857647312 0.000327416947106026 -0.000603890895541535 0.999999764056937 49.5115698946512
37 0.999972562686875 0.00728736471056006 -0.00132973268724103 -0.28697131424033 -0.00728700321812686 0.999973411213493 0.000276496202041395 -0.840007273799888 0.00133171225992786 -0.000266798849357348 0.99999907767999 50.936873513717
38 0.999968943761156 0.00743795583015581 -0.00260544166445328 -0.295420480331817 -0.00743608328956185 0.999972087202037 0.00072765521492252 -0.863188631946533 0.00261078120663467 -0.0007082583354654 0.999996341089117 52.3708957907153
39 0.999965348777733 0.00753090657747031 -0.00354777253333842 -0.309501479871152 -0.00752514013169263 0.999970347567326 0.00163592545073542 -0.887704958693228 0.00355998733498942 -0.00160917127845028 0.999992368499866 53.831550669558
40 0.999974596259843 0.00579519083780473 -0.00415001182133491 -0.323609408515211 -0.00578440438409988 0.999979873362734 0.00260644113139673 -0.90982838421721 0.00416503311931628 -0.00258236957147009 0.999987991861158 55.2683887754475
41 0.999979627009931 0.00428848854044335 -0.0047280472836951 -0.334911245552122 -0.00427494649948361 0.999986742188995 0.00287058855747008 -0.932373623111044 0.00474029508627083 -0.00285031792581309 0.999984702528102 56.7134691189995
42 0.999984333910142 0.00178885415391478 -0.00530395466654331 -0.346605027902861 -0.00177640824496652 0.999995660182368 0.00235031703745253 -0.955439877311621 0.0053081360227428 -0.00234085822837405 0.999983171895767 58.152684830276
43 0.999985643758385 0.000902587036071106 -0.00528181917246383 -0.364115775358727 -0.00088846634172378 0.999996026988379 0.00267518878148565 -0.977357376256217 0.00528421277844809 -0.00267045765727133 0.999982472722004 59.5718083399968
44 0.999988312082324 -0.000395467714099798 -0.00481864130554989 -0.374307702561382 0.000411575601516792 0.999994329819734 0.00334229470658561 -0.998428427766173 0.00481729221333759 -0.00334423887731406 0.999982804733193 61.0075351941689
45 0.99998936070232 -0.00150082661309716 -0.00436188051673957 -0.38888511521584 0.00151805951477371 0.99999104576814 0.00395017453431607 -1.02176810047966 0.0043559129323826 -0.00395675410145406 0.999982684909847 62.4192822877204
46 0.999988228160652 -0.00301834176173964 -0.00379909898905845 -0.403439898217552 0.003031492954892 0.999989416830193 0.00346067595647748 -1.04502316540293 0.00378861327978545 -0.00347215215977635 0.999986795197214 63.8416526256061
47 0.999983283319348 -0.00461739466504428 -0.00348033739218562 -0.414257502500885 0.00462638297862124 0.999985972604212 0.00257898727082191 -1.06929269539191 0.00346838037005003 -0.00259504553238636 0.999990617994136 65.2612198034599
48 0.999987774906744 -0.00392123115793217 -0.0030123053074926 -0.426296015747379 0.00392776866094583 0.999989937402195 0.00216742420872699 -1.0948494308808 0.0030037760245361 -0.00217922935014789 0.999993114120809 66.6901172544247
49 0.999993953548861 -0.0025706575920738 -0.0023419191409865 -0.438606591581091 0.0025751560081062 0.99999484138254 0.00191983849393722 -1.11976441220808 0.00233697181252153 -0.00192585769287398 0.999995414806935 68.1199338754831
50 0.999998291458836 0.000584645035384507 -0.00175364465957059 -0.454155682610603 -0.000578952128555267 0.99999456711578 0.00324508140970265 -1.14287233047123 0.00175553235295779 -0.00324406058903909 0.999993197065386 69.5487321837231
51 0.999992308911609 0.00377748442768939 -0.0010548597194786 -0.468484892350175 -0.00377259716852394 0.999982316156881 0.00459726920289742 -1.16604720914119 0.00107220717832864 -0.00459325428410273 0.999988876131554 70.9842270480021
52 0.999969934522228 0.00775052985657796 -0.000243595060198391 -0.483738529759039 -0.00774918100133482 0.999956861046576 0.00512115608901628 -1.1874003886609 0.000283276224930551 -0.00511911445679921 0.999986857124512 72.3969070857644
53 0.99992571908863 0.0121759381890498 0.000550303827275798 -0.50232101416657 -0.012178425208334 0.999914473139094 0.00476784714662462 -1.20639950937456 -0.000492203749364768 -0.00477419482059564 0.999988482333314 73.7896118491295
54 0.999878941507759 0.0154985632143746 0.00137726817060523 -0.518097414604805 -0.0155041177707449 0.999871322811472 0.00411827043641344 -1.22904776524842 -0.00131326367291654 -0.00413912521272273 0.999990571446051 75.1832628249396
55 0.999847052305855 0.01736757947519 0.00205892653242845 -0.530371513180249 -0.0173758551635277 0.999840736220211 0.004072082018277 -1.25325192193327 -0.00198787641192467 -0.00410723481194176 0.999989589430595 76.6039739552288
56 0.999840672077204 0.0176757745634074 0.00248946857575853 -0.541147884083111 -0.0176867220859735 0.999833690858486 0.0044464014834526 -1.27786582117078 -0.00241046096413696 -0.00448972358638153 0.999987015945736 78.0191115919425
57 0.999856806622678 0.0166947581031066 0.0027660987290253 -0.552496347097114 -0.0167061845172835 0.999851785457451 0.00416059087413494 -1.30058455787331 -0.00269622869475785 -0.00420620606083614 0.999987519012812 79.4030212123115
58 0.999877586148155 0.0154017558768531 0.00275656207048968 -0.562733705125783 -0.0154109139308618 0.99987569151808 0.00333245300889043 -1.32237827850828 -0.00270489377872936 -0.00337452621129491 0.999990648017518 80.7603391224507
59 0.999884055279212 0.0150268821434377 0.00246349577733803 -0.566486258327505 -0.0150348423863909 0.999881703944937 0.00324524738447427 -1.34706530407195 -0.00241443840553311 -0.00328190938590421 0.999991699744537 82.160293864804
60 0.999886527077034 0.0149119475291773 0.00213700508085511 -0.572555674449747 -0.0149193034641351 0.999882684748437 0.00346859112649964 -1.37226074697862 -0.00208503092868793 -0.00350008016263162 0.999991701008004 83.5725220958859
61 0.999891806822862 0.0146064786626532 0.00173937620713296 -0.581802441844199 -0.0146117621286846 0.999888546052537 0.00306461750294885 -1.39664820922 -0.00169441907662253 -0.00308970128363541 0.999993791325712 84.9388386722365
62 0.999891820951047 0.0146699594919148 0.00106709123508956 -0.591130992654302 -0.0146735859873621 0.999886302173194 0.0034739891606066 -1.42146371536089 -0.00101600662887368 -0.00348927140275758 0.999993396336 86.3139764017635
63 0.999902523992087 0.0139621788785537 -8.67281894806855e-06 -0.602157684551127 -0.0139620086787946 0.999893040562836 0.00435542737963 -1.44302694285452 6.94831474751798e-05 -0.00435488173998286 0.999990515043579 87.7378018064988
64 0.999931884282746 0.011614392791953 -0.00115441536325922 -0.611045269997794 -0.0116079709085848 0.999917924746545 0.00542206436228276 -1.46406134889408 0.00121729459957249 -0.00540829461452659 0.999984634153556 89.1488552446355
65 0.999951846278765 0.00955846334135304 -0.00222281403639441 -0.622390075097043 -0.00954517432800049 0.999936954321343 0.00591413811175925 -1.48503840039141 0.00227920396991191 -0.00589263617652516 0.999980040834893 90.499059365944
66 0.999965840504684 0.00769692815377645 -0.00301249410905784 -0.630738154642428 -0.0076790500724028 0.999953098861358 0.00590188677903659 -1.506673848969 0.00305777921816394 -0.00587855208045653 0.999978046064858 91.8703492510728
67 0.99997538481743 0.00612404448557009 -0.00342430115072813 -0.645724515269546 -0.00610536192661626 0.999966565096133 0.00543996742508886 -1.52522412620577 0.00345750126205964 -0.0054189269214266 0.999979340244609 93.2604563189638
68 0.999980238843043 0.0050080935682711 -0.00380012134317107 -0.655459210886298 -0.00498865612456492 0.999974514033997 0.00510730775882116 -1.54782342360396 0.00382560236854585 -0.00508824933389821 0.999979737037323 94.6583504717806
69 0.999976694545802 0.00550263758245163 -0.00404120587059761 -0.665807147090702 -0.00548412022267475 0.999974478208904 0.00457901258070472 -1.5709914776753 0.0040662993785027 -0.00455674340589781 0.999981350475546 95.9988573623966
70 0.999978311049528 0.0052899926424899 -0.00392344343344338 -0.681627029059405 -0.00527413239864325 0.999977923368782 0.00404181920685819 -1.5935553023138 0.00394473801089615 -0.00402103878391503 0.999984135018713 97.3180724379101
71 0.999972345525594 0.00643502780861076 -0.00372808277067339 -0.697305645937057 -0.00642298750658784 0.999974147288772 0.00323264374537502 -1.61688749371076 0.0037487885420229 -0.00320860891925174 0.999987825632528 98.6924830951156
72 0.999966842368635 0.00739720294254589 -0.00340522421114693 -0.716658540418787 -0.00738480981676412 0.999966115125747 0.00363774439618162 -1.63747631104455 0.00343201795910439 -0.00361247684401117 0.999987585554831 100.031221706237
73 0.999962462614796 0.00802713635532286 -0.00326166265653483 -0.731295869309629 -0.00801074070131157 0.99995536734193 0.00500912741720899 -1.65954174375309 0.00330172602865987 -0.00498281105386694 0.999982134940036 101.36808234838
74 0.999950296798431 0.00944482323242689 -0.00319362597034973 -0.742275121564902 -0.00942440962432726 0.999935441308517 0.00634773332566315 -1.68375966952817 0.00325337301322347 -0.00631731978366269 0.999974753198693 102.696953209205
75 0.999956907469573 0.00874787265992156 -0.00310772067832115 -0.756060625351518 -0.00873280609343621 0.999950207990036 0.00482904114893273 -1.70483983762159 0.00314980977570255 -0.00480169393125374 0.999983511080942 104.073209296992
76 0.999959462041881 0.00849475109937233 -0.00298554461877883 -0.774571588292531 -0.00848733204664365 0.999960884426727 0.00248893777501016 -1.72416891743908 0.00300657074439007 -0.00246349757003523 0.999992445827508 105.412122154458
77 0.999965069510061 0.00779845888505158 -0.00300729093310184 -0.78956729567299 -0.00779435490589329 0.999968679600473 0.00137399042455521 -1.7463376512144 0.00301791175138267 -0.00135050253755864 0.999994534160841 106.747165217173
78 0.999980759289156 0.00544322358394722 -0.00297529301055397 -0.799031454793318 -0.00543538756626264 0.999981755269894 0.00263546757648991 -1.76825372920057 0.00298958416640309 -0.00261924499758478 0.99999210093988 108.114460748314
79 0.999991846516403 0.0032628601149916 -0.00237921091639952 -0.814139575244964 -0.00325206791076856 0.999984470064507 0.00452589042193815 -1.79178210895062 0.00239394131475003 -0.00451811616469066 0.99998692775021 109.440074698366
80 0.999997661249453 0.00152198599595542 -0.00153657224092972 -0.819214058740645 -0.00151407450085358 0.999985659840058 0.00513689523443107 -1.81314786670701 0.00154436848884751 -0.00513455673566582 0.999985625523237 110.772690462566
81 0.999999334555042 0.000860609759904462 -0.000768270990014986 -0.832569323686111 -0.000857804776107891 0.999992992954755 0.00364392814943292 -1.83459697227308 0.000771401606835191 -0.00364326669807472 0.999993065749622 112.059206950668
82 0.999995184479188 0.00310335642569041 -1.40473905427502e-05 -0.847800393464763 -0.00310333511556856 0.999994308755349 0.00132354375531783 -1.85831451983916 1.81547386133619e-05 -0.00132349378800498 0.999999124016916 113.415326035682
83 0.999986242512559 0.00507700293711119 0.00131864581711434 -0.8606413514713 -0.00507602956720462 0.99998684273521 -0.000740459519106689 -1.88175589098094 -0.00132238778249547 0.000733755847087811 0.999998856445801 114.786354663724
84 0.999963039854431 0.00811286167073623 0.00284612027105244 -0.87069787371807 -0.00811130302109361 0.99996694673102 -0.000558756423683355 -1.90623171990325 -0.00285055931104655 0.000535650028011615 0.999995793686484 116.163953465217
85 0.999948255829412 0.00926207696144372 0.00420708855110487 -0.879709897618945 -0.0092679758920898 0.999956092490441 0.00138481555176892 -1.92939241373243 -0.00419407756010621 -0.0014237350909043 0.9999901912978 117.518665268352
86 0.999942198433776 0.00942739533345324 0.00516952692743059 -0.883603085357868 -0.00944621959351923 0.999948797814202 0.00362914388287499 -1.95277502042112 -0.00513504886224652 -0.00367776659922563 0.99998005245406 118.841426368841
87 0.999945389273349 0.00857759372539222 0.00597020576301858 -0.88117348136462 -0.0086028353261035 0.99995411074376 0.0042151667828816 -1.9740875093504 -0.00593377580656819 -0.00426629728660284 0.999973294149469 120.180992916394
88 0.999934201608381 0.00909567856448556 0.00699007047612852 -0.881347959817323 -0.00912075156863018 0.99995205560949 0.0035634776803978 -1.99319126444344 -0.0069573230939073 -0.00362699790555784 0.99996921979707 121.52496707932
89 0.999905688118766 0.011048978009012 0.00815689602070603 -0.885900824705102 -0.0110734912697533 0.999934287576507 0.0029661962109712 -2.01006622148152 -0.00812358657459489 -0.00305624178030001 0.999962332654258 122.840742866683
90 0.999871630461548 0.0130003288523275 0.00936557781972057 -0.886700486873198 -0.0130256584818863 0.999911654559041 0.00264864080508452 -2.03055022876178 -0.00933031721214045 -0.00277029361845206 0.999952634205235 124.184016952729
91 0.999848602286416 0.0138833291277149 0.0104893125719776 -0.887018933826316 -0.0139008185853287 0.999902104753743 0.00159629310995782 -2.05195327947612 -0.0104661238555105 -0.00174186146597863 0.99994371150084 125.547791915926
92 0.999821765824587 0.0150015133485943 0.0114625992103385 -0.885670788042494 -0.0150119915188989 0.999886970362131 0.000828619741636705 -2.07412240547934 -0.0114488730467856 -0.00100054849541046 0.999933958923622 126.86967187892
93 0.99982290870041 0.0140194318641131 0.0125541534186756 -0.879980905021459 -0.0140295452916409 0.999901323388989 0.000717874542670608 -2.09717170014103 -0.0125428504241241 -0.000893876477320421 0.999920935818468 128.198460351451
94 0.99981466736542 0.0136914299513231 0.0135342405350996 -0.871068798698385 -0.0137160283443156 0.999904440591323 0.00172634069957293 -2.12024592890699 -0.0135093111383169 -0.00191165677910111 0.999906917708307 129.557133220227
95 0.99981896234219 0.0123764694968994 0.0144521812809884 -0.863257967777356 -0.0124158377681304 0.999919442050767 0.00263749528891367 -2.14304474287127 -0.014418374162911 -0.00281645374112444 0.999892083214395 130.928141330419
96 0.999821535112197 0.0116222349829343 0.014893675835438 -0.855123757468994 -0.0116675396638724 0.999927554982252 0.00295859855468647 -2.16455449506525 -0.014858211335205 -0.00313184310227818 0.999884705910987 132.303101682658
97 0.9998473711462 0.00926473493970298 0.0148121267389382 -0.844926198115907 -0.00931215966198584 0.999951723457979 0.00313599040918053 -2.18282803430946 -0.0147823575407648 -0.00327344465568541 0.999885376663557 133.664379699854
98 0.999861504982912 0.00775665241209326 0.0147243063219844 -0.835036342931313 -0.00781378577497243 0.999962150030676 0.00382665100198832 -2.20165410409652 -0.014694067005717 -0.00394117360517747 0.999884269075899 134.989817783192
99 0.999880466121899 0.00614101373478921 0.014189482660165 -0.823566310635926 -0.00618995138278132 0.999975036320151 0.00340752672644177 -2.22022943545453 -0.014168202770034 -0.00349495161937066 0.999893518002515 136.322713792712
100 0.999906877027356 0.00459604365876727 0.0128496558742289 -0.813249971876252 -0.00463989390863398 0.99998350700048 0.00338483552592868 -2.23832014113897 -0.0128338870930058 -0.00344414136000147 0.99991171071869 137.678316073805
101 0.999925666989665 0.00317772422657394 0.0117712600860191 -0.805122753051605 -0.00322766302631888 0.999985862010856 0.00422586911706667 -2.25630344758091 -0.0117576650174002 -0.00426354865644674 0.999921786674434 139.008733539341
102 0.999939428052422 0.00175960140875051 0.0108648069047459 -0.799977567306609 -0.00180729378500294 0.999988768608733 0.00438136343676116 -2.27535479897991 -0.010856975424573 -0.00440073394703895 0.999931377458152 140.331877715663
103 0.999952155670416 0.00133319204112303 0.0096906640159689 -0.793092557651934 -0.00137709143107104 0.999988814793099 0.00452481025946952 -2.29555521564096 -0.00968452318286135 -0.00453793870333394 0.999942806925999 141.656137269739
104 0.999963265488059 0.000835098751882909 0.00853055007202087 -0.78546097507724 -0.000868963416176847 0.999991754367059 0.00396687540416859 -2.31523932576867 -0.0085271669995373 -0.00397414241886914 0.999955745828282 142.983688993711
105 0.999971196836822 0.000579576310211877 0.00756766727826644 -0.78022311677297 -0.000606689488410122 0.999993404298997 0.00358096165403437 -2.33391437833016 -0.00756554192365332 -0.00358544973520102 0.999964952948651 144.311212309294
106 0.999975151133828 -0.00189589112001076 0.00678989777087708 -0.780336800707722 0.00188747861364266 0.999997443487708 0.00124516767231485 -2.3559725760102 -0.00679224111475283 -0.00123232094447865 0.999976173139005 145.718963317695
107 0.999958361493317 -0.00718249037733892 0.00562913062386599 -0.77311997678974 0.00717764614149818 0.999973852895604 0.000880295966281792 -2.37871793442283 -0.00563530615570694 -0.000839855404369935 0.99998376885199 147.03692206615
108 0.999879752501769 -0.0148120763457344 0.00459161532897273 -0.766053620129802 0.0147974777018239 0.999885399562655 0.00319724805004042 -2.39955652842198 -0.00463844701006136 -0.00312891926351535 0.999984347214284 148.344987071763
109 0.999762456238333 -0.0216075643774217 0.00285381463494853 -0.756331981283815 0.0215942110968642 0.999756097557463 0.00462984273784073 -2.41549503588856 -0.00295315820760375 -0.00456711707192245 0.999985210039755 149.648849526006
110 0.999688931971363 -0.0248670308272338 0.00191574314382525 -0.755158908589558 0.0248645915592319 0.999690000138036 0.00128674418862616 -2.43592362766164 -0.00194714677112043 -0.00123870975284443 0.999997337105254 151.019729566224
111 0.999695481434351 -0.0245940721219672 0.00201891460939305 -0.757806120616437 0.024597701032834 0.999695823324457 -0.00179274413552623 -2.45892176487359 -0.00197420962409359 0.00184185886962618 0.999996355019489 152.350631318044
112 0.999770648887443 -0.0212120102883327 0.00294961738341268 -0.764166674271219 0.0212231680833664 0.99976752484349 -0.00380439283297167 -2.49070546811226 -0.00286823285073597 0.00386612051675261 0.999988413109104 153.680956613863
113 0.999765507768701 -0.0213454639284129 0.00364700502782406 -0.765193431584339 0.0213592761690995 0.999764676136433 -0.00379126250018154 -2.52004326361505 -0.0035652205435697 0.00386827086615782 0.999986162745756 155.024901984221
114 0.999688787587221 -0.0245681423720689 0.00432831985629303 -0.761413521674131 0.0245698770382259 0.999698054417338 -0.000348046714591574 -2.54629606481761 -0.00431846207799585 0.000454284684784997 0.999990572210911 156.406198443509
115 0.999545669918337 -0.0297583553874228 0.0047847708553715 -0.753578053634116 0.0297476491360226 0.999554809755934 0.00229339587939205 -2.56842283844496 -0.00485088841168959 -0.00215001823605302 0.999985923052521 157.746608705514
116 0.999425758240124 -0.0335395262561141 0.00482223440629105 -0.745795115925917 0.033522407519937 0.999431525523777 0.0035880333446457 -2.58839869869253 -0.00493983402768327 -0.00342432003913903 0.999981935872868 159.095179162969
117 0.999379077967537 -0.0349038695569957 0.00481439619306469 -0.740915552543915 0.0348882649100095 0.999385810258548 0.00328804279696185 -2.60724031976872 -0.0049262046571946 -0.00311803524898016 0.999983005037516 160.450132112715
118 0.999438124214635 -0.0330286153930499 0.00570494798837276 -0.743050486931908 0.0330060657652457 0.999447136579804 0.00400259979649378 -2.62640019314084 -0.00583399426056656 -0.00381205294409808 0.999975716086805 161.789398372844
119 0.999554926890981 -0.0290164591876183 0.00692771421020633 -0.749629932154711 0.0289951438400144 0.999574564766778 0.00315770565495331 -2.64572429922393 -0.00701639235375907 -0.00295543017507265 0.999971017415414 163.134224729397
120 0.999647572817181 -0.0253706209977519 0.00781420187274066 -0.75087127553584 0.0253639644217331 0.999677831699667 0.00094979843375648 -2.66608004060236 -0.00783578136069195 -0.000751264560685791 0.999969017586059 164.482615947015
121 0.999710224424043 -0.022437967184997 0.0087180737914875 -0.752036418610722 0.0224355575347148 0.999748221203457 0.000374110450544575 -2.6854871215641 -0.00872427304337299 -0.00017840719633249 0.999961926890588 165.846733279209
122 0.999747278178817 -0.0205938544019358 0.00901515029929909 -0.748547946551091 0.0205805112962325 0.999786965567074 0.00157036204996175 -2.70724268822554 -0.00904556956928257 -0.00138442878263261 0.999958129637493 167.183326820105
123 0.999786294035543 -0.0186636931663764 0.00889004027361892 -0.747932637780082 0.0186534592315332 0.999825249179954 0.00123270472524419 -2.73117249471234 -0.00891149355454756 -0.00106661128508135 0.999959723000378 168.566590465927
124 0.999825066131781 -0.0165960120898346 0.00862609513590281 -0.745193287335692 0.0166065524363054 0.999861438375997 -0.00115172256345581 -2.7556857933113 -0.00860578588856472 0.0012947707893676 0.999962131291902 169.943596353965
125 0.999883057868502 -0.0128915629295015 0.00822667568149475 -0.750765206817305 0.0129241490085378 0.999908794917407 -0.00392023203707292 -2.7819774135165 -0.00817538744885558 0.00402609637913509 0.999958475931879 171.300546658293
126 0.999936340158817 -0.00779680380651298 0.0081563153564316 -0.757801640650985 0.00783918918708636 0.999955868631322 -0.00517763485257137 -2.80918085144473 -0.00811558640394429 0.00524124414430755 0.999953332219629 172.655766297224
127 0.999957748007856 -0.00314973290081239 0.00863605128000082 -0.762635854481861 0.00318369534859241 0.999987242044204 -0.00392171298712753 -2.83929698032152 -0.00862358875321724 0.00394904184323155 0.999955018381095 174.045586226408
128 0.999957202763872 -0.000122135189816613 0.00925082286328522 -0.770667283536532 0.000141209027512887 0.999997865697315 -0.00206122798970904 -2.86776216157827 -0.00925055137075737 0.00206244607454827 0.999955085799121 175.41907309302
129 0.999956951890011 0.000716748928506668 0.00925098037025721 -0.769740844914925 -0.000718863589477508 0.999999716245454 0.00022526462594597 -2.89524821468578 -0.0092508162870702 -0.000231905121684725 0.999957183392388 176.801655442887
130 0.999960756543487 -0.00264401930224434 0.00845544409869783 -0.764515739040036 0.00263369033059126 0.999995772327691 0.00123247798651415 -2.9181627964745 -0.00845866704743689 -0.00121016059845429 0.999963492565157 178.21929526517
131 0.999965420273521 -0.00468621647892439 0.00687005329775216 -0.754156751229548 0.00467619841910518 0.999987980822132 0.00147356018554215 -2.9401655499639 -0.00687687614738379 -0.00144138349786387 0.999975315189363 179.626594169597
132 0.999975337981288 -0.00512193202211937 0.00480512659240039 -0.752470212982014 0.00513520525995334 0.999983022297629 -0.00275404855391849 -2.96497189281293 -0.00479093896291246 0.00277865594487355 0.999984662869883 181.013573798614
133 0.999988614911714 -0.00348205627936721 0.00326271834817347 -0.757713964545847 0.00350497104899537 0.999969048026038 -0.00704401645685758 -2.99304782257973 -0.00323808969886454 0.00705537199345971 0.999969867796593 182.389240529143
134 0.999995497019611 0.00142053498237916 0.00264348649809276 -0.771731287939679 -0.00140023607437309 0.999969643771384 -0.00766491191522861 -3.02589820264558 -0.00265429452732472 0.00766117589512382 0.999967130012015 183.776048059896
135 0.999985212488542 0.00480760196476453 0.00254200070706535 -0.784870629599367 -0.00479056561315097 0.999966306293055 -0.00666609028811561 -3.06046628425926 -0.00257396296640491 0.00665381409205322 0.999974550412497 185.177383658677
136 0.999971718628942 0.00695362967011261 0.00286513118205785 -0.79820504520462 -0.00694451936585767 0.999970838180374 -0.00317748951488293 -3.09153282188203 -0.00288714271498627 0.0031575026921434 0.99999084724996 186.59351339051
137 0.999965300031303 0.00770038041354271 0.00317850197295646 -0.804144751166316 -0.00769659119225214 0.999969657590875 -0.00120265606364472 -3.12034981219292 -0.00318766643874591 0.00117815070122735 0.999994225355127 188.023419345038
138 0.999968871531519 0.00720257227018734 0.00322163323074575 -0.808060605319999 -0.00720166200050447 0.999974024459007 -0.00029406068672141 -3.14567685670939 -0.00322366754042763 0.000270850419445167 0.999994767290129 189.467725453341
139 0.999979538233838 0.00546492689211042 0.00332531016647055 -0.812274969985022 -0.00546591540509413 0.999985020227002 0.000288254032601853 -3.16937862836799 -0.00332368506686458 -0.00030642399848087 0.99999442959544 190.892673495502
140 0.999989537382924 0.00291887085919294 0.00352211833886978 -0.814474336606874 -0.00292197706319505 0.999995346370499 0.000877090296610195 -3.19399847989317 -0.00351954183492831 -0.000887372668950317 0.999993412675813 192.316714046195
141 0.999993197746945 0.000230791101901698 0.00368119482049449 -0.818176043875282 -0.000233913923932972 0.999999613166778 0.00084790952922644 -3.21795792733888 -0.00368099770651147 -0.000848764844256478 0.999992864901607 193.694885374854
142 0.999987390478287 -0.00296004216020257 0.00405672710889323 -0.814628278935608 0.00295206142141593 0.999993698524909 0.00197186303701675 -3.24263825971878 -0.00406253834325212 -0.00195986246517159 0.999989827308922 195.09783920528
143 0.999963516337393 -0.00727583211154813 0.00447529454240449 -0.811246771074462 0.00726024494207779 0.999967556017137 0.00348937766597172 -3.26565416805926 -0.00450053747209645 -0.00345675862612845 0.999983897861492 196.566741372263
144 0.999938519638473 -0.0100815558548655 0.00461726918900888 -0.807523072344419 0.01006571595436 0.999943418621759 0.00344106340479456 -3.28855935444569 -0.00465169921047003 -0.00339437572683101 0.999983419816489 198.039261697661
145 0.999954777693284 -0.00807154603443094 0.00502918611591135 -0.806637303643811 0.0080760759594625 0.999966999811208 -0.000881070751473482 -3.31315371741813 -0.00502190854868994 0.000921646996508095 0.999986965415721 199.478940432526
146 0.999985213557734 -0.000863512852952069 0.00536907919917301 -0.81849191800882 0.000895533136074557 0.99998181246591 -0.0059642902171859 -3.33769136928177 -0.00536383130760076 0.00596901021488601 0.999967799596946 200.868626516597
147 0.999943741124431 0.00826099262420282 0.00665361457699945 -0.829799860234777 -0.00822054556598347 0.999947705218787 -0.00608353994646656 -3.36769183683471 -0.00670352270630767 0.00602850135154098 0.999959359151551 202.306242048615
148 0.999838410751709 0.0161386516736348 0.00791810000278938 -0.845238637839515 -0.0161197710054845 0.999867084626771 -0.00244255249520526 -3.39760818454519 -0.00795646706948693 0.00231451984614015 0.999965668225492 203.775688155281
149 0.999814241600725 0.0171081004061924 0.00887666563856923 -0.84683238954853 -0.0171059509232019 0.999853631940611 -0.000318022296976624 -3.42218676799557 -0.00888080713563396 0.000166119414888766 0.99996055105637 205.274453904297
150 0.9998505860494 0.015054954232129 0.00849434692842419 -0.842507429788027 -0.01505733677368 0.999886608418166 0.000216599400568269 -3.44489924030693 -0.00849012284692707 -0.000344469279969889 0.999963898925836 206.731993163642
151 0.99990377489824 0.0118658755917116 0.00718623271894669 -0.833434686661644 -0.0118672581116144 0.999929570396377 0.00014977259157422 -3.46904869433078 -0.00718394941248609 -0.000235039058217224 0.99997416748008 208.147404980619
152 0.999931945488592 0.00988869965873979 0.0061901543162126 -0.828119153711786 -0.00988595936721018 0.999951020779197 -0.000473127923876623 -3.49320722241131 -0.00619452974721692 0.000411900111340091 0.999980728884067 209.557738416227
153 0.999931988717884 0.0102206405587378 0.00561751237358531 -0.828581054345934 -0.0102158869149053 0.999947434277668 -0.000874263146972652 -3.52109818977565 -0.00562615261436865 0.00081681581606349 0.99998383947876 211.052747988127
154 0.999918651062338 0.0115837140360496 0.00533936576809259 -0.831402049412839 -0.0115801736157837 0.9999327070409 -0.000693519203110763 -3.54812790777637 -0.00534703999449768 0.000631632003467657 0.999985504997102 212.525191157296
155 0.999904656675583 0.0128352919043204 0.00509242969656359 -0.834056018575031 -0.0128364935935297 0.999917588142651 0.000203359799424677 -3.57435431015066 -0.00508939983758666 -0.000268709351600786 0.999987012817955 213.984142624763
156 0.99991212205188 0.0123203980123206 0.00489448327440133 -0.839046619308014 -0.0123190978714762 0.999924073313821 -0.000295694318158034 -3.60057109528049 -0.00489775472419543 0.00023537271466043 0.999987978226912 215.434768963798
157 0.999919191357729 0.0118554146775814 0.00458910637570936 -0.843570335216131 -0.0118499740084963 0.999929053349496 -0.00121094325976871 -3.6262581676891 -0.00460313702847878 0.00115646461381364 0.999988736796117 216.887808850001
158 0.999928713592565 0.0110920640551118 0.00441971131595771 -0.847066872719767 -0.011085535691959 0.999937430182675 -0.00149887227277822 -3.65315441492504 -0.00443606036268813 0.00144977055601748 0.999989109707597 218.334747215064
159 0.99992435604849 0.0115848889628324 0.0041318916649158 -0.850855033675924 -0.0115781067319642 0.999931590932322 -0.00166159563609691 -3.67891881868652 -0.00415085840700457 0.00161363046373588 0.999990083236435 219.847323511972
160 0.999921147132973 0.0119543916464914 0.00384604168482964 -0.852637043917165 -0.0119471948170014 0.999926845817973 -0.00188879552199429 -3.70760656521456 -0.0038683397322062 0.00184269717576918 0.999990820165283 221.372987306522
161 0.999921622688981 0.0120126916592492 0.00352756546857966 -0.858550721543118 -0.0120054378145173 0.999925788787333 -0.0020703576772834 -3.73623608902476 -0.00355217425207004 0.00202784544034613 0.999991634915489 222.849070738149
162 0.999909293370146 0.0130579437116702 0.00330077839894715 -0.868379303821799 -0.0130501942660811 0.999912061088827 -0.00235849924984328 -3.76512743787406 -0.00333128528253719 0.00231520951898926 0.999991771137768 224.346780064093
163 0.999913191699458 0.0128312435851167 0.00299470423606042 -0.872512948826807 -0.012823843180987 0.999914702078922 -0.0024774205314236 -3.79340680004351 -0.00302623718031631 0.00243880185326087 0.999992447038501 225.882370993286
164 0.999908564046854 0.013246139584642 0.00272090644122353 -0.878641779485178 -0.0132397519933448 0.999909583630677 -0.0023523457824287 -3.82330801981189 -0.00275181992732724 0.00231610656697106 0.999993531547809 227.381776614275
165 0.999920201777303 0.0123646596311385 0.00258945358029748 -0.885937462859296 -0.0123586741801244 0.999920949180254 -0.00231485700862876 -3.85166364298273 -0.00261787130087571 0.00228267007405022 0.9999939680654 228.878568964562
166 0.999936903915624 0.0109355238014841 0.00256953435919078 -0.889907743342487 -0.0109292272631378 0.999937268232194 -0.0024518547609216 -3.88207641417541 -0.00259618548385383 0.00242361703351469 0.999993692930815 230.392085926892
167 0.999948192077517 0.00980297314126785 0.00274132787099196 -0.893124766668017 -0.00979687041559628 0.999949521088661 -0.00223083047718824 -3.91118445186468 -0.00276305826299601 0.00220385846857703 0.999993754238938 231.895753957293
168 0.999961403737762 0.00826858066093224 0.00297011930027232 -0.898540515586435 -0.0082642888757245 0.999964792554803 -0.0014543659130178 -3.93941531345216 -0.00298204027182212 0.00142976385603682 0.999994531590615 233.379899678701
169 0.99996161409126 0.00823713453579654 0.00298662998057163 -0.909618101552075 -0.00823325895889147 0.999965251180205 -0.00130762342636598 -3.9669862639485 -0.00299729726878978 0.00128298353400804 0.999994685067043 234.890403676676
170 0.999957418164357 0.00872814464178405 0.00299688991868622 -0.915288800722068 -0.00872354551872748 0.999960756691367 -0.00154428974359028 -3.99632844747402 -0.00301025109506108 0.00151808047927796 0.999994316893853 236.383360438572
171 0.999951640804853 0.00927948357014883 0.0032568752437654 -0.919678665624205 -0.00927272152902992 0.999954833203094 -0.00208523121420486 -4.02532280536274 -0.00327607800993489 0.00205493027691142 0.999992522259257 237.862299035982
172 0.999936601411592 0.0105871596173848 0.00383473710572771 -0.928197146986942 -0.0105816237228927 0.999942945670524 -0.00146104180068622 -4.05393870748513 -0.00384998660012496 0.00142037142756943 0.999991580038645 239.33754424119
173 0.999929906618342 0.010886014331108 0.0046558073646603 -0.935124069442835 -0.0108895954595807 0.999940429428533 0.000744516627362715 -4.08290972392609 -0.00464742519687973 -0.00079516430041349 0.99998888451461 240.925935193332
174 0.999928469376695 0.0107511293012969 0.00524112094187724 -0.939838727384375 -0.0107574949481272 0.999941430902591 0.00118788337834655 -4.10915973320151 -0.00522804288635879 -0.00124417974036285 0.999985559687915 242.464331728236
175 0.999922982983389 0.0109686939231153 0.00580653556103092 -0.942199536516706 -0.0109665912267391 0.999939787569821 -0.000393842210005609 -4.13408983910751 -0.00581050587006943 0.000330133975512229 0.999983064373138 243.975672129168
176 0.999917036435035 0.0112605365831702 0.00625464330200598 -0.942792763417662 -0.0112495938220802 0.999935133493058 -0.00178197784994037 -4.16073011468276 -0.00627430361191247 0.00171146781405569 0.99997885177243 245.48923478396
177 0.999906145164323 0.0119851904364412 0.00663747488322778 -0.942115694837583 -0.0119772790868951 0.999927512832182 -0.00123039299431015 -4.18908953634302 -0.0066517402458205 0.00115077862686917 0.999977214770544 247.028741230548
178 0.999911258793754 0.0115622585965299 0.00661730410648789 -0.942110487601536 -0.0115615734278137 0.999933152723806 -0.000141787528479509 -4.21676387805853 -0.00661850114180266 6.52684987618684e-05 0.999978095351423 248.582983135035
179 0.999910567352721 0.0117732523631134 0.00634411736610258 -0.943784805458983 -0.0117751748848838 0.999930634905049 0.000265772112813137 -4.2448935876713 -0.00634054830364387 -0.000340451435585601 0.999979840566813 250.142815814786
180 0.999908653775692 0.0120518052856743 0.00611866765238222 -0.94497434476539 -0.0120538979901473 0.999927302538446 0.00030525633370275 -4.27184713752677 -0.00611454395087979 -0.000378982245406649 0.999981234186287 251.697367490523
181 0.999890955786182 0.0133784125052588 0.00625256873893886 -0.949577571340186 -0.0133826446849727 0.999910246439178 0.000635521186863693 -4.29848260271289 -0.00624350528403656 -0.000719127792757092 0.999980250553473 253.22365345151
182 0.999872360433212 0.0146058401239647 0.00647551356957463 -0.951024299488635 -0.0146099926189772 0.999893091676217 0.000594418917911255 -4.32316072857791 -0.0064661392955916 -0.000688950251993655 0.999978856971566 254.751658866701
183 0.999869936974779 0.0147936250109914 0.00642322295150283 -0.950927930391875 -0.0147993607538442 0.999890125264436 0.000846356867724276 -4.34714963488983 -0.00640999651545298 -0.000941306381651306 0.999979012723251 256.316860532809
184 0.99988923629975 0.0134094542475012 0.006457682919279 -0.947814927596954 -0.0134175084791856 0.999909254468853 0.00120552633855849 -4.37338506846334 -0.00644093146313146 -0.0012920388253258 0.999978422285982 257.858908222173
185 0.999917240586049 0.0114244259815495 0.0059156123751756 -0.942843199253103 -0.0114357428617588 0.999932837218249 0.0018827739808578 -4.3972784486368 -0.00589370545420842 -0.00195026758557889 0.999980730160518 259.409357824315
186 0.999942499646735 0.00900011539879972 0.0058305508357357 -0.938219949171805 -0.00901553815210278 0.999955915585832 0.00262430118874154 -4.42197224235656 -0.00580667478577795 -0.00267671584400346 0.999979558651187 260.964256183519
187 0.999958026570272 0.00736181293078236 0.00545424679122782 -0.938941580464173 -0.00737237458859344 0.999970982649398 0.00191884134910666 -4.44630672869411 -0.00543996237238044 -0.0019589715591977 0.999983284480204 262.520282630266
188 0.999967906566244 0.00611178744918919 0.00517995093599232 -0.942932940919806 -0.00611707343251867 0.99998078526644 0.00100524153032346 -4.46921233608592 -0.0051737075820468 -0.00103689540892331 0.999986078701982 264.040115594929
189 0.999974444566533 0.00421274484854806 0.00577607086993734 -0.940135602040919 -0.00422850537022053 0.999987363047229 0.0027190969425688 -4.49243842585675 -0.00576454301636504 -0.0027434516015601 0.999979621550921 265.593174213527
190 0.999980019015462 0.00212367518775273 0.00595412239827012 -0.934504759302984 -0.00215072776635342 0.999987377725245 0.00454078850680064 -4.51550034422309 -0.00594440408381656 -0.00455350347374193 0.999971964440105 267.157617829871
191 0.999980685835966 0.00111893112808875 0.00611358717629377 -0.934125570948403 -0.00114185135517326 0.999992328577328 0.00374686028238667 -4.53497947173614 -0.00610934779777994 -0.00375376872271478 0.999974292214486 268.708914804448
192 0.999976855688218 0.000794125622882592 0.00675702985047891 -0.931968316668512 -0.000812630519153258 0.999995926113207 0.00273630930802299 -4.55708954499257 -0.00675482934977061 -0.00274173694670256 0.999973427226429 270.249020123564
193 0.999971388146846 0.00148634553324884 0.00741711969868181 -0.931115844208473 -0.00150574370428737 0.99999545919709 0.00261042546291086 -4.58283726569354 -0.00741320602477643 -0.00262151905509108 0.999969085529287 271.765589545244
194 0.999960925207506 0.00318186187407359 0.00824765500997628 -0.930679844426178 -0.00320543920390186 0.99999080974802 0.00284702985764074 -4.60914813079471 -0.00823852035619011 -0.00287335596724907 0.999961934579425 273.305732004811
195 0.999945291809634 0.00468816454697923 0.00935064173869875 -0.932844721018139 -0.00471283227049799 0.999985468086889 0.00261779048728648 -4.63613381812976 -0.00933823322343155 -0.00266171527884217 0.999952855224705 274.829938305494
196 0.999930341935082 0.00570252408993005 0.0103340455095535 -0.933044190108299 -0.00572800325787112 0.999980623762641 0.00243763778234873 -4.66169350292115 -0.0103199445864585 -0.00249666142756355 0.999943631123999 276.379864273983
197 0.999913666316667 0.00659630753403451 0.0113643583223108 -0.932715263466861 -0.00662057215022824 0.999975881126473 0.00209885438710292 -4.6856678426873 -0.0113502395377832 -0.0021739117394868 0.999933220855365 277.93513679916
198 0.999902855441607 0.00695192683613187 0.0120809930463231 -0.926089625760026 -0.00697034365718065 0.999974607174683 0.00148300881288719 -4.71175419045298 -0.0120703765070125 -0.00156707341990386 0.999925922402193 279.501283161359
199 0.999893141708951 0.00638669896423362 0.0131497239417559 -0.914457280450704 -0.00640132626554716 0.9999789382225 0.00107057622070657 -4.74008517788997 -0.0131426095371562 -0.00115463749401424 0.999912965525906 281.120414581641
200 0.99988546996341 0.00537929195427966 0.0141460303308815 -0.901058767869384 -0.00540216878727021 0.999984160787339 0.00157947675978905 -4.76579072795553 -0.0141373098022729 -0.00165571510577522 0.999898692407907 282.731038509663
201 0.999880858156315 0.00427119468442898 0.0148332865056491 -0.891951754282773 -0.00430921667299584 0.999987509044388 0.00253227306278437 -4.79049500406612 -0.0148222853924805 -0.00259589120862843 0.999886774192247 284.323683664686
202 0.999883287579724 0.00331885034749656 0.0149129625203686 -0.875024389209888 -0.0033636309647208 0.999989906556283 0.00297871990772735 -4.81985892484086 -0.0149029260716199 -0.00302853395662683 0.999884358701834 285.863747451929
203 0.999885326613666 0.00287919227914652 0.014867544333267 -0.858995609883624 -0.00288493246219104 0.999995772086609 0.000364655448391346 -4.84670835498483 -0.0148664315614257 -0.000407505493396341 0.999889405460375 287.400126871149
204 0.999892751210747 0.00153984395506035 0.0145641668761458 -0.841286864246763 -0.00151579355131748 0.999997469668412 -0.00166223544786856 -4.87597172153516 -0.0145666896071806 0.00163998090489815 0.999892555236071 289.013442818669
205 0.999903539580504 0.00151983330400439 0.0138058553196839 -0.827410822631386 -0.00149772250174037 0.999997579540853 -0.00161175052143841 -4.90570525948406 -0.0138082714952954 0.00159091771113892 0.999903395643373 290.568244996241
206 0.999916568314214 0.000352364113114751 0.0129124842790684 -0.817795030510155 -0.000332432681155937 0.999998750161197 -0.00154569225782726 -4.93305743055916 -0.012913012787026 0.00154127076634721 0.999915435717034 292.038268087879
207 0.999928285381982 0.000727263599237111 0.0119538772248671 -0.808786292014081 -0.000699871090755583 0.999997120333777 -0.00229554015628997 -4.96197509510387 -0.0119555122644868 0.00228700935941239 0.999925914913042 293.601153914377
208 0.999934095781312 0.000817393878692146 0.0114514610970505 -0.797580716866288 -0.000787228127394187 0.999996209321182 -0.00263848728287998 -4.99042541006803 -0.0114535743715935 0.00262929848316172 0.999930948827768 295.261138580263
209 0.99994034948543 0.000896146537768478 0.0108855129570904 -0.791907239345444 -0.000872962539698256 0.99999734120177 -0.00213436777427687 -5.02109797094984 -0.0108873967209991 0.00212473781310391 0.999938473148156 296.875644594255
210 0.999950356694293 0.000452672791762511 0.00995385524803691 -0.784817482851702 -0.000432605858307269 0.999997870147185 -0.00201805680443848 -5.05063319946977 -0.00995474756719789 0.00201365052533456 0.999948422776113 298.428215684874
211 0.999959273024568 -0.000149504788925717 0.00902385397127075 -0.77977200668746 0.00015616812764396 0.999999715694944 -0.00073771372951139 -5.07709119371768 -0.00902374111400802 0.000739092923041279 0.999959012078974 300.021314622266
212 0.999958784751832 0.00195609139880346 0.00886580532602197 -0.786094127216862 -0.00196093178312589 0.999997933024882 0.000537301130515115 -5.10335524036969 -0.00886473599050299 -0.000554664224962483 0.9999605536237 301.620887237279
213 0.999953831364811 0.0022605296237451 0.00933944027525324 -0.778752909491585 -0.00226615778406521 0.999997256978801 0.000592084260491951 -5.12934916780595 -0.00933807623295998 -0.000613221570048304 0.999956211187057 303.23142555866
214 0.999945077537942 0.00284820773297882 0.0100861102684825 -0.766211970482523 -0.00285057556313053 0.999995912814533 0.000220393255435317 -5.15551921174608 -0.0100854413189047 -0.000249132370353483 0.999949109608317 304.816078141416
215 0.999945368554763 0.0018204205699211 0.0102930061123065 -0.755332757786392 -0.00182069500134393 0.999998342383984 1.72915259077898e-05 -5.18172516356259 -0.0102929575726053 -3.60310060242181e-05 0.999947025459937 306.402592479767
216 0.999944890626554 -0.000214627966022518 0.0104961728589371 -0.743750792830829 0.000225074780646027 0.999999480526901 -0.000994126385593881 -5.20812545423343 -0.0104959540391335 0.000996434023715493 0.999944419489426 308.003446049425
217 0.999940438195834 -0.00186657459809771 0.0107534162010842 -0.732187339228538 0.00189851071154832 0.999993815779991 -0.00296041531733549 -5.23661629483499 -0.0107478238635614 0.0029806544655016 0.999937798056037 309.63486708621
218 0.999941372323335 -0.0024026284176148 0.0105583754817284 -0.72296977733271 0.00244475266417034 0.99998909706982 -0.00397855826868433 -5.26830280429364 -0.0105487013673402 0.00400413763164482 0.999936343864593 311.266874091277
219 0.999962779339501 -0.00179888547023755 0.00843824310421833 -0.716673955551231 0.00184050732415922 0.99998616674883 -0.00492735667181367 -5.30050498607992 -0.00842926262555843 0.00494270392058018 0.999952257465097 312.851327946038
220 0.999977630044155 -0.000903480404370169 0.00662745308798705 -0.717309105155573 0.000931049505489664 0.999990922348137 -0.00415792834711908 -5.3339137997091 -0.00662363631949079 0.00416400582136578 0.999969393780343 314.48214908857
221 0.999979909440449 0.000281914228238973 0.00633255397440504 -0.718717140402356 -0.000276689445441641 0.999999620642735 -0.0008259281670621 -5.36482466983216 -0.00633278441300648 0.000824159422855668 0.999979608093497 316.119628311719
222 0.999975759579351 -0.00111723268073311 0.00687255737247117 -0.713058770843602 0.0011022686650554 0.99999701463985 0.00218076022936274 -5.39059133999694 -0.00687497327200935 -0.00217313196217698 0.999974005782142 317.776908032035
223 0.999973602871366 -0.00190632166785579 0.00701138346956078 -0.71041356744674 0.00188608214525878 0.99999403907438 0.00289214623567154 -5.41327474886874 -0.00701685503626109 -0.00287884584613983 0.999971237582359 319.411084038172
224 0.999970055135254 -0.00298270167081104 0.00714089094866238 -0.703423511120254 0.00297108100915026 0.999994245789224 0.00163739612741722 -5.43695755608485 -0.00714573372263576 -0.00161613093032567 0.999973162945077 321.036650422378
225 0.999963926812565 -0.0039764726079058 0.00750551391935804 -0.70025584344047 0.00396462635094111 0.999990872704046 0.00159255973145083 -5.46226942067489 -0.00751177818445978 -0.00156274572448309 0.999970565073947 322.662636266321
226 0.99996129293364 -0.00404120752699239 0.00781545111982659 -0.694320698602718 0.00402558170169188 0.999989869097676 0.00201404914937211 -5.49123735581446 -0.00782351113283685 -0.00198250945441959 0.999967430634527 324.296638473834
227 0.999957106516523 -0.00394166791596556 0.00838143073372288 -0.689819113896097 0.00392515830700128 0.999990325767322 0.00198532214765694 -5.51868560061347 -0.00838917513042407 -0.00195233854780517 0.99996290436937 325.910748321112
228 0.99995714866055 -0.00249328224393702 0.00891540163503599 -0.689325621268131 0.00248406526423335 0.999996368951289 0.00104475068869986 -5.54649386257602 -0.00891797412111985 -0.00102255948021518 0.99995971124325 327.495994187491
229 0.999950701875138 -0.00183504900207385 0.00975840225540751 -0.686393143982502 0.00183010466531783 0.99999819244527 0.000515580358458276 -5.57596327691205 -0.00975933073178363 -0.00049769604381972 0.999952252741257 329.148270390054
230 0.999939702458772 -0.00305587052318475 0.0105476586031212 -0.678587369571713 0.00302948855762756 0.999992245218757 0.00251628723109451 -5.60686085596416 -0.0105552662563135 -0.00248418149411353 0.999941205869906 330.794047900003
231 0.999935770627833 -0.00399150567314345 0.0106076623901436 -0.669421656660038 0.00395556041910708 0.999986371371904 0.00340743484501162 -5.63395954654298 -0.0106211186177727 -0.00336525673812113 0.999937931516949 332.440862251529
232 0.999932265084391 -0.00516552055841591 0.0104298916849236 -0.656834321368503 0.00514199697476084 0.999984178422641 0.00228095846263494 -5.66150084240615 -0.010441509005417 -0.00222717349061501 0.999943005669789 334.078263287283
233 0.999939437119344 -0.00370663460875793 0.0103625746475386 -0.648645110114375 0.00368296071726566 0.999990566625264 0.00230270728472324 -5.68909108061115 -0.0103710121880042 -0.00226440287078016 0.999943655705578 335.673839876759
234 0.999946222943874 -0.00188465503032568 0.0101980044958236 -0.645935765071551 0.00188245845146875 0.999998202863756 0.000224987638493689 -5.71658780444972 -0.0101984101927047 -0.000205778219569547 0.999947973689064 337.278564494212
235 0.999953379048896 -0.000150900945711804 0.00965489293572067 -0.647673713542429 0.000177624875861654 0.999996155745961 -0.00276711812224494 -5.7456563262732 -0.00965443825911797 0.00276870406572543 0.999949561777842 338.893685951239
236 0.999958806950644 0.00127772524259219 0.00898620164747303 -0.647687303014221 -0.00125593817476923 0.999996259513936 -0.00242972785268561 -5.77674927219862 -0.00898927255932101 0.00241834165109102 0.999956671362571 340.457895645652
237 0.999966899307224 0.00208268587547411 0.00786528508327026 -0.645940514428383 -0.00209127563665859 0.999997225703368 0.0010840441777084 -5.80635101057261 -0.00786300553913904 -0.00110045677416514 0.999968480572653 342.02564270676
238 0.999970911110177 0.00314755119851557 0.00694765103721539 -0.645009621358232 -0.00317467806866635 0.999987367725255 0.00389689736526927 -5.83312208005567 -0.00693529758860611 -0.00391884056422776 0.999968271664651 343.581925065941
239 0.999977169062328 0.00356802168609177 0.00573851682406051 -0.648318899182853 -0.00358372803878601 0.999989854522672 0.00272905571004128 -5.85861833104443 -0.0057287212741122 -0.00274955868678389 0.999979810635991 345.198688559999
240 0.999987275154237 0.0030146415743229 0.00404493087492037 -0.652614739298244 -0.00301932069341383 0.999994779231681 0.00115117849723635 -5.88338168670344 -0.00404143936671617 -0.0011633767921616 0.99999115662204 346.830222284603
241 0.999996006220828 0.00171739951910306 0.00224456705965369 -0.653561399926718 -0.00172316689268986 0.999995212684918 0.00257007842406116 -5.91141680110219 -0.00224014246275442 -0.0025739359233811 0.999994178290858 348.415003228682
242 0.999999146291474 0.000314003858963571 0.00126839185599916 -0.655654360106242 -0.000317960673063266 0.999995080504568 0.00312055566723081 -5.93919724293139 -0.0012674057496296 -0.00312095630191407 0.99999432664112 350.052939993025
243 0.999999565869959 0.000170474908895667 0.000916077616268457 -0.665839806458044 -0.0001725407739095 0.999997441438904 0.00225551442637137 -5.96357851238399 -0.000915690763811558 -0.00225567150792567 0.999997036723846 351.664278853057
244 0.999999706744246 -0.000424637668479135 0.000637333722118434 -0.674352253077522 0.000423764020889524 0.999998971357632 0.00137029476119573 -5.99034817834263 -0.000637914945302488 -0.00137002428024817 0.999998858048345 353.257971881883
245 0.999999597004657 -0.000757382106722872 0.000482040317468896 -0.681444502787601 0.000756718056261364 0.999998766618164 0.00137627756431431 -6.0185755083661 -0.00048308209093022 -0.00137591224106879 0.999998936748034 354.880075171616
246 0.999998929557753 -0.00141097210415901 0.000387351350721084 -0.689178334091608 0.00141046724111133 0.999998159553241 0.00130056614344955 -6.04631085026719 -0.000389185700369567 -0.00130001840487761 0.999999079242895 356.493954762749
247 0.999998139076617 -0.0019056049504734 0.00030085391152122 -0.693728659535364 0.00190539377701969 0.999997939282182 0.000700646803647594 -6.07538762013332 -0.000302188447563768 -0.000700072254626769 0.999999709290448 358.118320998845
248 0.999997891467645 -0.00204778235286931 0.000153778088064179 -0.699128528689454 0.00204777897921589 0.999997903054384 2.20927016827325e-05 -6.10499784384765 -0.000153823006644524 -2.17777515633543e-05 0.999999987932106 359.731296170691
249 0.999996439811766 -0.00266151642384125 0.000191557087594443 -0.705413186911847 0.00266143856635368 0.999996376126739 0.000405559056067014 -6.13634834455782 -0.000192635795504396 -0.000405047794779852 0.999999899413862 361.300370325741
250 0.999997128745177 -0.00235076468468264 0.000465195442288085 -0.717867769879339 0.0023510027005156 0.999997105438142 -0.000511763266062897 -6.16620194619234 -0.000463991060738323 0.000512855472401238 0.999999760845751 362.857347108717
251 0.999992610205222 -0.00381924005762494 0.000439249735115335 -0.723947169619124 0.0038199965425729 0.999991199575858 -0.00173447319135423 -6.19686083789279 -0.000432621500040065 0.00173613830642276 0.999998399329928 364.459737006371
252 0.999985438311387 -0.00535019758144248 0.000706081455672998 -0.733136083026583 0.00535005673521553 0.999985668100193 0.000201214166386846 -6.22908541545879 -0.000707147871730674 -0.000197433660521276 0.999999730480882 366.062889796051
253 0.999976300689074 -0.00684170504063013 0.00076754956314423 -0.740405373188664 0.00684085172531363 0.999975986244279 0.00110891048063607 -6.2598504832359 -0.000775117969821492 -0.0011036335074685 0.999999090592193 367.696265916862
254 0.999974176618152 -0.00715044266866038 0.000719212410741936 -0.745218909444088 0.00715043086482946 0.999974435162281 1.89821961792126e-05 -6.28849372648146 -0.000719329755298875 -1.38390273745748e-05 0.999999741186559 369.315436836719
255 0.999983464137873 -0.00562901304402394 0.00117714186471051 -0.75535910427041 0.00562968921818496 0.999983989637897 -0.000571897877038024 -6.31672876262471 -0.00117390379763332 0.000578515363077613 0.999999143634558 370.913621032607
256 0.999990762572982 -0.00401615069541603 0.00153143798369128 -0.764025637926317 0.00401586275880913 0.999991918141233 0.0001910458578549 -6.34625695820405 -0.00153219287578067 -0.000184894048316599 0.999998809098882 372.48133686723
257 0.999994006897922 -0.0028739560101542 0.00193042614234772 -0.772602088785116 0.00287197464244404 0.9999953470895 0.00102837785073221 -6.37392911952927 -0.00193337267295247 -0.00102282755262884 0.999997607944092 374.095101601381
258 0.999993938415927 -0.00266602902040759 0.00223951348856821 -0.777906794904459 0.00266430857033062 0.999996153611999 0.000770857346537139 -6.40146568373146 -0.00224156000258687 -0.000764885918939561 0.999997195175209 375.713770465732
259 0.999993100459264 -0.00285188677622512 0.00238028899150712 -0.781918125619837 0.00285191842310231 0.999995933223367 -9.90129200289793e-06 -6.4293244718943 -0.00238025107403974 1.66896137157172e-05 0.999997167059128 377.296057011057
260 0.999993355092323 -0.00284395204575148 0.00228072531437904 -0.786853087053079 0.00284438158417508 0.99999593760511 -0.000185112614908373 -6.45831808223133 -0.00228018959777231 0.000191598637934919 0.999997382009253 378.889714227896
261 0.999993980317054 -0.00217982250975083 0.00269957468539242 -0.792938143869869 0.00218036679490086 0.999997603258147 -0.00019869222657942 -6.48737695462997 -0.00269913510142078 0.000204577093519596 0.999996336402248 380.490869274929
262 0.999994763718759 -0.000619067349804351 0.00317636438078773 -0.803664708525607 0.000619677683033234 0.999999789727198 -0.000191167801450892 -6.51495623543047 -0.00317624536714048 0.000193135122562475 0.999994937069279 382.069142211352
263 0.999992562811269 0.00123005501277231 0.00365530940092582 -0.816902034211833 -0.00123097657084901 0.999999211129068 0.000249875817909547 -6.54166016127522 -0.00365499915635609 -0.000254373559767673 0.999993288115105 383.672965372103
264 0.999986112623617 0.00296527623877135 0.0043567989091951 -0.835174140095204 -0.00296316334802971 0.999995489114299 -0.000491339014897586 -6.56999472526411 -0.00435823621207926 0.000478422284645291 0.999990388398427 385.301142016002
265 0.999979113840916 0.0041090934903643 0.00498871051712762 -0.845378997736647 -0.00410345424185809 0.999990930863004 -0.00114011184913959 -6.59589760437609 -0.00499335010000609 0.00111961709124922 0.999986906370452 386.926813329932
266 0.999972015127564 0.00516903210392567 0.00540833327622256 -0.850544023983273 -0.00516312339978464 0.999986059461816 -0.00110591084089054 -6.62176122753947 -0.00541397436978665 0.00107795600002444 0.999984763330115 388.564616745084
267 0.999965476531176 0.00609858411509811 0.005643847762737 -0.8483976072565 -0.00609764396624054 0.999981392309868 -0.000183771809425755 -6.64779795726882 -0.00564486349160444 0.000149351290728588 0.999984056478079 390.182132117823
268 0.999961399797334 0.00651220256923104 0.00589831612011407 -0.847460195193227 -0.00651624778739214 0.999978546670819 0.000666867970653734 -6.67847619818819 -0.0058938468022849 -0.000705277118781949 0.999982382421839 391.777058368155
269 0.999954104150611 0.0070298804417069 0.00650925290056421 -0.853609946124564 -0.00703315429290973 0.999975151765942 0.000480199306286401 -6.71117441142743 -0.00650571541341321 -0.000525957847112602 0.999978699290791 393.366809521262
270 0.99995418775188 0.0069716420725498 0.00655885693474286 -0.855704170924914 -0.00697781213985931 0.999975233115544 0.000918309998529007 -6.74084158423289 -0.0065522923636696 -0.000964034400226352 0.99997806881074 394.999596113715
