0 1 0 0 0 0 1 0 0 0 0 1 0
1 0.99999853657219 0.000812810654896369 0.00150538776355421 -0.00707276368151197 -0.000805900167461196 0.999989162096937 -0.00458543493970365 -0.00272638951733994 -0.00150909853868388 0.0045842150369999 0.99998835372923 0.954931716270643
2 0.999996117737125 -0.00135268182870817 0.00243613680832246 -0.00791615984102967 0.00136584318847803 0.99998443837884 -0.00540901770570044 -0.00178719845083882 -0.00242878221812269 0.00541232408733766 0.999982403727641 1.90642256400893
3 0.999992733944691 -0.00295452925921955 0.00240890321088391 -0.0088183955442587 0.00295799405852516 0.999994594017236 -0.00143603880628958 -0.00256391445511652 -0.00240464736972411 0.00144315389333754 0.999996067481201 2.86115766070076
4 0.99998441217276 -0.00531000469123824 0.00172605378786662 -0.00848265514404231 0.0053019918098485 0.999975298698137 0.00461420376891497 -0.00470596623713413 -0.00175051259575024 -0.00460498032045714 0.999987864857319 3.80932981507197
5 0.999960755961384 -0.00884768155218454 0.000452844663750881 -0.00774151517617936 0.00884550174159466 0.999950259022544 0.0046083163614985 -0.00248560802766348 -0.00049359505447293 -0.00460412987429137 0.999989279118543 4.74267277292665
6 0.999934533177074 -0.0114260656740643 -0.000611868580020132 -0.0073600191832316 0.0114271125080646 0.999933202122437 0.00173562464186302 -2.89473844940547e-05 0.000591996347354188 -0.00174250290713596 0.999998306610538 5.6730286654941
7 0.999927630760407 -0.0119646025598301 -0.00125758795492461 -0.0118075707640805 0.0119624812931756 0.999927034020863 -0.00168097458337281 4.83247479504119e-05 0.00127760838659136 0.00166580906013513 0.999997796396065 6.60077867601166
8 0.999930547562447 -0.011627458965764 -0.00192412303797064 -0.0192323709358176 0.0116231142128853 0.999929908833859 -0.00225402650921084 -0.000701222085538807 0.0019501967746867 0.00223150565974549 0.999995608547873 7.52305138298676
10 0.999933433973673 -0.0109865291660988 -0.00352474091250416 -0.0360530625502013 0.01099576437952 0.999936134526897 0.00261151931204659 -0.00313329414081308 0.00349582427016859 -0.00265010269415606 0.9999903780379 9.36683598296547
11 0.999928035429734 -0.0111881679293783 -0.00432999538307178 -0.0449204204540934 0.0112055824903515 0.999929139977495 0.00401869940645834 -0.0018040323087026 0.00428472667568434 -0.00406693032293037 0.999982550445288 10.2840414389839
13 0.999900915307469 -0.0128227845083978 -0.00580824971373976 -0.0621983049433744 0.0128513145937373 0.999905404560654 0.00490159602662992 0.00406217264851273 0.00574484817020956 -0.00497575399780496 0.999971118878768 12.1159238306961
15 0.999874877424264 -0.0136435596683007 -0.00800517179023114 -0.0842822677594567 0.0136552452012154 0.999905773003967 0.00140690860866396 0.00883282964910144 0.00798522224539047 -0.00151604515630847 0.999966968370844 13.9295193817367
17 0.999834528270278 -0.0145741524759704 -0.0108862370981677 -0.113181805995203 0.0145693071797917 0.999893724572081 -0.000524261073522285 0.010765491151661 0.0108927208194844 0.000365569390820374 0.999940605732245 15.7192657211581
19 0.999835710003831 -0.0117921796196707 -0.0137658091281286 -0.153781567788663 0.0117749134337062 0.999929782583375 -0.0013346596547369 0.00754176289584112 0.0137805810749537 0.0011723491726787 0.999904356017441 17.499367114884
21 0.999791867173549 -0.0118045537274665 -0.0166395566324562 -0.191097914289908 0.011818829815851 0.999929866461323 0.000759881848669763 0.00539459725987848 0.0166294195753584 -0.000956383780363045 0.999861264243521 19.2689583901761
22 0.999770499740364 -0.0115493972547277 -0.0180432611230641 -0.211659714484458 0.0115743041656246 0.999932200616272 0.0012765789368654 0.00669443036212772 0.0180272940838107 -0.00148512415404608 0.999836392153368 20.1461866846136
23 0.999723488419266 -0.0126012022853261 -0.0198533726046079 -0.230551783030548 0.0126269249860699 0.999919591756461 0.00117080612756658 0.00529100584417025 0.0198370226649381 -0.00142116943271239 0.999802216845529 21.0316686208198
24 0.999691488008432 -0.0126983112438272 -0.0213467022052951 -0.253457710791179 0.0127170059124181 0.99991886161244 0.000740238005719967 0.0058725340243818 0.0213355703957073 -0.00101147577157395 0.999771859152203 21.9057463444396
25 0.999671424785037 -0.0125731879469154 -0.0223373546577552 -0.277605997596094 0.0126011716666792 0.999919983254381 0.00111245727334377 0.00638626982956629 0.0223215801609491 -0.00139356858807792 0.999749871230654 22.7573311348381
26 0.999650873600669 -0.0123726939121486 -0.0233462492657061 -0.303575697352292 0.0124471341260898 0.999917892283015 0.00304590616088072 0.00823016410007531 0.023306646293865 -0.00333543665058144 0.99972279913028 23.6249265557871
27 0.999621474163655 -0.0134614272877455 -0.0239937151408141 -0.327714657004481 0.0136001731735941 0.999891670006997 0.00562881339779694 0.0113787855218337 0.02391534403955 -0.00595300142749086 0.99969626291863 24.4784078998587
28 0.999606271167188 -0.0134020659218188 -0.0246513138038728 -0.354295693983521 0.0135823066985975 0.999882129632843 0.00715875587200784 0.0145293873075439 0.024552466026349 -0.00749075896802155 0.999670478178739 25.3255328255183
29 0.999598833743178 -0.0128189594240402 -0.0252556104373589 -0.380260080136281 0.0129735090925165 0.999898047668375 0.00596509268986828 0.0169873814579641 0.0251765692878362 -0.00629035358760842 0.999663229198032 26.1534687200258
30 0.999593174420307 -0.0111528691306804 -0.0262506983237987 -0.407199362554186 0.0112462639224006 0.999930934602609 0.00341285401683809 0.0187672295215769 0.0262108221946752 -0.00370668786202104 0.999649565230222 26.9864834200226
31 0.999572006410788 -0.0108860854634177 -0.0271532160746275 -0.431974079891437 0.0109353267509634 0.999938820291478 0.00166562388822264 0.0219386819018119 0.0271334227247855 -0.00196184030199201 0.99962989578837 27.7939085200836
32 0.999553631262572 -0.0101259061868201 -0.028107014314957 -0.459450763239012 0.0101668312684811 0.999947453728674 0.0013135157019621 0.0225679005152002 0.0280922368593837 -0.00159868866161758 0.999604056825901 28.5654548234331
33 0.999511192210137 -0.0103911542344713 -0.0294855992027597 -0.484075122236783 0.0104196777318752 0.999945382463977 0.000813882629157749 0.0218380125236783 0.0294755315920547 -0.00112071523841258 0.999564873849977 29.340159727357
35 0.999389464188258 -0.010080029359919 -0.0334528306367408 -0.540547587701849 0.0100862572396543 0.99994913226203 1.7415769166285e-05 0.0195964210368978 0.0334509534154531 -0.000354818991412277 0.999440297275971 30.8807797750513
36 0.999323199585248 -0.009967267242423 -0.0354089869160407 -0.569349557556101 0.0100096923766566 0.999949380454548 0.00102107154052431 0.0218593819105235 0.0353970172363 -0.00137481354528082 0.999372383578058 31.6373011401691
38 0.999190507399611 -0.00922913420551346 -0.0391554977535135 -0.635966014823898 0.00942681183359485 0.999943722643973 0.00486690492681155 0.0216845068119215 0.039108376866891 -0.00523207671285962 0.99922127691123 33.1283035068007
40 0.999063559626845 -0.00536074756178349 -0.0429332762704735 -0.710253146666964 0.0055499316535277 0.999975403269305 0.00428848633353253 0.0246942236378553 0.042909230759583 -0.00452274717075323 0.999068737712101 34.5744315871292
42 0.998927037145584 -0.00337223000665857 -0.0461887705435831 -0.788695855686878 0.00359357340466926 0.99998245114598 0.00470995013386846 0.031829592863205 0.0461720769484202 -0.00487087926974846 0.998921625476898 35.9681716257014
44 0.998882088221996 0.000887053857712147 -0.0472629555224706 -0.867709192427994 -0.000548273387900196 0.999974069763648 0.00718047328657459 0.0359249214020331 0.0472680994493923 -0.0071465331301694 0.998856673321384 37.3269510398668
46 0.998991778575297 0.00563391169613059 -0.0445385830260155 -0.941315848640318 -0.00555192081169174 0.999982658540779 0.00196438107715326 0.0380470060708751 0.0445488778115204 -0.0017151258600396 0.999005733631704 38.6342454332692
48 0.999197583353773 0.00732529713358211 -0.0393767627146377 -0.999846243533776 -0.00729808203227727 0.999973020150693 0.000834846902944223 0.0449074597954104 0.0393818158371386 -0.000546802163435306 0.999224085772938 39.9114881253076
50 0.999341781829715 0.0163692532949655 -0.0323736101782805 -1.06359397665727 -0.0161449501425227 0.999843896934302 0.00717790694589612 0.0425247658603364 0.0324860535354091 -0.00665051199485791 0.999450062292209 41.153465187822
52 0.999423490720163 0.0252437299501981 -0.0227033102195452 -1.11100790883984 -0.0250570559046889 0.999650143699264 0.008469601609942 0.0471436594016024 0.0229091716592444 -0.00789584069262471 0.999706369667436 42.353787852602
54 0.999381385184182 0.0336881746910319 -0.0100972190890684 -1.14029179806186 -0.0335705488924911 0.999369020023298 0.0116008648268231 0.0554558280582763 0.0104816599068559 -0.0112547191728571 0.999881726056606 43.4839952681807
56 0.99917229704585 0.0404504247411374 0.00429929696351281 -1.15221851160688 -0.0404971747641692 0.999114520782527 0.0114084704330041 0.0578988524602509 -0.00383401255074015 -0.0115731369888188 0.999925678662169 44.5221025845058
58 0.998598394126737 0.0491534682403938 0.0196261001587753 -1.15170645995117 -0.0493224842124672 0.998749060053575 0.00822238366965678 0.0645811534011402 -0.0191973904115274 -0.00917886714364666 0.999773578666363 45.4853259019281
60 0.998040910222963 0.0515264635786585 0.0354875340421975 -1.12560682028479 -0.051730804880619 0.998649222360598 0.00486358972126141 0.0679607347992001 -0.0351889946961017 -0.00668986021159003 0.999358284311801 46.342295590998
62 0.997314810362897 0.0524257423829622 0.0511342406457159 -1.08114703214503 -0.0528473565715981 0.998578573653433 0.00692741969783563 0.0698367888320887 -0.050698381968393 -0.00961112771067319 0.998667762716869 47.1031404020229
65 0.994915601126509 0.0640478083964431 0.0777227436127233 -1.01994330272862 -0.0647500261459454 0.997880044199364 0.00654610592454912 0.07088078576245 -0.0771387110935618 -0.011545372592019 0.996953521295018 48.1090532433207
68 0.992119147250904 0.0608497133666294 0.109530406925833 -0.915778576256938 -0.0613117317960928 0.998118302344936 0.000852096371765819 0.0673867163496489 -0.109272453995979 -0.00756088005868544 0.993983080283782 48.9232899245728
71 0.985843339398435 0.0650924323763239 0.154518236500019 -0.787671849813366 -0.0648480914093733 0.997873144821514 -0.00662660430254439 0.0603398149045917 -0.154620940380997 -0.003487419010476 0.987967713391658 49.7018299852419
74 0.975908562840268 0.0636099477471933 0.208701345282301 -0.602799280996384 -0.0630214824572641 0.99796719280128 -0.00947495863956241 0.0555841808840031 -0.208879797309198 -0.00390597490160962 0.977933522094491 50.4473873011344
77 0.959901602088232 0.0670226619737292 0.272207415568352 -0.370351087823483 -0.0653725875957652 0.997746111055007 -0.0151367983947511 0.0489290596212534 -0.272608398805833 -0.00326506608885083 0.962119535319783 51.1793382604056
79 0.944050309008358 0.0709186503179483 0.322086260337669 -0.179543297722137 -0.0691018564921819 0.997463285936116 -0.0170858607878218 0.0357810146880991 -0.32248092577788 -0.00612684638354023 0.946556133709372 51.6369588855297
82 0.910321151128257 0.0718550989630221 0.407617770173896 0.18394120610304 -0.0689744893185241 0.997380643418548 -0.0217800816631043 0.0113513029060961 -0.4081150838082 -0.0082883585236755 0.912892864185721 52.3474995193284
84 0.87801215981823 0.0685420247578216 0.473705222742397 0.48623963730765 -0.0623811308493428 0.997638849126814 -0.0287284045307647 -0.00675561034938147 -0.474555836256687 -0.00432637897372201 0.880214769655504 52.7912766271193
86 0.836517511770266 0.0723982552775674 0.543136212321042 0.835246071329055 -0.0613704289435319 0.997375095425424 -0.0384264163878734 -0.0235325917500167 -0.544492537095754 -0.00118813210187557 0.838764845108054 53.2349871653548
88 0.784334449889625 0.0793344054446059 0.615244278989321 1.24266066768758 -0.0653327871978185 0.996836962990891 -0.0452514765732836 -0.0462205766123986 -0.616888237554667 -0.00470333156908487 0.787036708825483 53.7038052903246
90 0.721204049227389 0.0846412353080879 0.687532239726647 1.73198921639699 -0.0684831957906868 0.996356896052177 -0.0508231008849936 -0.0773028272597084 -0.689329218350936 -0.0104305788330598 0.724373130198032 54.1676059112334
92 0.645298643526886 0.0808211756686599 0.759643072913784 2.33099165548296 -0.0618295690832091 0.996651039873693 -0.0535145690973101 -0.114043991114549 -0.761424168942217 -0.0124355250078841 0.648134702564546 54.6183692078607
94 0.556452895294577 0.0800395269571968 0.827015023710423 3.03170603242158 -0.0558856594831147 0.996700731635588 -0.0588595329680768 -0.151779166540597 -0.828997568381488 -0.0134657224667277 0.559090069609566 55.0400218093381
96 0.458952074457938 0.0768463497597325 0.885131420682466 3.83036592442668 -0.0507440446195467 0.996893388017994 -0.0602379852058104 -0.200916091970297 -0.887010730085271 -0.0172688000339006 0.461425783045317 55.3947150502355
98 0.359343747565054 0.0743821767409342 0.930236186604877 4.73284823516013 -0.0534747266658939 0.996821755626628 -0.0590494802471286 -0.249040730238876 -0.931671897555094 -0.0285250642896474 0.362179231891285 55.7231288314011
100 0.263674305230364 0.0714960659955988 0.961958509140824 5.70147946680628 -0.0400874489553035 0.997200049900256 -0.0631273072068079 -0.305089108275833 -0.963778427439388 -0.0219174137634838 0.265802125229238 55.9238769793994
102 0.177901501118499 0.0645950341292071 0.981925932779877 6.74922966759498 -0.0175292472662563 0.997892921993821 -0.0624695263701643 -0.364333935841335 -0.983892159431136 -0.00609899995743397 0.178658951103649 56.028281243406
104 0.106465904918684 0.0669843152502312 0.992057514764292 7.81836166757747 -0.00510688940937671 0.997751927091107 -0.0668207427865285 -0.419541714484316 -0.994303238841354 0.00204780283246403 0.106568643292261 56.1126092870524
106 0.0522683879932156 0.0635366215196401 0.996609809977034 8.92732139157184 0.00916203936353511 0.997901454807174 -0.0640994814988988 -0.486802532797919 -0.998591043746784 0.0124813548782432 0.0515765753914668 56.1570256094574
108 0.0162058767177631 0.0645033138300113 0.997785894901685 10.097619799959 0.0166634933924974 0.997760928895446 -0.0647723456241489 -0.541680420654381 -0.99972981227318 0.0176762913147266 0.0150947400636798 56.1619305383839
110 -0.00919528195755959 0.0650624463600258 0.997838827097528 11.3147494702692 0.0180442350391336 0.997729331994892 -0.0648890257199024 -0.612242004980747 -0.999794905153839 0.0174085654398754 -0.010348404599362 56.1481324351276
112 -0.024462711631414 0.0700420374701445 0.997244046724105 12.5744070803998 0.0271334963760258 0.997221590821057 -0.0693748670249691 -0.681127380565592 -0.99933245174669 0.0253616203613023 -0.0262952295787411 56.097514754091
114 -0.0328406691174874 0.0666564530531056 0.997235382303644 13.8854724768826 0.025265143126418 0.997510099901294 -0.0658427910838566 -0.753518029334804 -0.999141212739579 0.023032973348873 -0.0344429839588962 56.0468014292836
116 -0.0364606137084729 0.0541839102018698 0.997865084830228 15.2832201244281 0.0247260907909659 0.998272236117817 -0.0533025612004722 -0.826508902248509 -0.999029150766983 0.0227298585910445 -0.0377373746600462 55.9974090869995
118 -0.036602966871784 0.0539033929153853 0.997875065851629 16.7434483464901 0.0307496940482438 0.998132125837432 -0.0527893520247062 -0.902587601502381 -0.99885668598259 0.0287521060699654 -0.0381921099760012 55.9407742060249
120 -0.0336429230330209 0.0693494103316466 0.997024981139614 18.1745590689202 0.0325913559684219 0.997135266099408 -0.0682573411216929 -0.971765362962783 -0.998902376234001 0.0301980195959346 -0.0358067363292121 55.8881680363435
122 -0.0294340691458777 0.0657737226274916 0.997400347395788 19.6180313265982 0.0326494561147803 0.997363506654214 -0.0648077820158898 -1.04797791373778 -0.99903335709521 0.0306570221341187 -0.0315039426888672 55.8406755134228
124 -0.024166666908056 0.0575111015449998 0.998052325987789 21.1149018707146 0.0303487832760081 0.997925967453615 -0.0567689601404869 -1.13893906697558 -0.999247178411939 0.0289177571890874 -0.0258619364111048 55.8045243592226
126 -0.0173505443113939 0.06845455536135 0.997503349599578 22.5465025537135 0.0398256779747315 0.996909110683577 -0.0677210484999457 -1.2194689874712 -0.999055991416873 0.0385512501270565 -0.0200231647770723 55.7456349457934
128 -0.011869722031228 0.0654920040274111 0.99778249488923 24.0227063606621 0.029343667828218 0.997445851341061 -0.0651208323111232 -1.30466063014213 -0.999498903879984 0.028505631916865 -0.0137611806082047 55.7431582757361
130 -0.0036522163776942 0.0628494901376676 0.998016333987058 25.5683547906981 0.0380894134615844 0.997307493303489 -0.0626654640361322 -1.40722012409251 -0.999267660788481 0.0377849889525792 -0.00603628297634362 55.7248015387474
132 0.00283439271880725 0.0682232009079839 0.997666056892678 27.1080050667912 0.0342089338240868 0.997079511500497 -0.0682802796753964 -1.49798671660331 -0.999410683885526 0.0343226252463293 0.00049227194234025 55.7379686163269
134 0.0102441678475845 0.0644933602140461 0.997865553826472 28.7016172041398 0.0376290625714262 0.997186230441831 -0.0648357576280778 -1.60017050330178 -0.999239265979428 0.0382129337464746 0.00778851843301043 55.755262458484
136 0.017469457850369 0.0659360167809385 0.99767091755422 30.2931708197226 0.0450878739488604 0.996756165441899 -0.0666650603864864 -1.70088311389538 -0.99883026669459 0.0461474630356426 0.0144398750059738 55.7672472362154
138 0.02355130425375 0.0643995050832343 0.997646249836575 31.8070690467404 0.0470665926635715 0.996745060518714 -0.0654524268960739 -1.79199693953611 -0.998614075568229 0.0484972996833735 0.0204435809102105 55.7946550299743
140 0.030090800507576 0.0638042464194882 0.997508677588148 33.3761536465021 0.0474548372129855 0.996744055341613 -0.0651868588462737 -1.88773136256231 -0.9984200429428 0.0492981366787447 0.0269650063990626 55.8405484537371
142 0.0359891033219005 0.0655280398461727 0.997201514457336 34.9073366456932 0.046445096110373 0.996660033969276 -0.0671686663233643 -1.9804673687685 -0.998272326316514 0.0487324602526863 0.0328254448307493 55.8973504085327
144 0.040909501754088 0.0655484173876685 0.997010440087868 36.4154824853908 0.0426275016119051 0.996822753095671 -0.0672851768006484 -2.07361077367354 -0.998253128606447 0.0452526672002821 0.0379853568984315 55.9684667769346
146 0.0469612826295431 0.0675149918110795 0.996612444139917 37.9358246936188 0.038361318234917 0.99685530714797 -0.0693390645610848 -2.17107247974807 -0.998159830486615 0.041487618534651 0.0442236397332432 56.0487411370027
148 0.0538950709934899 0.0731933275992841 0.995860461167904 39.4618692642256 0.0377822892640589 0.996446310720038 -0.075281129577021 -2.27169972489501 -0.997831558901889 0.0416831698335085 0.0509381331819024 56.1307359805945
150 0.0594812998723991 0.0748231385694401 0.995421253992554 41.0153844710674 0.0280677377663891 0.996667228475294 -0.0765939800510022 -2.3750672415066 -0.997834744365102 0.0324951322199874 0.0571829460577067 56.245990460001
152 0.0672859303438679 0.0764432212600421 0.994801003970718 42.551934665286 0.0296414435819914 0.996467347463191 -0.0785761430845785 -2.48823641885526 -0.997293331171996 0.0347744067247851 0.0647823451011418 56.3472650052619
154 0.0749217349971836 0.0754138437916387 0.994333689356638 44.1682162413322 0.0250900282922631 0.996677986009227 -0.0774821442971512 -2.60111169375402 -0.996873725255764 0.0307529570799531 0.0727807084709494 56.4807209409023
155 0.0798982613385739 0.0752159868983319 0.993961177888746 44.954273631976 0.0256384196362146 0.996664085207313 -0.0774814345274294 -2.66360631808691 -0.996473250656349 0.0316742256855779 0.0777033085112131 56.5439374512717
156 0.0846014675326372 0.0788517778170357 0.993289982244066 45.6708372272054 0.0218953074437471 0.996476051337118 -0.0809695907333624 -2.71713073357959 -0.996174275517727 0.0285985357435874 0.0825768523864576 56.612549477989
157 0.0906650838795815 0.0874070004838354 0.992038234561313 46.4532509982874 0.020132552425822 0.995776460775431 -0.0895763389427053 -2.77968319795292 -0.995677921266677 0.0280937080495918 0.0885224303218927 56.6902602295191
158 0.0979805864193564 0.0921171596681733 0.990915855953263 47.1967866067168 0.01862094472871 0.99536286247933 -0.0943717776369809 -2.84022696552553 -0.995014102966551 0.0276983914988166 0.0958109284270272 56.7660715267738
159 0.105153934588382 0.0951392869424334 0.989894522724855 47.9550049373904 0.0145925211676584 0.995158343102439 -0.0971953212844132 -2.90277227525384 -0.994348886642186 0.0246655272332495 0.103256493257093 56.8606463540288
160 0.112132433395143 0.0933979798854608 0.989294260942718 48.7889110464558 0.0107309961434674 0.995401200152126 -0.0951908422983821 -2.97736854481338 -0.993635327020257 0.0212900936827816 0.110614505415545 56.9666111995934
162 0.127079810217001 0.0880344483006413 0.987978065418263 50.4956606792242 0.0102003386349092 0.995884916146515 -0.0900510237786476 -3.12408186570449 -0.991840045030923 0.0215213778427659 0.125658884957669 57.194317288801
164 0.141902951672443 0.0753272992322635 0.987010309113852 52.1024627460684 0.00545320108079649 0.997025773555248 -0.076875675376103 -3.25158240943379 -0.989865553953981 0.0162912509320985 0.141070125251403 57.4386221718089
166 0.156533472898164 0.0744371245815687 0.98486363845279 53.7343285361682 0.00506743547602664 0.99708227136711 -0.076166037202289 -3.37946275174545 -0.987659654415495 0.0169132672607094 0.155699545376446 57.7029391211824
168 0.167386992721472 0.0848001215019483 0.982237514077383 55.3164245172972 0.00425097255083713 0.996222616364042 -0.0867319311277844 -3.50013848110237 -0.985882104462818 0.0186932618351511 0.166394224845481 57.980165240933
169 0.172396177368855 0.0877746914307696 0.981109148654134 56.0685874701926 0.00280326500029903 0.995974141385499 -0.089597161767299 -3.56669520214305 -0.985023705163457 0.0181965171296766 0.171456079012688 58.1203388309776
170 0.177454847297645 0.0873248148112288 0.980246986166626 56.8353065943452 0.000286014652553758 0.996050820124522 -0.0887844689395928 -3.63390344759227 -0.984128901804122 0.0160355993792433 0.176729070009324 58.2709136451857
171 0.182686993785651 0.0844790702354888 0.979534965682037 57.6073000665437 0.00417488439032264 0.996225961135965 -0.0866972012180929 -3.69915407898772 -0.983162261603795 0.0199278962981642 0.181644835619515 58.4160530878412
172 0.187109619507937 0.0778416080268267 0.9792500571087 58.3660188914291 0.00485150909733664 0.996770098802287 -0.080161293609562 -3.75908296544198 -0.982327060172463 0.0197497897071795 0.186127624654291 58.5637015432431
173 0.19041408625793 0.0717069407149755 0.979081503455078 59.1198018799624 0.00295101751048695 0.997282451501726 -0.0736138806364624 -3.81990752067795 -0.981699428160275 0.0169064064781822 0.189685018306097 58.718542463169
174 0.193509706231192 0.0684056474801303 0.978710713636641 59.860656000366 -0.000754614391776968 0.997576435370671 -0.0695750397072503 -3.87635157699744 -0.981098070608356 0.012724896304877 0.193092342837806 58.8780349088941
175 0.196833420277808 0.068475820386512 0.97804277344303 60.5866063333528 -0.00227735685375973 0.997587296784934 -0.0693858698806136 -3.9289585249774 -0.980434300862379 0.0114301056741815 0.196514463530745 59.0299830807606
176 0.19889707742271 0.0706309752783825 0.97747185019515 61.2951240960888 -0.00427443896160907 0.997452544573089 -0.0712049892650311 -3.97906080934958 -0.980011062062193 0.00998432050237992 0.19869230377606 59.182840210227
177 0.200418284740984 0.0749143062380575 0.976842033218449 61.970775788911 -0.00834140711271363 0.997166548104875 -0.0747615962108046 -4.03019432319834 -0.97967491142157 0.00683535379318146 0.200475299899165 59.3358963858242
178 0.202337689296221 0.0789581760565344 0.976127586908644 62.6491879264362 -0.00961538771179781 0.996856565987069 -0.0786417902111922 -4.08425536097246 -0.979268606567891 0.00652635290914255 0.202460867597389 59.4852185659947
179 0.204402405875391 0.0844993552216093 0.975233056986629 63.3484307086838 -0.0101884496601905 0.996396982386206 -0.084197678027268 -4.13909205145011 -0.978833924609213 0.00727409504983317 0.204526857833714 59.6371838063356
181 0.207475937819159 0.0864708384625888 0.974410862686596 64.6851123028379 -0.0117683624508819 0.996234111073876 -0.0859016971780407 -4.24647190774676 -0.978169331389655 0.00635531497409898 0.207712226650948 59.9332909646503
182 0.207971502145221 0.0834456264332844 0.974568972276779 65.3691574643335 -0.0117063499139052 0.996495356169105 -0.0828249147606078 -4.30552698713688 -0.97806483203679 0.00581657653310648 0.208219479805038 60.0829699941835
184 0.208424874801884 0.0795331800297829 0.974799233092727 66.6798104090146 -0.0106975760223683 0.996813881836764 -0.0790420574426478 -4.41630158395501 -0.977979873735173 0.00604634202401144 0.208611620762277 60.3758192789435
185 0.206936151316892 0.0787369108067499 0.975180972001998 67.3179706866133 -0.0110475430089689 0.996880817744887 -0.0781446543645225 -4.46851340232541 -0.97829207349933 0.00539760029046284 0.207160529154294 60.5177872602506
187 0.202974004595076 0.0823335704605812 0.975716524731364 68.5551345760113 -0.0130385812811065 0.996597595879412 -0.0813832125536475 -4.57159906888608 -0.979097313272186 0.00379671734379748 0.203356917956083 60.7903421824894
188 0.200741690506598 0.0861137513937407 0.975852035665987 69.1547093783705 -0.0112698716766428 0.996266112015361 -0.0855968693480578 -4.62382956970593 -0.979579381002349 0.00618513303765527 0.200962634448201 60.9141850073761
189 0.19913326478249 0.0866275771083289 0.976136059031428 69.7668662002031 -0.00888416743728696 0.996203886508577 -0.0865961204336125 -4.6726707312295 -0.979932147868419 0.00857201198943433 0.199146946209175 61.0361293116613
191 0.194404262142069 0.0826201843258529 0.977435874112957 70.9547699593005 -0.00988482723404193 0.996560992050526 -0.0822707682826879 -4.76794513652497 -0.980871690411927 0.00633200325589576 0.194552390587257 61.2779375616169
193 0.190440900126072 0.0776586286781924 0.978622195206605 72.1146110550091 -0.00624847891492871 0.996941875476743 -0.077896427595654 -4.8717286913693 -0.981678776418448 0.00871976563549199 0.190343756443023 61.5042613292509
195 0.185845677232744 0.0812225853962115 0.97921615380643 73.208941598541 0.0013511549764902 0.996555518824693 -0.0829172616544753 -4.95670998915461 -0.982578016563638 0.0167328874257358 0.185095790995542 61.7079127787199
197 0.182917839267775 0.0856548172026181 0.979389767338619 74.2922236445442 0.000444091487619724 0.996190107062035 -0.087207071814625 -5.04268084001563 -0.983128102975578 0.0163866678039378 0.182182903308527 61.9145135434942
199 0.182463492058157 0.0824271121404872 0.97975142013172 75.390188825288 0.00847344270397047 0.996310859360895 -0.0853983154886351 -5.13203015720848 -0.983176115878882 0.0238839423825604 0.181091917162476 62.1084047416982
201 0.186594226131977 0.0799453361431189 0.979178910109472 76.5097443484514 0.0162511001344996 0.996296058834539 -0.0844397116005473 -5.21751945263658 -0.982302650163699 0.0316686971586906 0.184603892433621 62.3094105838476
203 0.195380862007163 0.0802015852173576 0.977442593961385 77.6146540049637 0.0123529065619029 0.996370285304134 -0.0842238699088995 -5.31123322391218 -0.980649644093552 0.028529989337209 0.193680962532739 62.5384494285636
205 0.209623148591572 0.0793935658507817 0.974553640019909 78.735760270861 0.0115292603256094 0.996428037038693 -0.0836555028647959 -5.39606348186366 -0.977714279189427 0.0287720125245895 0.207959033380098 62.7838595286649
207 0.226605386372232 0.0769154998486535 0.970944903045545 79.8617391245617 0.0084633504522262 0.996683879362853 -0.0809296998470708 -5.48623742802562 -0.973949880931362 0.0265565528871114 0.225202972743567 63.0633557186846
209 0.245824271621539 0.0804149174990354 0.965973016458205 81.0100679049105 0.00196555361077795 0.996509424064762 -0.0834572007026346 -5.57447479878335 -0.969312418202069 0.0224144773247113 0.244808143503269 63.3744636168112
211 0.266046728046467 0.0854087916048186 0.960168983467167 82.2029408121751 -0.00566161341113153 0.99618837599051 -0.0870440444543671 -5.66556437900161 -0.96394350696986 0.0177216776292654 0.265516209510178 63.7264187331737
213 0.286277844573384 0.0878801203659062 0.954108002351354 83.4485865220734 -0.00991849592241902 0.996003393565088 -0.0887629621264656 -5.76726557366182 -0.958095307965264 0.0159475531446442 0.2860053433131 64.1128133729265
215 0.30662184011634 0.0893148829412252 0.947631731659966 84.7257910600175 -0.0148171245176577 0.995915035587165 -0.0890712900571421 -5.8659486552093 -0.951716081604539 0.0132700254939679 0.306692690553087 64.5480021305504
217 0.327995363789783 0.0773384344607008 0.94150826225136 86.0577959421811 -0.0105703254106212 0.996881295874297 -0.0782045405120218 -5.96841466011749 -0.944620193280411 0.015698678006468 0.327789935714518 65.0132133642138
219 0.349157714524638 0.0697109043830452 0.934467377813709 87.4172376560383 -0.00967805370687106 0.99744409100977 -0.0707928003835204 -6.06614420192499 -0.937013994380222 0.0156740269169088 0.34893996505965 65.5258541736715
221 0.367564772923571 0.0617959164398885 0.927942564180024 88.8008307734553 0.00315561109877607 0.997701314277405 -0.0676914293521124 -6.14907109223162 -0.929992569768295 0.0278092107132343 0.366524853148146 66.0602656229142
223 0.381913293078469 0.0477018924250363 0.922966286507276 90.2659332035783 0.0185710908741492 0.998069347131618 -0.059267975332459 -6.23969519828675 -0.92401155358237 0.0397757184138156 0.380290074904619 66.6429935993608
225 0.396741033344168 0.0539504319662971 0.916343769199994 91.6900497064619 0.0231373370068741 0.99736638950115 -0.0687382624865597 -6.32865128374935 -0.917638935582636 0.0484730438913298 0.394447902667358 67.2555581046798
227 0.409329621349575 0.060276941425556 0.910393294910608 93.0631485434055 0.025060984738179 0.996696045968671 -0.0772589088349662 -6.42174241927682 -0.912042328036241 0.0544397123687934 0.406466615587845 67.87260157635
229 0.417649340240177 0.0657622057690493 0.90622533670679 94.4396134247394 0.0108541258696065 0.996945087468126 -0.0773477893981306 -6.53888805076332 -0.908543458811163 0.0421405370820075 0.415659666777868 68.5402935885827
231 0.425834281719623 0.0730616477334973 0.90184652804277 95.8037885457702 0.00679982599725783 0.996447915264985 -0.0839363719163077 -6.65472625289909 -0.90477562239416 0.041875384112054 0.42382487577622 69.1988540724125
233 0.43308667753934 0.0745959456529689 0.898260193167923 97.129192005389 0.00239846099034557 0.996470601195102 -0.0839082137740433 -6.77433296785046 -0.901349087270195 0.0384939715541547 0.431379226471529 69.8534799429376
235 0.440592013494794 0.0687117457821312 0.895073948697076 98.4208218322118 0.00326064117046373 0.996937340299576 -0.0781364686658159 -6.88906434526407 -0.897701534956781 0.037344819024576 0.439018585743543 70.495235647065
237 0.447445814630553 0.069326194639081 0.891619942411825 99.6524739511552 0.000298819364603679 0.996979221204153 -0.0776681607490957 -6.99840504166027 -0.894310993825184 0.0350187267618953 0.446073463791994 71.1323790708432
239 0.452460986993231 0.0680004728138897 0.889187826584574 100.860081865231 0.00335232124063544 0.996951826978796 -0.0779475248224096 -7.10020682009871 -0.891777896783392 0.0382490572528008 0.450853848190144 71.7500586706413
241 0.456093843325771 0.0666307196374687 0.887433802196491 102.016291604571 0.0039667573721736 0.997031054335452 -0.0768982543799713 -7.20312093541955 -0.889922845485089 0.0385930549623829 0.454475417588667 72.3482995984702
243 0.460557489670117 0.0678421407630379 0.885033469788261 103.151261828012 0.00470563898093684 0.996874276137101 -0.0788640256258303 -7.30122377124634 -0.887617403879927 0.0404860656623816 0.458798673512294 72.9417806822769
245 0.466451333906894 0.067068740260707 0.882000531278934 104.265520767668 0.00944995064795245 0.996686564688015 -0.0807873146177893 -7.40181245258336 -0.884496382993866 0.0460182121582775 0.46427198130032 73.5212467616155
247 0.473090107671984 0.0641572681647502 0.878674908577995 105.326797619662 0.0141206650829539 0.996664658682744 -0.0803751513244263 -7.49735606113815 -0.880900877988282 0.0504321630950498 0.470606247392689 74.0885994394247
249 0.479541549455747 0.0629720466647214 0.875256775857484 106.366788463101 0.0154270007671887 0.996662695995604 -0.0801590796984573 -7.59548432404008 -0.877383559221912 0.0519421962341855 0.476969703710265 74.6671691096623
251 0.48698202887211 0.0637827928507361 0.87107993829026 107.409814346495 0.0165488451701405 0.996477091800825 -0.0822164292565963 -7.69031002675512 -0.873255197109721 0.0544532905555786 0.48421090432634 75.2485764223739
253 0.495981588899624 0.0673308224912627 0.865718674752517 108.433639749155 0.0162270744763569 0.996096414896746 -0.0867675877490406 -7.78922897022079 -0.86818140127887 0.0570832074475389 0.492952900286588 75.8321363084463
255 0.507278985144228 0.0802008659507189 0.858041870966561 109.399536630476 0.00742200910014654 0.995216616478471 -0.0974104720554234 -7.88774417634434 -0.861749931831712 0.0557826799813159 0.504257223648945 76.4201401182771
257 0.519608595720778 0.0909852741409648 0.84954610654312 110.344853603497 -0.00139764216727901 0.994402988793652 -0.105644415255253 -7.98786584584125 -0.85440327354795 0.0537063847949726 0.516827505443355 77.030333849299
259 0.530436647400593 0.0904366932170556 0.84288680593208 111.316479087653 -0.0120518255221054 0.994997230798152 -0.0991729005605596 -8.09295939524871 -0.847638906962159 0.0424466161663574 0.528872922524893 77.6777519385317
261 0.541642672353792 0.0862525385942152 0.836172060685775 112.322207499297 -0.0246798546877752 0.995924838983961 -0.0867445667887115 -8.20200585895497 -0.84024646399615 0.0263479540159073 0.54156409136975 78.3713189616388
263 0.554010227744573 0.0879470899351268 0.827851422011431 113.353176727197 -0.0323247646123632 0.995926927698824 -0.0841704477660434 -8.29823605679296 -0.831882069254508 0.0198711865856988 0.554596573011874 79.0918711207895
265 0.566293693643036 0.0952298211865276 0.818683536964625 114.415045148167 -0.0389413165882338 0.995284753100251 -0.0888359955679467 -8.39679440035567 -0.82328307792794 0.0184266492601144 0.567331853675204 79.8462234963281
267 0.578685929122547 0.098385589037346 0.80959426338466 115.508926341051 -0.0443494508622026 0.995024119901313 -0.0892195439510789 -8.49640322025507 -0.814343736786743 0.0157250336849209 0.580169804170996 80.6550795156964
269 0.591985884945328 0.0985926949793762 0.799895113450633 116.64332554985 -0.0510106466405219 0.995082944833808 -0.0848990390416325 -8.60518874989222 -0.804332410110902 0.00945586577635839 0.594104334816374 81.5190744289363
271 0.607008822327862 0.0967411646664477 0.788784784763956 117.782522056644 -0.0518178468031039 0.99526873315598 -0.0821891693277172 -8.70955163966877 -0.793003909428467 0.00901642174420491 0.609149820462995 82.4111097618416
273 0.622255961218892 0.0997945343884461 0.776426796055975 118.929511451441 -0.0574156944459172 0.994987702024063 -0.0818713066474901 -8.81230627681047 -0.7807054225243 0.00636582493220829 0.624866801417779 83.3644380941458
275 0.634165620899962 0.0995107945747139 0.766766957446443 120.109515388627 -0.0593581957779292 0.995022658060638 -0.0800407055187074 -8.91577566992177 -0.770915410315914 0.00524516053638906 0.636915942984938 84.3682432387421
277 0.641732243806755 0.0955252178389516 0.760956411376873 121.360347351684 -0.0546767109275641 0.995386413600491 -0.0788438006548137 -9.03005958762361 -0.764977244459527 0.00899001537113632 0.643994561376675 85.4303709168511
278 0.645237654770244 0.0916150060126173 0.75846889160987 122.007916518968 -0.0490587663539944 0.995703467735837 -0.078535608373862 -9.08851779530741 -0.76240514577908 0.0134645836228433 0.646959889542963 85.9810457944335
280 0.652919548116977 0.0795738016163413 0.753235735864308 123.321990341189 -0.0357114313429682 0.996594261317304 -0.0743274645124799 -9.20409166183952 -0.756584930697247 0.0216307282757807 0.653537569108388 87.0975454240181
281 0.656309347876328 0.0741872674038703 0.750835727203558 123.971816702876 -0.0304364249023453 0.996947347628374 -0.0719000006669961 -9.26001372252444 -0.753877751316029 0.0243358873250348 0.656563858782061 87.6639125521484
282 0.659608175641188 0.0726907306477611 0.748086300038437 124.614333851461 -0.0302835737247888 0.997074362080873 -0.0701827731247157 -9.31568545164247 -0.750999307449587 0.0236384043225146 0.659879736051446 88.2403373710662
283 0.662818565317287 0.0740581780165749 0.745108673778261 125.246412576058 -0.0307526503984094 0.996949676398209 -0.0717329577180489 -9.36939116764541 -0.748148263357074 0.0246318695671175 0.663074239461481 88.8143106811698
284 0.665760574128867 0.0788218697472269 0.741990546290957 125.851898444378 -0.036299824659941 0.99664882213417 -0.0733038066421387 -9.41908781585656 -0.745281947094695 0.0218686576662061 0.666390712080097 89.376350633245
285 0.668708966314391 0.0826379196209505 0.738917649411259 126.456919369927 -0.0427735654974598 0.996434155103509 -0.0727282382420347 -9.46831177847099 -0.742292893988198 0.0170278825423763 0.669859172327101 89.951027148735
286 0.671468276822036 0.0794480514615868 0.736762078516941 127.103316791216 -0.04290764874149 0.996736428621377 -0.0683770834313612 -9.52192416224465 -0.739790028927886 0.0143003139147178 0.672685821257456 90.5582684687708
287 0.674840806831027 0.0768160856714504 0.733954477074542 127.771259752533 -0.0462431996299676 0.997014888928875 -0.0618294245656977 -9.57410689874468 -0.736513035813781 0.00778461535714698 0.676378553651807 91.1905544485565
288 0.678378479256075 0.0711599614831381 0.731258435003613 128.440032828919 -0.0455247881342798 0.997457268341097 -0.0548314827343396 -9.62366922367834 -0.733300847229528 0.00390611254773262 0.679893086990315 91.8219701385411
289 0.682920128116557 0.0671104447927512 0.727403799009178 129.102158403257 -0.0434668921035449 0.997739838241705 -0.0512429944116867 -9.67032323035954 -0.7291986889073 0.00337688986146449 0.684293700621845 92.4491319292428
290 0.687666501190751 0.0640823198584845 0.723193085850262 129.755849099637 -0.037647799633742 0.997904367854136 -0.0526261893012923 -9.7124887271075 -0.725049947467626 0.00896263907522359 0.68863796350332 93.0695440027047
291 0.692845303822772 0.0608587356631742 0.718513464915036 130.399054061373 -0.0270105680268382 0.997923141150435 -0.0584793431163146 -9.75602933845732 -0.720580192751367 0.0211096814264924 0.693050190941807 93.6829248348977
292 0.698219903924689 0.0624236219838798 0.713156544653284 131.033832322409 -0.0212458034887724 0.997559075651694 -0.0665169633932182 -9.80369358574682 -0.71556801325766 0.0312918839853393 0.697841841966455 94.3038845163784
294 0.709741496514436 0.0584057665564526 0.702036875497578 132.330600358305 -0.0158739822024131 0.99763009105839 -0.066949369704764 -9.90798726469165 -0.704283341287075 0.0363726249778712 0.708986605894451 95.6060370770833
295 0.715641007056159 0.0528796532136841 0.696463704219859 132.985229039862 -0.011402082527109 0.997881612331043 -0.0640490459385922 -9.96832768012324 -0.698375215434863 0.0378949871038295 0.714727940141358 96.2761211424961
296 0.721020018517207 0.0497482606096374 0.69112606915364 133.627808651528 -0.00692267602454936 0.997886758149148 -0.0646072323137539 -10.0227579220147 -0.692879650050501 0.0417986659703374 0.71984071992976 96.9396818864693
297 0.725596053242124 0.0518281864820585 0.686166311185149 134.264109267829 -0.00475811237215305 0.997513584909043 -0.0703136422649542 -10.0762225654935 -0.688104445477652 0.0477544449019247 0.72403852460073 97.6125183453441
298 0.729077738880321 0.0531683308891135 0.682362644976719 134.887220748124 -0.00551095337652605 0.99740185773166 -0.0718273178276533 -10.1313489359571 -0.684408708347607 0.0486072297492739 0.727476499382669 98.2892002881251
299 0.732366082017546 0.0502351130241525 0.679055487666302 135.508797192719 -0.00306508227088188 0.997507928937547 -0.0704878498565354 -10.1904992204299 -0.680904198240062 0.0495415494930809 0.730694948451735 98.9625207441672
300 0.734965518530188 0.0445189964830345 0.67664151921368 136.147014552084 0.000452877421937235 0.997810124302777 -0.0661418985282265 -10.2503920558626 -0.67810432934298 0.0489184504151662 0.733335873754507 99.6544819008674
301 0.736296677232625 0.0403257937928991 0.675456166935477 136.799290567686 0.00360267026306775 0.997974836921597 -0.0635078391876784 -10.3070961320349 -0.676649262072435 0.0491940568187357 0.734660275849011 100.362211291424
302 0.736889204733805 0.0356309556613169 0.675073873694903 137.438494372078 0.00714306137403105 0.998143850830279 -0.0604799944106214 -10.3606961395672 -0.675975795883986 0.0493891490953553 0.735266914345157 101.058365706328
303 0.737162459125754 0.0347186798744656 0.674823030226034 138.068952233408 0.00726050608507097 0.998214519032915 -0.0592879333699011 -10.4121457735166 -0.675676545328503 0.0486043954767423 0.735594194398841 101.749736498598
304 0.736908113467865 0.0354102686087483 0.675064845168439 138.713646744566 0.00560039162727654 0.998273018846193 -0.0584774782059603 -10.4652946111215 -0.675969724114071 0.0468731556518625 0.735437175671983 102.465855457704
305 0.736520061981475 0.0376180931949672 0.675368845419434 139.352581029043 0.00414375477136179 0.99818268851071 -0.0601177981460231 -10.5172161513368 -0.676403006790478 0.0470765272923346 0.735025695457577 103.171403821359
306 0.735333129282247 0.0415739591748278 0.676429445617581 139.976449718032 4.95099938345194e-05 0.998113315177229 -0.0613987590646775 -10.5683224389494 -0.677705825951599 0.045182031654758 0.733943729101087 103.864998254196
307 0.733222906629819 0.0453983206817551 0.678471194430977 140.615229943311 -0.00343814572177726 0.998003594999364 -0.063063488028658 -10.6233733259687 -0.679979667598463 0.0439069111601054 0.73191518279447 104.576422929291
308 0.731260476558402 0.0481573773869138 0.680396195188358 141.249240604333 -0.00754074055219248 0.998014382171607 -0.0625334327424149 -10.677337510315 -0.682056634492696 0.0405975366474368 0.730171615007497 105.270707644593
309 0.728882113866703 0.0496541177713046 0.682836241476358 141.883812822164 -0.00987745241667564 0.998025386200475 -0.0620303509030025 -10.7325905630539 -0.684567965960256 0.0384681308065095 0.727933309372013 105.959352559019
310 0.726700344574988 0.0488958587010169 0.685212232958872 142.516647956529 -0.010582897486336 0.998142127553751 -0.0600024623100186 -10.7864208703508 -0.686873067950249 0.0363522792182512 0.725867687888262 106.636799632648
311 0.724205130695578 0.0475808658360278 0.687941123847451 143.156849508606 -0.0116665313514348 0.99831932202454 -0.0567663925107835 -10.8384397472911 -0.689485910458239 0.0330846260180808 0.723543078745708 107.319145713025
312 0.721510373957137 0.0435875864662088 0.691030319579599 143.809543396978 -0.00762232240491292 0.998456140594223 -0.0550203190725521 -10.8919316406816 -0.692361668836012 0.0344304751018724 0.720728702016835 108.001216310918
313 0.718795659618885 0.0477122214174545 0.693582254415772 144.453988444049 -0.00815756398481411 0.998152410411572 -0.0602097977027272 -10.9479438418187 -0.695173542263287 0.0376205996361231 0.717856835741036 108.673764578095
314 0.715272595052124 0.0579830760683525 0.696435982454276 145.094860156713 -0.0137995376719097 0.997529617162525 -0.0688784120289366 -11.0033329043634 -0.698709301159962 0.0396563459390557 0.714305737551729 109.347961233145
315 0.711907911948534 0.064726288216108 0.699283656693651 145.746288364843 -0.016381253212596 0.997003167422812 -0.0756064725540469 -11.0603464211628 -0.702081746984113 0.0423697033580169 0.710834740842828 110.021828516601
316 0.708306840565383 0.0631782161622843 0.703071783398279 146.382228645484 -0.0177991063212686 0.997268626265109 -0.0716831840912983 -11.1187957117017 -0.705680247295083 0.0382596402211844 0.70749670565148 110.67093689526
317 0.704478393874332 0.0614168415301067 0.707063055279165 147.012891990667 -0.0207744063157894 0.997606282229709 -0.0659555130223689 -11.1811189020416 -0.709421325170359 0.0317754186799032 0.704067969844708 111.315259007375
318 0.700990932519763 0.0596794528322128 0.710668752257141 147.65830205194 -0.0227408119309069 0.997856278857638 -0.0613653177056099 -11.2358237050911 -0.712807525211257 0.026855346842575 0.700845362650113 111.964886146708
319 0.697749876041674 0.0597366134167157 0.713846375280656 148.312423872158 -0.0222831804568159 0.997844626408731 -0.061721644630955 -11.289515425338 -0.715994811679916 0.0271595022915143 0.697577086122186 112.611418817683
320 0.694706435602236 0.0580479884752455 0.716947277954812 148.969246829473 -0.0203273047071541 0.997924596744941 -0.0611007356321503 -11.3420748814787 -0.719006098038243 0.0278734684857335 0.69444459875385 113.248345819841
322 0.688475050300826 0.0565144043032795 0.723054788532322 150.282531921779 -0.0128545567069524 0.997753638792791 -0.0657452404939923 -11.4498755554144 -0.72514609940697 0.0359694089747191 0.687654954270575 114.498470372298
324 0.680775300608152 0.0575461516059367 0.73022834135442 151.585452682836 -0.0103335446782696 0.997564520475702 -0.0689800358253332 -11.5596108264008 -0.732419420780377 0.0394140574342277 0.679711942031555 115.720534925109
325 0.676670414036872 0.0591641907062771 0.733905136448328 152.233029253954 -0.0124190764889564 0.997541648583185 -0.0689668462458779 -11.6165412270856 -0.736181307360034 0.0375534003788257 0.675741684975597 116.322350177056
327 0.666074043633834 0.0616200813801702 0.743335949600162 153.577562681063 -0.0143760905690622 0.997457129257539 -0.0698040350786335 -11.732959322831 -0.745747072684314 0.0358083909720917 0.66526615930676 117.551329938034
329 0.653592769721873 0.0746869628417185 0.753152274741815 154.91464216631 -0.0215000982042939 0.996549652963709 -0.0801656719245638 -11.8565964501752 -0.756540968582995 0.0362028556800543 0.652943424881599 118.744695586915
331 0.640638471169573 0.0718274895997152 0.764475742581356 156.32733024647 -0.0222691012153429 0.996934337472913 -0.0750067590187987 -11.9847437761659 -0.767519665147788 0.0310280277369692 0.640274023451039 119.950988247777
332 0.633508867335086 0.0679475585717954 0.770746160737729 157.049623584737 -0.0281199453719127 0.997500381668828 -0.0648248196512883 -12.0470675666073 -0.77322427773583 0.0193937581369325 0.63383601859253 120.564965906959
333 0.626369597441678 0.0630940596209421 0.776968639676853 157.785489482178 -0.0272717482861015 0.997882564346283 -0.0590477731934559 -12.1046032581907 -0.779049022299733 0.0157964367575507 0.626763985435981 121.167675725479
334 0.619288890077084 0.0641534528330498 0.782537925673057 158.530872182877 -0.0319773660469557 0.997890266263978 -0.0565018986964611 -12.1536662056796 -0.784511770904549 0.00996749643610649 0.620033813857764 121.768681806553
335 0.611452415347711 0.0655559945682109 0.788560939523144 159.277122758374 -0.0304575305082362 0.997773562091668 -0.0593317590017722 -12.2017809913823 -0.790694810025202 0.0122609284753324 0.612087728215599 122.349551423341
337 0.598206409194213 0.0739121061342433 0.797926119741524 160.794008962877 -0.0235651175561754 0.996929150651492 -0.0746790051879209 -12.3153278418304 -0.800995491394008 0.0258702367228103 0.598111154902144 123.486792656803
339 0.583844740147817 0.0708752886544793 0.808765734227083 162.333698274778 -0.017067649735006 0.997033481943763 -0.07505285614565 -12.4417625355032 -0.811685908916899 0.0300154850242457 0.583322428785751 124.606750629047
341 0.569760081222889 0.0641340615446212 0.819304749159113 163.893788338952 -0.0122656173661918 0.997502820178108 -0.0695534209607746 -12.5737780958728 -0.82171954125207 0.0295794842164513 0.569123931703786 125.701863843596
343 0.556729942903304 0.0632948451662638 0.82827865676369 165.430367588395 -0.00871445015978736 0.997483065563413 -0.0703675512763367 -12.6966290749976 -0.830647836952157 0.0319577297315374 0.555880269911704 126.753730070254
345 0.546671763088692 0.054780394706504 0.835553165153062 166.953734032075 -0.00324808147065086 0.997988948809273 -0.0633048814967926 -12.8182897883683 -0.837340691360608 0.031893046426495 0.545750309373597 127.755363001622
347 0.537384160814034 0.0560483889702941 0.841473019056482 168.423909409049 -0.00516225736835743 0.997989000383493 -0.0631767853916179 -12.9254173763512 -0.843321774179381 0.0296063035077046 0.536592817681667 128.714352499187
349 0.530513644236742 0.0645700255508945 0.84521357364811 169.871014249774 -0.00467167264382864 0.997302186611399 -0.0732565632201745 -13.0378035512746 -0.847663523311792 0.0349150451879896 0.529384067446462 129.636699961378
351 0.524484596707195 0.0625013361600066 0.849122777220765 171.31641589306 -0.00647519059034662 0.997565936126881 -0.0694282002223695 -13.154534914318 -0.851395313425973 0.0309157897766269 0.52361267576213 130.548122289809
353 0.519760306358275 0.0489209287599795 0.852910292272061 172.77568620285 0.00166205101212519 0.99829930436359 -0.0582729482144644 -13.2671867157397 -0.854310518207979 0.0317055458308727 0.518795043194113 131.435286650323
355 0.515100694956266 0.049654212756222 0.855690208668495 174.199192050353 0.00867871932618733 0.997967282498575 -0.0631346409926165 -13.3662266264396 -0.857085733101672 0.0399469926023116 0.513622705782758 132.290084354425
357 0.510994154660088 0.0652401870262276 0.857104831336287 175.570050060245 0.00457113898319724 0.996895292287668 -0.0786058579438013 -13.4789457802825 -0.859572032229771 0.0440850792385317 0.509109445204972 133.12192769522
359 0.506330842674426 0.0603945794664086 0.860221815886857 176.933121177611 0.00821381829583942 0.997161459271654 -0.0748435523757943 -13.5849337306735 -0.862300186098559 0.0449613046329951 0.504397531853686 133.921927504026
361 0.499736946215385 0.0491708992972233 0.86478043875288 178.275372425406 -0.00685590833157372 0.998580682382118 -0.0528168277560479 -13.6945394783105 -0.86615009155935 0.0204656647965635 0.499364771941478 134.735756979407
363 0.495203068789197 0.0540152550410461 0.867096461118723 179.579090891132 -0.00567267719282501 0.99824509121895 -0.0589453865093429 -13.7794250601387 -0.868758736010884 0.0242711779714245 0.494640443680712 135.492886589666
365 0.49025561155018 0.054911142452537 0.869847228988008 180.885376708329 -0.00452350670429336 0.998160267781422 -0.0604617044881895 -13.8643851255672 -0.871566964283672 0.0257069301371853 0.489602063427297 136.233754795554
367 0.48541376271894 0.0532519164711276 0.872661281572176 182.128565144592 -0.00461764799340422 0.998285550332135 -0.0583492701331899 -13.9517679468323 -0.87427235818711 0.0242938961514823 0.484827443859907 136.930094598562
369 0.478863443664764 0.0551415107977985 0.87615593138919 183.363388078436 -0.00192233888260156 0.998088881202752 -0.0617647944435961 -14.0356802399291 -0.877887297399127 0.0278926335503753 0.478054279406513 137.60524366413
371 0.470059020270504 0.0588702813538512 0.880669522258862 184.570287891058 -0.00186326601411166 0.997837148874768 -0.065708085995823 -14.1223846836082 -0.882633018701484 0.0292457569365577 0.469152043584074 138.252722858715
373 0.4593673514662 0.0643094472184777 0.88591530712895 185.762674338386 -0.000925563039601586 0.997409757206484 -0.0719230113549373 -14.211831308062 -0.888245900491518 0.0322191127710952 0.458237000941931 138.873570557145
375 0.446461452520592 0.0697824199559871 0.892077678948582 186.995555742041 -0.0010363642818225 0.996994083504125 -0.0774707906687795 -14.3055979925171 -0.8948022671866 0.0336632042868286 0.445191746683229 139.500225001898
377 0.43325078906038 0.0730154668545021 0.898310912423186 188.238301693362 -0.00900909785699691 0.997014044444923 -0.0766930983555944 -14.4014850433218 -0.901228378345002 0.025134374462018 0.43261492494601 140.121792443632
379 0.419962513062301 0.0770139640965491 0.904267845804843 189.475581696008 -0.0102603489427276 0.996732115550318 -0.0801237484779728 -14.501471128066 -0.907483450461754 0.0243708671311349 0.419380314241509 140.696644712861
381 0.404749175075833 0.0854637524784913 0.910425204114939 190.736210139367 -0.0150774773343613 0.99611128157736 -0.086804287863801 -14.6021867949187 -0.914303437023325 0.0214070485262443 0.404463797293071 141.273677716149
383 0.389928274452461 0.0906657426312559 0.916370920476883 192.046008388867 -0.0169036956876246 0.995678154256418 -0.0913196485354233 -14.7157216728393 -0.920690070465967 0.0201180578002931 0.389775650721947 141.844832265649
385 0.375439183071474 0.0932796700923745 0.922141162166662 193.382070707237 -0.0144866415221224 0.995391755151676 -0.0947913023092064 -14.8345621045088 -0.926733811313709 0.0222296406521478 0.375060376532156 142.385301013686
387 0.360561014189151 0.0897117818552801 0.928411304995389 194.819349618149 -0.0111221519121943 0.995706582632134 -0.0918950436088859 -14.9630486370584 -0.932669315879821 0.0228078385514189 0.360010763334764 142.946857934505
389 0.346396563390439 0.0834236473537478 0.934371401495942 196.304167532697 -0.012069186809742 0.996351816987243 -0.0844830842001543 -15.0904962214813 -0.93801053064507 0.0179875470372236 0.346139700916463 143.517226898473
390 0.340750664553833 0.0800260878117016 0.936741591836124 197.071240651431 -0.00835048259423332 0.996589006916888 -0.0821012833812887 -15.1500986223787 -0.940116617259032 0.0201538225149747 0.34025662284733 143.794055135074
391 0.335375012098877 0.0740317443418639 0.939171391221741 197.838939873413 -0.00879979535273896 0.997110265248478 -0.0754564943385282 -15.2045072142896 -0.942043610912695 0.0170417066578243 0.335057331471437 144.073429153599
392 0.329665032833146 0.0687975025278876 0.941587951161784 198.577630164148 -0.00747834959641932 0.997500364798579 -0.0702644754766941 -15.2556089557299 -0.944068345203055 0.0161222167404641 0.329355482287663 144.325524502536
393 0.324905749652436 0.0682363639364674 0.943281534049892 199.381395964668 -0.00327525433804338 0.997468937018984 -0.0710281098667204 -15.3148431495176 -0.945740729032968 0.0199879543462492 0.324306884184167 144.602026763966
395 0.315521372213217 0.0872322988403587 0.944900412591568 200.983760492083 0.00466388005390062 0.995611058138523 -0.0934712208924885 -15.4297418539375 -0.948907009089685 0.033899070065651 0.313729726275903 145.136750963903
397 0.307345479175084 0.0893058302504211 0.94739813442603 202.619751338966 0.0171763418574928 0.994903684505229 -0.0993560860657976 -15.5677887020704 -0.951442972390375 0.0468094781129058 0.304245202177067 145.647824369425
399 0.298085575440447 0.0755883465365831 0.951541586890559 204.329557142415 0.0269691570057968 0.995794792928216 -0.0875522412474249 -15.7212427402819 -0.954158086631735 0.051760334667736 0.294793509885055 146.156951787283
401 0.288607594437666 0.091533064135033 0.953062093781384 206.036475708508 0.0188148555330451 0.994685309329841 -0.101228141416647 -15.8669440832019 -0.957262585524042 0.0471469359921726 0.285351552969973 146.685469345584
403 0.278282013897548 0.0899703586212914 0.956276348819044 207.761679390811 0.0129152043128374 0.99516275137163 -0.0973873491784477 -16.0260668944256 -0.960412577093138 0.0394516520820543 0.275773909043829 147.20679653527
405 0.267057384550692 0.0884143524936493 0.959616202254877 209.532675545483 0.00866125708938595 0.995521960891917 -0.094132927329094 -16.1882823255682 -0.963641705190563 0.0334503760074779 0.265095711701233 147.72297190226
407 0.25721668252425 0.0924369933745982 0.961922543912494 211.321889804814 0.0110430816160292 0.995068341472189 -0.0985750787380264 -16.346819524951 -0.966290654295922 0.035977743893286 0.254927388416208 148.217371299965
409 0.249232369397209 0.0906604206756452 0.964190807966747 213.166953689563 0.0166728760333567 0.995059274071884 -0.0978726534242931 -16.5170762993409 -0.968300181374262 0.04046886712586 0.246489410612545 148.703268669152
411 0.24299595217361 0.0888338130952831 0.965951096525178 215.074219239326 0.0195224596772492 0.995148291624389 -0.0964300329006019 -16.6913776076147 -0.969830831019199 0.0422898489949218 0.240082752143081 149.186275574113
413 0.237487927945755 0.0854842499845668 0.967621789277509 216.964569301265 0.0175880591464858 0.995578604932385 -0.0922708056556657 -16.860390962357 -0.971231251688027 0.0389317917062908 0.234934397947696 149.660623247957
415 0.232946712762283 0.0884120858734892 0.968462251244077 218.83217257345 0.012068731986575 0.99551931388716 -0.093785080827791 -17.0257963141613 -0.972414610503916 0.0335350376343587 0.230835929892595 150.125110075978
417 0.229278145556281 0.0894487542616466 0.969242205195024 220.706415238806 0.0121783142662631 0.995426975799376 -0.094746105527034 -17.1935321304932 -0.973284758244937 0.033526947548909 0.227140316007854 150.572134545351
419 0.226836649697104 0.0832815139027603 0.970365561938519 222.591842068878 0.0135746534862314 0.995970130208599 -0.0886522899591192 -17.3617580155898 -0.973838211992589 0.0332819647005904 0.224792009841868 151.010878248111
421 0.223588869529884 0.0834379977225155 0.971105616273743 224.451190890343 0.0131607705302672 0.995979860984325 -0.088605364581921 -17.5245175096541 -0.974594690905608 0.0325916714775874 0.221591902850485 151.438615028582
423 0.219970142252112 0.0923560093151913 0.971124865329355 226.311562331308 0.0143231581214437 0.995095149385291 -0.0978799816678217 -17.6903855073271 -0.97540144743537 0.0354402484928829 0.217568391839782 151.864517490958
425 0.214339298252678 0.0897849331781825 0.972623941201706 228.199233144494 0.011462945387788 0.995466485084396 -0.0944196905139773 -17.8693875131786 -0.976692001660496 0.0313869853268512 0.212338388061382 152.28990708578
427 0.207805811089442 0.0800324281933541 0.974890535042235 230.064305197597 0.0126713232425145 0.996343367378154 -0.0844945669782663 -18.0379738905786 -0.978088023873487 0.0299116151191578 0.206031824814081 152.68995727046
429 0.199577145442228 0.0818154499055807 0.976460544606837 231.875064092325 0.0113763206765335 0.996247553946792 -0.0857985465080742 -18.1843803911434 -0.979816075773916 0.0282319572786036 0.197897484176082 153.064994206407
431 0.191367781899983 0.0817610964017036 0.978107098004033 233.750795984902 0.0117039269294665 0.996263527223851 -0.0855686999896579 -18.3393585574991 -0.981448618189006 0.0278227863213176 0.189695815494723 153.43909950515
433 0.183193490693555 0.0803704852928192 0.979786063414513 235.610605920511 0.0116956268646223 0.996403824580957 -0.0839203829393377 -18.4919584013858 -0.983007302760134 0.0268328800958505 0.181594711558481 153.797762171144
435 0.175029088167269 0.082059683250862 0.981137618624473 237.495987822381 0.00748880075872866 0.99638085935078 -0.0846705437717085 -18.6472239267785 -0.984534781589016 0.0221673522137611 0.173781104661297 154.154837320548
437 0.166901972068841 0.0826483648755281 0.982503424677458 239.339234686804 0.000896145813109908 0.996467437472367 -0.0839752521873941 -18.7979814479353 -0.985973087179469 0.0148961015254452 0.166238315430379 154.490118377049
439 0.159925182767731 0.0920944313680723 0.982823764277045 241.124342162601 -0.00656449964817363 0.995715694866047 -0.0922342796458753 -18.9477095709066 -0.987107310914612 0.00829883777500325 0.159844568348465 154.800338604824
441 0.153038899254171 0.091704063916299 0.983956025428122 242.989305814813 -0.00955277297281154 0.99577579054046 -0.0913198746278782 -19.10948314064 -0.988173992697441 0.00457598456693456 0.153268458991541 155.109858937351
443 0.146517038554221 0.0851431605565282 0.985537112250851 244.925701465543 -0.00848381894560513 0.996360431657952 -0.0848169502073588 -19.2774629045136 -0.989171765786609 0.00406600993907226 0.146706118937746 155.417255193291
445 0.139822087457835 0.0842310232686941 0.986587511870104 246.80342659287 -0.00731908262721023 0.996435960373909 -0.0840345637414891 -19.4305892068036 -0.990149592177076 0.00452897260259248 0.13994024981661 155.702765458203
447 0.130929967090887 0.0890406390376388 0.987384984855121 248.623659342027 -0.00747256820638719 0.996018918078918 -0.0888283488155809 -19.5797278486148 -0.991363457285965 0.00425199114186936 0.131074086414322 155.959732366241
449 0.121632364846778 0.0789274687197959 0.989432171754722 250.435560813205 0.00177721493357283 0.996814524919187 -0.0797348381651027 -19.7205730911039 -0.992573629172597 0.0114567705580965 0.12110463690346 156.174160090006
451 0.112095294128464 0.0921044283943146 0.989419738687484 252.18053623602 0.00455159603041187 0.995637109606582 -0.0931988677389737 -19.8687127465439 -0.993687037254602 0.0149505934466612 0.111187012495901 156.371554917955
452 0.106691439037846 0.104163816636425 0.988820932292479 253.052365197804 0.00651183581871815 0.994402815157646 -0.105454431869025 -19.9422178541647 -0.994270854863152 0.0176901246542252 0.105415969660267 156.46366562543
453 0.101066064090334 0.108578698352864 0.988936963083738 253.949760461024 0.00514558875069068 0.993956317390656 -0.109655652091508 -20.0287794625532 -0.994866409929342 0.0161711280745336 0.0998965515475874 156.561985964756
455 0.0902605908331612 0.0967273660633858 0.991209787278601 255.792407234261 -0.00128168311857095 0.995282765122802 -0.0970081168660238 -20.2108196096599 -0.99591735753065 0.00748559309262238 0.0899587842582338 156.760593225978
457 0.0786962680880566 0.0922223445312748 0.992623763849208 257.552266815763 -0.00675815044214722 0.995738298157175 -0.0919759152477139 -20.37071093478 -0.996875731870133 0.000529860555435114 0.0789841405357922 156.92855798113
459 0.0641713309959937 0.0857687864610582 0.994246325387829 259.365408469206 -0.0147216982963858 0.9962727490339 -0.0849934181669684 -20.5243028419187 -0.997830302144344 -0.0091828536649764 0.0651948105380699 157.083324717676
461 0.0503537175393877 0.0838784485144824 0.995202948651564 261.187284437876 -0.0121719550098882 0.996444553062223 -0.0833672368731538 -20.6737897135747 -0.998657271861173 -0.00791571521914486 0.051195652270174 157.199127150661
463 0.0374216197421254 0.0899255579803154 0.995245204157149 262.957526323851 -0.00753883712745529 0.995939859608488 -0.0897048603911201 -20.8123806784089 -0.99927112852851 -0.00414609032144476 0.0379476168475038 157.28011555654
465 0.0249385431035997 0.0858509240912354 0.995995827250572 264.717168088551 -0.00826521360151206 0.996289346458523 -0.085669273239424 -20.9557446705104 -0.999654818080717 -0.00609565139510523 0.0255555810358142 157.334507843321
467 0.0138368354448483 0.086952180087618 0.996116388964103 266.433490388054 -0.00364306224693979 0.996209531755945 -0.0869097056494049 -21.096529902291 -0.99989762980134 -0.00242635871456206 0.0141011595640627 157.357409497044
469 0.00563383901162562 0.0920745333947193 0.995736179998566 268.218445375503 -0.00160213724565534 0.995751535875365 -0.0920668885001395 -21.2438677683511 -0.999982846359995 -0.00107661599271117 0.0057574198880288 157.386291352224
471 0.00161457493980732 0.0883621856449129 0.99608710326749 270.019890476036 0.00627023895442693 0.996067925737352 -0.0883706479592793 -21.4002304486871 -0.999979038405915 0.0063883851905197 0.00105417429271226 157.39693209987
473 -0.00217363661319792 0.0857527629785359 0.996314076456526 271.791714208949 0.0102685363569194 0.996265815272578 -0.0857262064969176 -21.5496188028447 -0.999944914715286 0.0100443496958522 -0.00304607521690525 157.399113893775
475 -0.00363621757024424 0.0889376567308598 0.996030557330952 273.530602239892 0.014041646555088 0.995943483890985 -0.0888786197975046 -21.6923070482713 -0.99989479950833 0.0136627270451818 -0.00487029833634711 157.396503895928
477 -0.00228766355022425 0.0916352338509601 0.995790013262114 275.201023034764 0.0193475663769122 0.995610279709429 -0.0915742464462781 -21.8341268024125 -0.99981020112358 0.0190566223133207 -0.00405054011651518 157.390076101739
479 0.00101658906025937 0.0917325634828434 0.995783160805378 276.928381956957 0.0229104435120986 0.995520166620034 -0.0917317253238993 -21.9873505416248 -0.999737004479059 0.0229070873243736 -0.00108959880324022 157.396834198019
480 0.00328586518939833 0.0903449441356944 0.995905113029889 277.749057262688 0.0238632110404977 0.995619799810208 -0.0903977952425753 -22.0614508104804 -0.999709833025961 0.0240625288571289 0.00111555197372004 157.405554068487
482 0.00895259738195608 0.08518413818105 0.996325004003447 279.325823131729 0.0246759888931101 0.996042697713144 -0.0853817305075781 -22.1981016249827 -0.999655413916347 0.0253496929897259 0.00681516640023838 157.419307535769
483 0.0124161092296788 0.0823297871609393 0.996527795085331 280.089668957037 0.0241024126777183 0.996290410939292 -0.0826104761729931 -22.2628770314948 -0.999632389398578 0.0250444248576431 0.0103857040608821 157.434979267365
485 0.0196906322228076 0.0802314419837922 0.996581755161044 281.613769490646 0.0176101872418898 0.996592546467456 -0.0805802558373761 -22.3910982067811 -0.999651019260207 0.0191366674923507 0.0182106465924606 157.47982832931
487 0.0278263721057908 0.0815839565100265 0.996277948694841 283.180118084083 0.01502165271902 0.996517214837731 -0.0820231094365491 -22.514963825564 -0.99949989643072 0.0172481469213669 0.0265039329677637 157.530885931787
488 0.0313854257396249 0.0792903208350377 0.996357365643984 283.986214915445 0.0144292092291116 0.99670863281845 -0.0797727972820235 -22.5796852399274 -0.999403198400008 0.0168803521009806 0.0301380281501944 157.55890972355
490 0.038301191013979 0.0743885294215124 0.996493535080592 285.458799522112 0.00944709079033882 0.997153736685588 -0.0748009217160307 -22.6986597740581 -0.999221582654473 0.0122789292885594 0.0374894205478928 157.632252668178
492 0.0463030240384867 0.0766123534925997 0.995985229437273 286.838078850833 0.0105143011119914 0.99696201976248 -0.0771762957341295 -22.8035424035047 -0.998872103643414 0.0140455844819781 0.0453568310130009 157.698284410315
494 0.0526913436697031 0.0814850216992862 0.995280771210289 288.201928942312 0.00879756135784354 0.996588736905542 -0.0820578599962904 -22.9148077429231 -0.998572093149231 0.0130797825548693 0.0517947301555006 157.780063508741
496 0.059054674217495 0.082594608558035 0.99483198384964 289.451324149254 0.00365627577199066 0.996546669198539 -0.0829540098896781 -23.0152462002375 -0.998248053892691 0.00853620210882066 0.0585487502258817 157.873848967111
498 0.0655237640368939 0.0821467730255484 0.994463948078525 290.659391898127 0.000832083914216933 0.996600799994623 -0.0823781104811087 -23.1182174117648 -0.997850662164834 0.00622520132743414 0.065232682649388 157.967871860163
500 0.071547473392602 0.0863845824244586 0.993689419773848 291.835673919431 -0.0030293585967459 0.996256819527075 -0.0863896552388627 -23.2124293347289 -0.9974325952352 0.00317071997331124 0.0715413481647056 158.067462187767
502 0.0772791413126527 0.0859410664542949 0.993298579186882 292.944015813852 -0.00552543721946621 0.996299570286695 -0.0857708329799876 -23.3086988969264 -0.996994184467248 0.00113988738288231 0.0774680372491878 158.167044502297
504 0.0829413744046466 0.0860443749669085 0.992832863048168 294.007723109183 -0.00703535722335365 0.99629129736204 -0.0857563673985919 -23.3986934596379 -0.996529594222173 0.000127817121360233 0.0832391224255484 158.266238837743
506 0.0885952215068336 0.0882164858118215 0.992153586072826 295.060208294195 -0.00876662183636799 0.996100900634188 -0.087784634745135 -23.490128241717 -0.996029132640072 -0.000920536132555088 0.089023140505688 158.370514909676
508 0.0931414208587956 0.0910804986098839 0.991478198697974 296.092795516572 -0.00922700966693952 0.995843281317305 -0.0906146861595234 -23.5799992391289 -0.995610133542749 -0.000708398304374114 0.0935946588157222 158.476250453548
510 0.0959133505014745 0.0937872090307758 0.990961446584982 297.098096366659 -0.011114688280892 0.99559009298272 -0.0931495059518686 -23.6680646277743 -0.995327630933654 -0.00207994636377315 0.0965327971371591 158.584447164141
512 0.0970057732562761 0.0956625239245562 0.990675810480571 298.09151715449 -0.010749047978672 0.995412801778887 -0.0950674077813162 -23.7585190063868 -0.99522577233636 -0.00142673441486911 0.0975890696051832 158.691169999013
514 0.0954138822198222 0.0953860129220434 0.990857053070007 299.085263385465 -0.0123867356987599 0.995435072923577 -0.0946339493647112 -23.846776894082 -0.995360617996549 -0.00324409193294909 0.096159846136834 158.794463069119
517 0.0901102718095331 0.0977485427126608 0.991123282600083 300.656893080488 -0.00875363534839295 0.995211139920321 -0.0973558464946145 -23.9879887150382 -0.995893323997405 9.68299886935913e-05 0.0905344014248388 158.944858730359
519 0.0864109072360957 0.106467101236766 0.990554345538333 301.738230136118 -0.000226272301877494 0.994275414959756 -0.106847311652891 -24.0914533063576 -0.996259556496941 0.00900863812376451 0.0859403312052891 159.032994093821
521 0.0817066250149028 0.109993658296423 0.990568232159322 302.792503426367 -0.00122236349598608 0.993901695529468 -0.110262983140911 -24.1802214859392 -0.996655674371123 0.00779838176924393 0.0813428053709938 159.126973973631
523 0.0790115028592533 0.102047852591128 0.991636737014851 303.921646962848 0.0120692841440813 0.994575774601807 -0.103311959401921 -24.2970218412603 -0.996800639444103 0.0201311787224218 0.0773512821294792 159.196448474435
525 0.0737131546474402 0.104520423828771 0.991787200882617 305.084352256767 0.00883371890059559 0.994385286809514 -0.105450778978377 -24.4085621438737 -0.99724036031556 0.0165342789203317 0.0723759723822543 159.290332638775
527 0.0704049585595831 0.104787786254933 0.991999325434254 306.349346923316 0.0107335806327673 0.994329948022535 -0.105795768877128 -24.5265135889907 -0.997460742113204 0.0180962514707728 0.0688810106319825 159.382706529858
529 0.0676642756924671 0.102891104870276 0.992388515821091 307.573585970706 0.0174344002953098 0.994394336186939 -0.104287802957396 -24.6405453244848 -0.997555806700235 0.0243582572839643 0.0654911278016458 159.453254917123
531 0.0631137289401673 0.106061714617567 0.992354558568483 308.848536625308 0.0118887173563318 0.994186472185636 -0.107013629611844 -24.7640250354238 -0.997935526784616 0.0185518520763135 0.0614858777740893 159.547851307338
533 0.0597936496398842 0.111489239739056 0.9919651550761 310.169637928846 0.011823219240654 0.993594392002346 -0.112385033115069 -24.8871834206906 -0.998140737045398 0.0184481328024033 0.0580924732351333 159.629661355497
535 0.0560025273099397 0.109435305989009 0.992415049632961 311.550442265424 0.00511283718315789 0.993930500953653 -0.109890937615252 -25.0262239290009 -0.998417535818977 0.011228226801802 0.0551030951222281 159.721844175951
537 0.0525498459215394 0.115329573785648 0.99193628984126 312.978831806132 0.00799825873833766 0.993228273618687 -0.115903513068401 -25.1753848852267 -0.998586271461198 0.0140244748516067 0.0512715569722588 159.799406061875
539 0.049745207713447 0.125091677635409 0.990897313799924 314.433897145393 0.00948014387907531 0.99202179123229 -0.125709556487606 -25.3265427501087 -0.998716947478903 0.0156472971032538 0.0481624429590575 159.876079526201
541 0.0484056880671963 0.116736079057977 0.991982649651148 315.931660426713 0.0183984919555059 0.99287414873069 -0.117738779830903 -25.4937970081868 -0.998658292338528 0.0239502114495151 0.0459129885219752 159.937831612245
543 0.0462386962308091 0.114777612495052 0.992314507926197 317.45181509041 0.0239185976831353 0.992964987828176 -0.11596738175997 -25.6588460054005 -0.998644022490371 0.0290969520281067 0.0431680869037161 160.000666277069
545 0.0450164138155043 0.11783901414038 0.99201183926081 319.018727672358 0.0256559081547995 0.992554608613893 -0.119067725669358 -25.8244306916398 -0.998656746266676 0.0308109666473518 0.0416579820720112 160.07050681976
547 0.0459752020035271 0.115002930766824 0.992300663466359 320.638640395707 0.0265840426498003 0.99285838430822 -0.116299257887846 -25.9981072967524 -0.998588788980293 0.0317262450332689 0.0425896219631087 160.145668388834
549 0.048064870029519 0.113137870065686 0.992416037066132 322.293668482051 0.0273696693302581 0.993042132239714 -0.114534819149264 -26.1756202600519 -0.998469163003945 0.0326671999688091 0.0446338949275107 160.228036546113
551 0.0510423311826964 0.109719582652492 0.99265114396247 323.954690568739 0.0279409842166759 0.993400798977112 -0.111239174721138 -26.3453258031613 -0.998305555342872 0.0334135567427268 0.0476398194513915 160.318547221412
553 0.0547947086989594 0.107897702797676 0.992650807499586 325.64205651569 0.0299269741408659 0.993520270356661 -0.109644190950547 -26.5176638912176 -0.99804905496542 0.0357149565506181 0.0512106020392197 160.411581884496
555 0.0603397662560136 0.107421484263419 0.992380842885842 327.342200482623 0.0325931303470108 0.993450188438487 -0.109518998104066 -26.6862721745091 -0.997645628699065 0.0389531489122468 0.0564433497187039 160.51239745307
557 0.0661382155327607 0.105110151991536 0.992258833366808 329.056927291293 0.035542841398415 0.993556915437791 -0.107616737597224 -26.8583449083217 -0.997177237441504 0.0423852773266705 0.0619761679556911 160.619248946024
558 0.0690926455732519 0.105806994457489 0.991983410270334 329.918327845165 0.0361774730769972 0.993439890014039 -0.108482143095802 -26.9449592348663 -0.996954059507986 0.043382771381828 0.0648115605257266 160.679027900099
559 0.0722158716597928 0.106370853540343 0.991700614801421 330.78958133304 0.036970312448974 0.993327914510642 -0.109237586257497 -27.03092078846 -0.996703598808514 0.0445521690946451 0.0678014774995396 160.741486911649
560 0.0752707444184842 0.107496409824694 0.991352024716492 331.682293149435 0.0363077141666411 0.993217670791349 -0.110455458533296 -27.1198110897981 -0.996501914161072 0.0443077905408135 0.0708572845282028 160.80866813471
561 0.0778276593919507 0.108612601700821 0.99103287442211 332.577627688506 0.0334966928348333 0.993201886080113 -0.111480873050204 -27.2121916104942 -0.996403947705296 0.0418726192002079 0.0736604151401216 160.884968073148
562 0.0802956074677696 0.109513918679946 0.99073675466127 333.505593826115 0.0318592345263085 0.993156304558738 -0.112363445526688 -27.3077353144503 -0.996261815285912 0.0405864057363242 0.0762570591658696 160.962701951392
563 0.0824185975181454 0.109929357790768 0.990516386072866 334.457250909659 0.0295131306278557 0.993192690115074 -0.112682098944442 -27.4078598291132 -0.99616070485825 0.0385203400516018 0.0786131890882431 161.046911681327
564 0.0840491275706448 0.108583490348811 0.990527823828429 335.38486251452 0.0291486574639132 0.993351840070546 -0.111366411437704 -27.5056292320048 -0.996035190102571 0.0382328059672628 0.0803252925622104 161.13100631358
565 0.0858676455589021 0.105862759568332 0.990666353311118 336.293130118792 0.0294021814889201 0.993636550751281 -0.108728638061871 -27.6005487447397 -0.995872611918745 0.038464024070219 0.082208635084535 161.211964453023
567 0.0883160236484281 0.102761316724704 0.990777670192428 338.11507234843 0.0305937394407335 0.993915218734396 -0.105813803802672 -27.7857779815547 -0.995622570592874 0.039656648284531 0.0846347870138172 161.374944937626
568 0.0892756619462532 0.105300589956424 0.990424980469943 339.037484452394 0.0319946251510701 0.993579274198385 -0.108519905293233 -27.8773853299514 -0.995492943292669 0.0413764623697899 0.0853333944962964 161.453548490004
569 0.0897963432822415 0.104549921188099 0.99045743508376 339.962012598588 0.0309648545189491 0.993701145104203 -0.107699637897327 -27.9674641650418 -0.995478676073857 0.0403404040405816 0.0859933560461764 161.539375523834
570 0.0898379000406222 0.102827588310758 0.990633958028133 340.869203289421 0.0282329385591428 0.993993290236548 -0.105736654690021 -28.0599066780213 -0.995556152558261 0.0374676666862806 0.0863951448663577 161.629341462813
571 0.0899735367036192 0.100979511451594 0.990811738404446 341.80107907724 0.02590941561734 0.994272658795478 -0.103685014125182 -28.154498979298 -0.995607083580371 0.0350002605528673 0.0868419074285046 161.720251001682
572 0.0903253862666387 0.102333789813261 0.990640762364561 342.727121800539 0.0239699309016753 0.994195282560971 -0.10488652223274 -28.2470818803328 -0.99562380797586 0.0332195062570981 0.0873481390510593 161.808133668076
573 0.0903331574648807 0.103448473134817 0.990524272326782 343.603563664295 0.0233182595966642 0.994098193708379 -0.105948289439334 -28.3314555075156 -0.995638578718105 0.032667945631971 0.0873877903163763 161.889415114907
575 0.0907330270250508 0.104468554058958 0.990380653597243 345.387787967983 0.021507883193856 0.994045128908334 -0.106825524356929 -28.5110394069246 -0.99564297253955 0.0309935946034667 0.0879458260872289 162.058349448026
576 0.0910984993520152 0.105144720325901 0.990275543070412 346.30903091518 0.0218135259809609 0.993961130680664 -0.107542739319277 -28.6043191147519 -0.995602949724482 0.0313983834552677 0.0882547903306509 162.143144120932
577 0.0916299932615374 0.105022743289628 0.990239449692251 347.224702512069 0.0214142254655567 0.993985082238115 -0.107401523433324 -28.6958560812822 -0.99556284346223 0.0310464117090729 0.0888298656837319 162.227967355369
578 0.0919386962051152 0.103337416811749 0.99038813322191 348.126685572873 0.0223777519390061 0.994134994401069 -0.105805714048639 -28.7870941884727 -0.995513190449157 0.0318902993692583 0.0890870161576828 162.311602929299
579 0.0921492871869406 0.104413056848129 0.990255735873602 349.032768108967 0.021016363235063 0.994061602268568 -0.1067700490382 -28.8809720138768 -0.995523390658055 0.030650358152509 0.0894076853397531 162.396798766293
580 0.0921522288652514 0.106555521028833 0.9900272156125 349.940745306698 0.0213187413195593 0.993818822449354 -0.108947966543344 -28.9733716554781 -0.995516688952885 0.0311459320562725 0.0893109899879631 162.48263901519
581 0.0932561303312964 0.108035003833729 0.989763472806649 350.844416794232 0.0246019629779558 0.993542026090305 -0.11076545404594 -29.0634827761175 -0.995338152374993 0.0346796819336355 0.0899960115100571 162.565161410744
582 0.0943990743747289 0.104302717517171 0.990055431718713 351.744246944514 0.0275135265823637 0.993843211255976 -0.107325100956912 -29.1513678468703 -0.995154169268358 0.0373713066261132 0.0909481436251509 162.645697132627
584 0.0983069614966585 0.10252748237131 0.989860523851666 353.520045367035 0.0332277950775614 0.993785813288356 -0.106234038523842 -29.3364281106467 -0.994601254249952 0.0433344281767087 0.0942893015088117 162.812827322405
585 0.10162582645433 0.108124299146518 0.988929384400903 354.424349167883 0.0387826109675038 0.992889742516928 -0.112542739842302 -29.4252525748074 -0.994066446714714 0.0497905125374619 0.0967098980313765 162.896088717904
586 0.104858595268335 0.110916979789774 0.988282398200366 355.31518407919 0.0417691288793569 0.992392748070823 -0.115810074903264 -29.5165890067947 -0.993609588757582 0.0534233766319079 0.0994280038934413 162.984880971748
587 0.108388374775802 0.110665663092004 0.987929689414114 356.204067829958 0.0445486379837799 0.992245390726433 -0.116036646952323 -29.6154456241978 -0.993109953160903 0.0565879456647332 0.102617860717298 163.076661892626
588 0.111499000707508 0.109732467912639 0.987687581336846 357.086198125099 0.0455923517754342 0.992273527298691 -0.115388840369415 -29.7141428922827 -0.992718142425539 0.0578967400465252 0.105634545444058 163.172521160116
589 0.115016144614547 0.11219397693913 0.987007496433836 357.972614742255 0.0462854445466885 0.991916958990258 -0.118145690106045 -29.814007830559 -0.992284709194454 0.0592727425221764 0.108893516302756 163.273057219544
590 0.11855879867067 0.111959041760028 0.986614911820181 358.86406516896 0.0463365798326426 0.991916582723364 -0.118128803802528 -29.9089271449359 -0.991865279474577 0.0597215696928625 0.112412639352699 163.377961945215
591 0.122285301551681 0.10843928081848 0.986553205559632 359.749157751601 0.0454256604328815 0.992360089347917 -0.114708162061949 -30.0076247976242 -0.991454897813638 0.0588419531029072 0.116425126825717 163.488188268691
592 0.126511024458966 0.104238423081637 0.986473168334444 360.637524410832 0.0429454364858969 0.992955532777534 -0.110430971251366 -30.1051453727001 -0.991035140736886 0.0563352561007573 0.121143257116041 163.606487254064
594 0.136057618986738 0.102319987227911 0.985402935113013 362.404614045213 0.0386467405661723 0.993347026315021 -0.10848094189633 -30.2911693850001 -0.989946843905909 0.0528422702463107 0.131198097226847 163.853549084838
595 0.141469321595492 0.101516040952595 0.984723780801816 363.290372118463 0.0370152847365239 0.993490057347921 -0.107737526640904 -30.3837506329907 -0.989250372627267 0.0516913859374704 0.136790719263691 163.985096732024
597 0.154759793544562 0.10267416244625 0.982602372614684 365.068872702117 0.0335921193462334 0.993463038696009 -0.109099772056224 -30.5697638960232 -0.987380866646642 0.0498919543699446 0.150299092044079 164.26089670212
599 0.171917433542892 0.104786533266174 0.979522423679051 366.848186080407 0.0289701120784948 0.993358758090041 -0.111351292457569 -30.7547270161601 -0.984685294218506 0.0475201028183702 0.167740010665157 164.57696145639
601 0.190570248492291 0.105180810491811 0.976022529193805 368.632053064774 0.0252665404485468 0.993388558535389 -0.111985595969948 -30.9435363629391 -0.981348349121426 0.0460018355641185 0.186652749246786 164.921518238734
603 0.208616053329096 0.105003890952699 0.972344344961283 370.396994499504 0.0211187208201055 0.993504050625596 -0.111819949121146 -31.133772489484 -0.977769575065779 0.0438621052313594 0.205043346149927 165.305934013052
605 0.223533921373674 0.104376750562633 0.969091368209053 372.153844126116 0.0179065679665835 0.993642149210123 -0.111151401865858 -31.3248666976494 -0.974531652035462 0.042199209175921 0.220243696677023 165.713885645815
607 0.234342199237793 0.10527130665877 0.96643762636331 373.903673936632 0.0153685916370319 0.99359431492889 -0.111955990157221 -31.5133136412074 -0.972032684660083 0.0410887981735282 0.231223205187469 166.143867719501
609 0.243449030425626 0.104910951443568 0.964223139035788 375.64235146739 0.013258822114507 0.993680065563265 -0.111463585705469 -31.7006947024492 -0.969823062842371 0.0399201649469271 0.240519452871596 166.58867770325
611 0.252286260421385 0.10511463091441 0.961926482206577 377.407065988009 0.0130457799565572 0.993622594091706 -0.111999768463128 -31.8914274502409 -0.967564700900109 0.0408050839748757 0.249306026188468 167.052176292668
613 0.261117818811833 0.103346001493902 0.959758870067984 379.174235883602 0.0122723676983258 0.993816771938313 -0.110352221568886 -32.0831043831719 -0.96522892294524 0.0405934451523116 0.258234967656664 167.533986830111
615 0.269986067664509 0.0993818429769955 0.95772165713925 380.945978522636 0.0113948444217594 0.994259653597309 -0.106385613450146 -32.2740992077543 -0.962796801400825 0.0396357227139327 0.267303813473143 168.037470718122
617 0.278714822052261 0.0956901768975355 0.955594808490343 382.706461967538 0.0100879243660254 0.994677103125677 -0.102546059405018 -32.4558273685959 -0.960320926435721 0.0382210748518474 0.276265936530018 168.554068086985
619 0.28773778462233 0.0991553182887788 0.952562433731083 384.409550292174 0.00786242255979568 0.994347843581687 -0.105879876633573 -32.6351404491846 -0.957676954725404 0.0379550895072111 0.285331844644749 169.073330629219
621 0.296219035174065 0.102934201237133 0.949557177539204 386.111709703006 0.00351741878849376 0.994051441950067 -0.108854758839747 -32.8110465767163 -0.955113559198912 0.0355848418946409 0.294094896354427 169.609320268497
623 0.301634983735605 0.0963548783447576 0.948542078142023 387.82133349498 -0.0016794503875574 0.994932283759921 -0.100533229226279 -32.9936736139558 -0.953422003119928 0.0287313096018066 0.300268206467732 170.169640219434
625 0.303992943937713 0.103212445452184 0.947066777550487 389.475810652434 -0.00943898766005239 0.994391447776989 -0.105340182741139 -33.1661259073675 -0.952627521935009 0.0230833206398709 0.303262204635198 170.720342752907
627 0.30489524110528 0.107948152955261 0.946248428387018 391.125906800823 -0.01267329403871 0.993927588132652 -0.109303875352239 -33.3393448522846 -0.952301569656147 0.0213341468626465 0.304411850308232 171.269056755414
629 0.305295330350676 0.100149197171042 0.946976715432892 392.796416035339 -0.0179714064942751 0.99488307302601 -0.0994218263508609 -33.5223054743043 -0.95208812082427 0.0133345158261956 0.305532978372207 171.835832779243
631 0.304719717381538 0.097644113145618 0.947423622782819 394.434041216323 -0.018476965366915 0.995149810739169 -0.0966201631991237 -33.6879777313094 -0.952262829049704 0.0119365553574398 0.305045935977606 172.37934225425
633 0.303772997732396 0.0994908238133601 0.947535509532816 396.030803351851 -0.0182962876207853 0.994958484950752 -0.0986045591430862 -33.8448137229976 -0.952568743822708 0.0126170203076569 0.304061834320891 172.905953628142
635 0.303609047748061 0.0936527802670455 0.948182842532899 397.628317483486 -0.010665648759143 0.995429272868869 -0.0949041972322676 -33.9987991541092 -0.952736999419075 0.0187007877910812 0.303220201295907 173.413414099982
637 0.303147563602958 0.100675973266519 0.947610628416772 399.21736027849 -0.00909867393622631 0.994664121158698 -0.102764294442173 -34.1561053119604 -0.952900188274823 0.022530745359055 0.302446022786501 173.927488931556
639 0.302258569246518 0.104282533680417 0.947504570166414 400.828960414278 -0.00963492080173362 0.994281305055498 -0.106357203415097 -34.3138785118964 -0.9531772792184 0.023018244640474 0.301534798647651 174.450875672318
641 0.301783833560914 0.10048663995952 0.948065901185632 402.446196500492 -0.009930361149358 0.994707190300127 -0.102269220651522 -34.4785227786196 -0.953324659142268 0.0214485606713383 0.301184417784862 174.977335770431
643 0.302171452678659 0.104839321969586 0.947470912353 404.086678575732 -0.00790565653452022 0.994175173960187 -0.107485925013416 -34.6415747483528 -0.953220810610442 0.0249887984943019 0.301240180203412 175.506320642534
645 0.30230229538863 0.104636914577786 0.947451549320812 405.788414769416 -0.00722255303239772 0.994179597011437 -0.107493086353821 -34.8120916385601 -0.953184744386134 0.0256523876825713 0.301298519869785 176.058740087327
647 0.303208580460651 0.101129349880196 0.947542828228807 407.519698633602 -0.00355417462796787 0.994465866906694 -0.105000035239188 -34.9916823274174 -0.952917585406918 0.0284691789541887 0.301890015190837 176.61796073934
649 0.304902255391127 0.100870003086521 0.94702685132721 409.263399806966 0.00502020883799702 0.994191339818402 -0.107509894118235 -35.1678890676573 -0.952370417516539 0.0375342817623646 0.302624793319974 177.17422212472
651 0.30802148388294 0.0977571315027453 0.946343652542197 411.007977844337 0.0135009735229592 0.994157588242556 -0.107090678649812 -35.352655249527 -0.95128360081549 0.0457627903443389 0.304902079099858 177.730438849963
653 0.309721242956395 0.09322728333753 0.94624596448442 412.726165040204 0.0157484408096865 0.994542138899438 -0.10314029554638 -35.5290577829218 -0.950696974999716 0.0468466390986024 0.306562643078957 178.289934392983
655 0.310810834573244 0.0838276025017694 0.946767953709191 414.441434087751 0.0139704269766792 0.995592636921918 -0.0927368776536704 -35.6997762261236 -0.950369113703709 0.0420503789004084 0.308269870977297 178.867131543541
657 0.311600628664305 0.0877299327700872 0.946154589436719 416.177329188396 0.0146287094521876 0.995167868321886 -0.097092300000753 -35.8631975673802 -0.950100546824268 0.0440950423044215 0.308811557698862 179.442267645372
659 0.31352154006138 0.0879282027282855 0.945501388197032 417.862102192468 0.0174063125157639 0.995004232667272 -0.098303597384918 -36.0296570169405 -0.949421541888609 0.0472779878927395 0.310424753617797 179.999899574312
661 0.314403483675039 0.083618487787549 0.945599491303333 419.506050638605 0.0189892843040892 0.995359626738961 -0.094332499912247 -36.194559202287 -0.949099497700119 0.047614724174347 0.31135667891854 180.548819584587
663 0.313667328773004 0.0844329892299899 0.945771577702617 421.111563594457 0.0171378923519844 0.995373068892159 -0.0945449436508188 -36.3525556435122 -0.949378269977853 0.0458641914121804 0.310769008171611 181.09176548767
665 0.312380634958545 0.0799904440664376 0.94658325981445 422.718051417511 0.0192505542526484 0.995710856137917 -0.0904947906238932 -36.5071921142937 -0.949761946523371 0.0464910725532392 0.309500929092285 181.624981059557
667 0.310278384637041 0.0776017085982995 0.947473112467923 424.289567218815 0.0200975832866438 0.99590444763707 -0.0881499763059483 -36.6591679477628 -0.950433275497583 0.0463929520436827 0.307448016463934 182.143931170305
669 0.307973862299846 0.083571057253379 0.947717246086441 425.808930484898 0.0216965519340813 0.995258550129132 -0.0948139126343271 -36.8026461307982 -0.951147391193545 0.0497624033222929 0.30470041588633 182.63896507376
671 0.305381794022111 0.0935116971721772 0.94762731195962 427.29563232242 0.0191433821107551 0.994362396621282 -0.104292641672082 -36.9537905366004 -0.952037546949278 0.0499898657485563 0.301870042437541 183.126630928764
673 0.30270378388336 0.090837567641096 0.948745991046996 428.746231336104 0.0183721909810602 0.994706633151935 -0.101099834629424 -37.1012096499081 -0.952907593537407 0.0480338450323393 0.299432576568011 183.597705748238
675 0.300658063013981 0.0844192049204634 0.949988487817236 430.229222272133 0.0199828892622791 0.995298621513201 -0.0947699221834338 -37.2516351887077 -0.953522633859004 0.0474768559881487 0.297557616041109 184.073039622799
677 0.299858414175635 0.0867717749074684 0.950029257721825 431.757159393652 0.0218528202167072 0.994968714005392 -0.0977737817568294 -37.4011199405501 -0.953733393405437 0.0500791097151643 0.29645353273909 184.555687194189
679 0.299574020237116 0.088052912376637 0.950001100536712 433.26455398124 0.0242091431174895 0.994709854733467 -0.0998309685700837 -37.5483755215289 -0.953765864239484 0.0529054772033709 0.295857544594345 185.03134523681
681 0.299707460496142 0.0897941963057507 0.949795999377107 434.70189889728 0.0263380095442629 0.994402566118126 -0.1023222641996 -37.6951517427145 -0.953667524547313 0.0556824820521744 0.295664867402791 185.482767769637
683 0.299715908980516 0.0912777060865617 0.949651912163377 436.143818905418 0.0259147109065639 0.994266289903834 -0.103744746948919 -37.8391521959461 -0.95367646592679 0.0557039058993283 0.295631989481765 185.938571302458
685 0.301104738942142 0.0883558875854163 0.949488901101839 437.597133986031 0.0265794479488884 0.99453369529597 -0.100976541175042 -37.9881557421826 -0.953220577376148 0.0556414058946752 0.297110357976202 186.397643557515
687 0.303938496115307 0.08465445746174 0.948923080871692 439.064359692579 0.0272846476492723 0.994862233892267 -0.097491966733381 -38.1352720888806 -0.952300865578637 0.0555225936601134 0.300067164167347 186.865216172762
689 0.307449667499047 0.0841235552005063 0.947838556619825 440.487130343125 0.0257469873831117 0.994984446024959 -0.0966594269023951 -38.2798920880475 -0.951215955814146 0.0541218960203072 0.303741708982727 187.329227707206
691 0.311228477803752 0.0862446194781437 0.946413598917001 441.874030796979 0.0235399271279677 0.994868360053112 -0.0984013109467602 -38.4193283680014 -0.950043528705275 0.0529037973712777 0.307601173256751 187.788764868234
693 0.314391776250157 0.0851975756170804 0.945462418150634 443.223627330536 0.0211738116965816 0.995087332116423 -0.0967102433026529 -38.5565733323968 -0.94905715356058 0.050423948381622 0.31104331644499 188.245622088767
695 0.316691705767007 0.0835095057433718 0.944845239152361 444.530172872483 0.0197749822644391 0.995319057990037 -0.0945987467055764 -38.6875880389032 -0.948322367960824 0.0486429363044877 0.313557891262288 188.688915617825
697 0.31880221997928 0.0836027050843609 0.944126968282794 445.830219014502 0.0196809001143081 0.995303675114607 -0.0947800425936099 -38.8168563597813 -0.947616909255514 0.0487973565465718 0.315659644692022 189.131471389455
699 0.321335331441835 0.082627215260328 0.94335377672721 447.080944121189 0.0215206328036105 0.995291562522173 -0.0945069729485746 -38.9379567544464 -0.946720902447442 0.0506699997088402 0.318044154165122 189.556047794917
701 0.3238946101729 0.0833023430360093 0.942418697366333 448.266466415724 0.0204099789424957 0.995269118871665 -0.0949884928819632 -39.058670022312 -0.945872990554499 0.0500010066411759 0.320662104206838 189.965803257003
703 0.326075568218687 0.083511360179062 0.941647798559474 449.406101042582 0.0195855647136708 0.995279819361428 -0.0950499175524648 -39.1730762975894 -0.945140798752073 0.0494361597712316 0.322900815485756 190.361375646472
705 0.327515405933108 0.0831920294032096 0.941176256139225 450.47916276682 0.0180276575458246 0.995384664554623 -0.0942569527031854 -39.2798986472658 -0.944673839184659 0.0478378073625407 0.324504055054575 190.741476037296
707 0.328743034564447 0.0814771525507191 0.940898236175191 451.524841054812 0.0163993700428967 0.995628908676313 -0.0919463804084175 -39.3838046733424 -0.944277013321597 0.045656870460426 0.32596989476362 191.11310387096
709 0.330160352922599 0.0819922031107424 0.940357070472207 452.537242779133 0.0176777661325081 0.995508447117486 -0.0930076787276027 -39.4839525780848 -0.943759311446827 0.0473308604060752 0.327227981246457 191.470188892628
711 0.331260836523382 0.0880488369561039 0.93942198212332 453.496277821285 0.0152412482201578 0.995007149088201 -0.0986330452539181 -39.5833973226295 -0.943416113143358 0.0469912286926757 0.328264926374159 191.816241323498
714 0.333497083576531 0.0902365168123819 0.938422648000099 454.858846905221 0.0175828086540168 0.994640185959152 -0.101890850006172 -39.7197988041561 -0.942587152514708 0.0504804071765735 0.330122989816678 192.29900705308
717 0.330233453178632 0.0869245040606261 0.939888289636343 456.11657718262 0.0157599182917201 0.995104032957798 -0.097568378927622 -39.8552410843326 -0.943767710497215 0.0470329053423232 0.327246717994093 192.749405076217
720 0.327022796001419 0.0853328837634675 0.941155879673514 457.268076071374 0.0159407558781811 0.995275004671926 -0.0957786895782698 -39.9728001780416 -0.944881994323866 0.046324550984428 0.324117344149684 193.147493948007
723 0.324314125330582 0.082966424953866 0.942304048830012 458.326763181124 0.0176220046097534 0.995443555350606 -0.0937101545430362 -40.0802530292044 -0.945785289092928 0.0469968130974902 0.321374371246504 193.510456087935
726 0.321060802553293 0.0830987383683561 0.943405830353737 459.285459707508 0.0143540611882149 0.995601656274872 -0.0925813315422542 -40.17695590624 -0.946949799087175 0.0432659416206248 0.318455862411795 193.845681167614
729 0.318658919525804 0.0846415102512588 0.944082786491224 460.172026404113 0.0166993996610561 0.995349175843441 -0.0948743811507774 -40.2617016934869 -0.947722334366774 0.0459981835529265 0.315763430517569 194.141906363904
732 0.318176414868101 0.0842664059790635 0.944279059306651 461.019540721152 0.0156858705387812 0.995437553281457 -0.0941171131222496 -40.3433138219659 -0.947901747275066 0.0447576847077392 0.315402959993213 194.430627960784
736 0.324618924527215 0.0845305411433049 0.942060051935552 462.088125954163 0.0116403061770343 0.995565994868287 -0.0933426651324147 -40.4440968371288 -0.945773258826289 0.0412666630094711 0.322195601169792 194.807075809224
739 0.342148034106982 0.0850346310680224 0.935790486314032 462.899920782057 0.0108674479146272 0.995472066649344 -0.0944312612258638 -40.5219588860206 -0.939583216821454 0.0424791247556936 0.339674701188416 195.10853394508
742 0.373596512330806 0.0869239411972633 0.923509542138571 463.733446615531 0.00778279311452208 0.995270815565711 -0.0968268135100074 -40.6051785136604 -0.927558663430834 0.0433616435331956 0.371153194468949 195.459440467773
745 0.420763021728247 0.090569318855868 0.902638176695457 464.584723982555 -0.00169358077514893 0.995080481166304 -0.0990553773704119 -40.6892402348883 -0.90716900924264 0.0401501492378394 0.418846456575565 195.880585621564
748 0.477763244314668 0.0959015346017117 0.873238328317624 465.426754002091 -0.00641817493896754 0.994377994586673 -0.105693949269761 -40.7834659957351 -0.878465189641784 0.0448920877529971 0.475692769594832 196.354609781832
751 0.516034697737897 0.108208614194506 0.849705293937058 466.200702820704 -0.0249767244319171 0.993467568877519 -0.111347890977978 -40.8716792471751 -0.856203453606215 0.0362365202895664 0.51536643335601 196.871053219845
755 0.487557548589681 0.111045435527354 0.86600031643283 467.173184157247 -0.0243941256143875 0.993224162917405 -0.113625212134143 -40.9873893166226 -0.872750000543529 0.0342735093849433 0.486962794375206 197.441660178657
758 0.434725274965126 0.108086835812438 0.894053226173113 467.892449257162 -0.0114261504951755 0.993353396913293 -0.114535897978247 -41.0788276092013 -0.900490632039755 0.0395760630290199 0.433070845063213 197.758019867186
761 0.372382302418429 0.107246828833432 0.921861995393412 468.647264498793 -0.00630370425334958 0.993570123190278 -0.113042795508345 -41.1655068067647 -0.928058017668204 0.0362839910818505 0.370663982378834 198.042180143977
764 0.322336929781681 0.103953583364579 0.940899865131558 469.438032359102 0.0082204748429554 0.993607179904994 -0.112593054113481 -41.2608613746719 -0.946589313003414 0.0440275430487361 0.319421739962726 198.273348746343
767 0.289425766769954 0.099258293850488 0.952040186458279 470.217520285629 0.0111285531516499 0.994192840771211 -0.107036211928584 -41.34779988432 -0.95713576927956 0.0415738675270893 0.286640424058549 198.496146886836
771 0.289391747063742 0.0973991986617311 0.952242517865826 471.167736496311 0.0149878306918658 0.994226656559347 -0.106248389719438 -41.4496576717525 -0.957093402789167 0.0450194567589865 0.286261186419987 198.774544407099
774 0.324754649970892 0.0969667239081223 0.940814472559181 471.764757023152 0.00861715065969374 0.99438592616877 -0.105462668997073 -41.5180544356504 -0.945759040155996 0.0423566322080032 0.322095876520026 199.000412338617
777 0.367042801343601 0.0975336057215796 0.925076633440057 472.243706003789 -0.00346677167724692 0.994624377365226 -0.103490721540509 -41.575918641596 -0.930197593781009 0.034778494875206 0.365407844494663 199.23512970207
781 0.429188328602433 0.0996817003300787 0.897697575584759 472.74235762615 0.00817748880446814 0.993421742719452 -0.114220706393808 -41.6376898516809 -0.903178004198675 0.0563631059430901 0.425549871366618 199.484301677468
785 0.48103101162004 0.100173860194366 0.870961746343409 473.124446274685 -0.0109715093428056 0.994060701292361 -0.108272564063479 -41.6786134693361 -0.876634925064329 0.0425266960849179 0.479273083197418 199.770592382667
790 0.531513678524306 0.0963734537797277 0.84154938473516 473.498099572277 -0.0151081519355845 0.994427059386765 -0.104338714312966 -41.718491151791 -0.846914962252204 0.0427431978911048 0.53000760914103 200.052340314638
798 0.578782264689395 0.101137091498672 0.809186244818956 473.819747461992 -0.033628105796198 0.994395573039746 -0.100232703343349 -41.7650617527202 -0.814788463701822 0.0308015103874037 0.57893957057389 200.364184604666
