0 0.000144 0.008758 100.000000 11.764706
0 0.000084 0.009101 200.000000 12.987013
0 0.000072 0.009913 300.000000 12.244898
0 0.000027 0.008514 400.000000 12.158054
0 0.000027 0.008464 500.000000 12.345679
0 0.000031 0.009089 600.000000 12.578616
0 0.000029 0.009743 700.000000 12.750455
0 0.000023 0.008296 800.000000 12.422360
0 0.000018 0.005477 900.000000 12.587413
0 0.000017 0.003796 1000.000000 12.658228
0 0.000015 0.002696 1100.000000 12.790698
0 0.000013 0.002153 1200.000000 12.711864
10 0.000022 0.005866 100.000000 12.345679
10 0.000025 0.004813 200.000000 12.987013
10 0.000034 0.003306 300.000000 12.048193
10 0.000038 0.004226 400.000000 12.232416
10 0.000033 0.006986 500.000000 12.345679
10 0.000036 0.009546 600.000000 12.605042
10 0.000034 0.011615 700.000000 12.773723
10 0.000029 0.009567 800.000000 12.422360
10 0.000022 0.005504 900.000000 12.605042
10 0.000016 0.002781 1000.000000 12.658228
10 0.000014 0.000824 1100.000000 12.820513
10 0.000005 0.000937 1200.000000 12.711864
20 0.000038 0.004790 100.000000 13.333333
20 0.000030 0.003914 200.000000 12.903226
20 0.000028 0.002960 300.000000 11.857708
20 0.000036 0.005105 400.000000 12.269938
20 0.000033 0.007820 500.000000 12.376238
20 0.000034 0.010029 600.000000 12.658228
20 0.000032 0.011777 700.000000 12.820513
20 0.000026 0.008944 800.000000 12.422360
20 0.000020 0.005220 900.000000 12.640450
20 0.000015 0.002706 1000.000000 12.658228
20 0.000012 0.000915 1100.000000 12.835472
20 0.000004 0.000790 1200.000000 12.725345
30 0.000037 0.005175 100.000000 13.698630
30 0.000036 0.004062 200.000000 12.658228
30 0.000037 0.003227 300.000000 11.857708
30 0.000037 0.005487 400.000000 12.345679
30 0.000038 0.008344 500.000000 12.437811
30 0.000036 0.010563 600.000000 12.684989
30 0.000033 0.012435 700.000000 12.820513
30 0.000026 0.008768 800.000000 12.461060
30 0.000020 0.005009 900.000000 12.658228
30 0.000015 0.002466 1000.000000 12.658228
30 0.000012 0.000713 1100.000000 12.850468
40 0.000038 0.004675 100.000000 13.888889
40 0.000034 0.003945 200.000000 12.500000
40 0.000036 0.003511 300.000000 11.857708
40 0.000039 0.006149 400.000000 12.383901
40 0.000040 0.008980 500.000000 12.500000
40 0.000038 0.011198 600.000000 12.738853
40 0.000033 0.012990 700.000000 12.820513
40 0.000026 0.008499 800.000000 12.500000
40 0.000019 0.004770 900.000000 12.676056
40 0.000014 0.002261 1000.000000 12.738853
40 0.000012 0.000526 1100.000000 12.865497
50 0.000032 0.004993 100.000000 13.888889
50 0.000034 0.004255 200.000000 12.422360
50 0.000044 0.004517 300.000000 11.904762
50 0.000041 0.006756 400.000000 12.345679
50 0.000041 0.009627 500.000000 12.531328
50 0.000038 0.011788 600.000000 12.765958
50 0.000036 0.013526 700.000000 12.820513
50 0.000025 0.008188 800.000000 12.539185
50 0.000019 0.004517 900.000000 12.693935
50 0.000016 0.002046 1000.000000 12.804097
50 0.000012 0.000531 1100.000000 12.865497
60 0.000034 0.005058 100.000000 14.084507
60 0.000028 0.004472 200.000000 12.422360
60 0.000049 0.004643 300.000000 12.000000
60 0.000041 0.007471 400.000000 12.269938
60 0.000041 0.010129 500.000000 12.594459
60 0.000039 0.012363 600.000000 12.820513
60 0.000055 0.013826 700.000000 12.750455
60 0.000025 0.007819 800.000000 12.578616
60 0.000019 0.004251 900.000000 12.711864
60 0.000016 0.001846 1000.000000 12.820513
60 0.000012 0.000571 1100.000000 12.835472
70 0.000033 0.005523 100.000000 14.084507
70 0.000024 0.004528 200.000000 12.422360
70 0.000052 0.004926 300.000000 12.096774
70 0.000044 0.008114 400.000000 12.422360
70 0.000044 0.010892 500.000000 12.658228
70 0.000041 0.013251 600.000000 12.847966
70 0.000040 0.013557 700.000000 12.522362
70 0.000026 0.007686 800.000000 12.618297
70 0.000020 0.004089 900.000000 12.729844
70 0.000016 0.001598 1000.000000 12.836970
70 0.000014 0.000649 1100.000000 12.805588
80 0.000032 0.005369 100.000000 14.084507
80 0.000056 0.003731 200.000000 12.422360
80 0.000052 0.005654 300.000000 12.145749
80 0.000044 0.008858 400.000000 12.461060
80 0.000045 0.011639 500.000000 12.690355
80 0.000041 0.013758 600.000000 12.875537
80 0.000034 0.012521 700.000000 12.455516
80 0.000025 0.007280 800.000000 12.638230
80 0.000020 0.003882 900.000000 12.729844
80 0.000016 0.001428 1000.000000 12.853471
80 0.000006 0.000693 1100.000000 12.761021
90 0.000033 0.004966 100.000000 13.157895
90 0.000054 0.003322 200.000000 11.695907
90 0.000053 0.006829 300.000000 12.048193
90 0.000044 0.010072 400.000000 12.269938
90 0.000045 0.012648 500.000000 12.594459
90 0.000041 0.014717 600.000000 12.765958
90 0.000034 0.011738 700.000000 12.367491
90 0.000025 0.006866 800.000000 12.598425
90 0.000019 0.003593 900.000000 12.640450
90 0.000016 0.001202 1000.000000 12.820513
90 0.000007 0.000681 1100.000000 12.716763
100 0.000038 0.004951 100.000000 11.627907
100 0.000070 0.004784 200.000000 10.989011
100 0.000058 0.008074 300.000000 11.857708
100 0.000055 0.011708 400.000000 12.084592
100 0.000050 0.014223 500.000000 12.437811
100 0.000043 0.016219 600.000000 12.658228
100 0.000034 0.011502 700.000000 12.259194
100 0.000026 0.006577 800.000000 12.500000
100 0.000021 0.003282 900.000000 12.517385
100 0.000016 0.000842 1000.000000 12.755102
110 0.000028 0.006102 100.000000 11.363636
110 0.000069 0.005037 200.000000 10.989011
110 0.000063 0.008991 300.000000 11.904762
110 0.000059 0.012720 400.000000 12.121212
110 0.000052 0.015214 500.000000 12.500000
110 0.000044 0.017184 600.000000 12.631579
110 0.000035 0.011345 700.000000 12.302284
110 0.000026 0.006383 800.000000 12.519562
110 0.000020 0.003007 900.000000 12.587413
110 0.000017 0.000590 1000.000000 12.755102
120 0.000032 0.005549 100.000000 11.111111
120 0.000078 0.006676 200.000000 11.049724
120 0.000064 0.010203 300.000000 11.811024
120 0.000059 0.013615 400.000000 12.195122
120 0.000052 0.016017 500.000000 12.531328
120 0.000047 0.017874 600.000000 12.605042
120 0.000033 0.010919 700.000000 12.345679
120 0.000025 0.006059 800.000000 12.539185
120 0.000021 0.002788 900.000000 12.676056
120 0.000016 0.000360 1000.000000 12.738853
130 0.000023 0.006089 100.000000 10.989011
130 0.000088 0.007688 200.000000 11.049724
130 0.000065 0.011535 300.000000 11.718750
130 0.000059 0.014621 400.000000 12.232416
130 0.000053 0.017023 500.000000 12.562814
130 0.000069 0.018440 600.000000 12.526096
130 0.000033 0.010490 700.000000 12.367491
130 0.000025 0.005752 800.000000 12.539185
130 0.000021 0.002548 900.000000 12.676056
130 0.000016 0.000301 1000.000000 12.706480
140 0.000014 0.005973 100.000000 10.869565
140 0.000092 0.008713 200.000000 11.173184
140 0.000068 0.012849 300.000000 11.857708
140 0.000063 0.015895 400.000000 12.269938
140 0.000056 0.018223 500.000000 12.594459
140 0.000051 0.018025 600.000000 12.244898
140 0.000034 0.010286 700.000000 12.389380
140 0.000026 0.005568 800.000000 12.539185
140 0.000021 0.002332 900.000000 12.693935
140 0.000019 0.000350 1000.000000 12.658228
150 0.000073 0.004313 100.000000 10.869565
150 0.000095 0.009846 200.000000 11.299435
150 0.000070 0.014086 300.000000 11.904762
150 0.000065 0.017133 400.000000 12.307693
150 0.000056 0.019291 500.000000 12.594459
150 0.000046 0.016977 600.000000 12.170385
150 0.000034 0.009999 700.000000 12.433393
150 0.000026 0.005365 800.000000 12.539185
150 0.000022 0.002083 900.000000 12.711864
150 0.000011 0.000381 1000.000000 12.626263
160 0.000105 0.005390 100.000000 10.416667
160 0.000098 0.011703 200.000000 11.428572
160 0.000069 0.015404 300.000000 11.904762
160 0.000066 0.018232 400.000000 12.345679
160 0.000057 0.020078 500.000000 12.658228
160 0.000046 0.016424 600.000000 12.195122
160 0.000034 0.009591 700.000000 12.455516
160 0.000026 0.005155 800.000000 12.558869
160 0.000022 0.001894 900.000000 12.747875
160 0.000011 0.000428 1000.000000 12.626263
170 0.000136 0.005808 100.000000 10.204082
170 0.000099 0.012668 200.000000 11.560694
170 0.000074 0.016341 300.000000 11.952191
170 0.000065 0.018768 400.000000 12.461060
170 0.000056 0.020673 500.000000 12.690355
170 0.000045 0.015727 600.000000 12.244898
170 0.000033 0.009171 700.000000 12.522362
170 0.000026 0.004838 800.000000 12.578616
170 0.000021 0.001676 900.000000 12.784091
170 0.000010 0.000448 1000.000000 12.658228
180 0.000163 0.009779 100.000000 10.101010
180 0.000105 0.014153 200.000000 11.764706
180 0.000083 0.018156 300.000000 12.048193
180 0.000070 0.020383 400.000000 12.539185
180 0.000059 0.022243 500.000000 12.755102
180 0.000045 0.015971 600.000000 12.295082
180 0.000034 0.009248 700.000000 12.567325
180 0.000027 0.004796 800.000000 12.578616
180 0.000022 0.001514 900.000000 12.820513
180 0.000011 0.000600 1000.000000 12.706480
190 0.000166 0.011713 100.000000 10.309278
190 0.000110 0.016132 200.000000 11.904762
190 0.000087 0.019683 300.000000 12.195122
190 0.000072 0.021674 400.000000 12.658228
190 0.000060 0.023440 500.000000 12.820513
190 0.000046 0.015899 600.000000 12.371134
190 0.000036 0.009121 700.000000 12.612613
190 0.000027 0.004645 800.000000 12.658228
190 0.000022 0.001338 900.000000 12.875537
200 0.000164 0.013792 100.000000 10.638298
200 0.000107 0.017278 200.000000 12.195122
200 0.000088 0.020191 300.000000 12.448133
200 0.000072 0.022079 400.000000 12.820513
200 0.000058 0.023544 500.000000 12.919897
200 0.000044 0.015150 600.000000 12.474012
200 0.000033 0.008648 700.000000 12.704174
200 0.000026 0.004304 800.000000 12.779552
200 0.000021 0.001138 900.000000 12.931034
210 0.000190 0.017197 100.000000 10.869565
210 0.000112 0.019261 200.000000 12.121212
210 0.000090 0.021776 300.000000 12.552301
210 0.000074 0.023465 400.000000 12.903226
210 0.000065 0.024782 500.000000 12.919897
210 0.000043 0.014995 600.000000 12.552301
210 0.000034 0.008477 700.000000 12.750455
210 0.000027 0.004140 800.000000 12.882447
210 0.000021 0.000849 900.000000 12.931034
220 0.000196 0.020366 100.000000 10.989011
220 0.000109 0.020903 200.000000 12.048193
220 0.000086 0.022431 300.000000 12.658228
220 0.000072 0.023987 400.000000 12.944983
220 0.000086 0.024519 500.000000 12.853471
220 0.000042 0.013924 600.000000 12.605042
220 0.000032 0.007794 700.000000 12.773723
220 0.000026 0.003745 800.000000 12.903226
220 0.000020 0.000625 900.000000 12.912482
230 0.000192 0.021656 100.000000 11.363636
230 0.000108 0.022242 200.000000 12.269938
230 0.000087 0.023276 300.000000 12.765958
230 0.000072 0.024622 400.000000 13.029316
230 0.000063 0.023276 500.000000 12.531328
230 0.000041 0.013250 600.000000 12.658228
230 0.000031 0.007338 700.000000 12.797075
230 0.000025 0.003376 800.000000 12.924071
230 0.000022 0.000391 900.000000 12.875537
240 0.000267 0.028665 100.000000 11.494253
240 0.000143 0.029497 200.000000 12.345679
240 0.000112 0.030908 300.000000 12.765958
240 0.000089 0.031935 400.000000 13.071896
240 0.000070 0.027733 500.000000 12.437811
240 0.000052 0.016410 600.000000 12.684989
240 0.000040 0.009185 700.000000 12.797075
240 0.000033 0.004043 800.000000 12.944983
240 0.000019 0.000346 900.000000 12.820513
250 0.000196 0.024521 100.000000 12.048193
250 0.000107 0.024288 200.000000 12.578616
250 0.000089 0.025385 300.000000 12.987013
250 0.000072 0.026341 400.000000 13.201320
250 0.000058 0.021244 500.000000 12.531328
250 0.000041 0.012297 600.000000 12.793177
250 0.000031 0.006623 700.000000 12.844037
250 0.000027 0.002665 800.000000 13.029316
250 0.000014 0.000295 900.000000 12.893983
260 0.000055 0.012616 100.000000 12.658228
260 0.000036 0.011718 200.000000 12.820513
260 0.000042 0.012065 300.000000 13.215859
260 0.000037 0.012613 400.000000 13.333333
260 0.000027 0.008151 500.000000 12.626263
260 0.000018 0.004019 600.000000 12.903226
260 0.000014 0.001762 700.000000 12.915129
260 0.000011 0.000283 800.000000 13.114754
260 0.000010 0.000471 900.000000 12.949640
270 0.000070 0.013346 100.000000 13.333333
270 0.000048 0.013212 200.000000 13.071896
270 0.000048 0.013689 300.000000 13.392858
270 0.000040 0.014019 400.000000 13.513514
270 0.000030 0.008968 500.000000 12.722647
270 0.000022 0.004542 600.000000 13.015184
270 0.000017 0.002054 700.000000 12.987013
270 0.000013 0.000408 800.000000 13.201320
270 0.000010 0.000579 900.000000 13.005780
280 0.000048 0.009836 100.000000 13.888889
280 0.000049 0.010746 200.000000 13.245033
280 0.000042 0.010951 300.000000 13.574660
280 0.000034 0.011606 400.000000 13.605442
280 0.000026 0.006440 500.000000 12.820513
280 0.000018 0.002912 600.000000 13.071896
280 0.000016 0.001068 700.000000 12.987013
280 0.000012 0.000428 800.000000 13.245033
290 0.000057 0.009894 100.000000 13.888889
290 0.000055 0.010905 200.000000 13.422819
290 0.000045 0.011548 300.000000 13.636364
290 0.000034 0.012086 400.000000 13.559322
290 0.000025 0.006154 500.000000 12.853471
290 0.000017 0.002639 600.000000 13.071896
290 0.000014 0.000888 700.000000 13.108614
290 0.000011 0.000708 800.000000 13.266998
300 0.000051 0.007746 100.000000 13.513514
300 0.000048 0.009273 200.000000 13.513514
300 0.000041 0.009973 300.000000 13.636364
300 0.000034 0.010598 400.000000 13.513514
300 0.000021 0.004474 500.000000 12.886598
300 0.000017 0.001696 600.000000 13.071896
300 0.000015 0.000864 700.000000 13.182674
300 0.000011 0.001247 800.000000 13.223141
310 0.000037 0.007315 100.000000 12.987013
310 0.000042 0.007971 200.000000 13.513514
310 0.000036 0.008734 300.000000 13.698630
310 0.000058 0.008923 400.000000 13.245033
310 0.000019 0.002840 500.000000 12.919897
310 0.000016 0.000938 600.000000 13.071896
310 0.000013 0.000851 700.000000 13.182674
310 0.000011 0.001512 800.000000 13.157895
320 0.000029 0.008022 100.000000 13.157895
320 0.000042 0.008510 200.000000 13.422819
320 0.000035 0.009234 300.000000 13.574660
320 0.000031 0.007206 400.000000 12.698413
320 0.000018 0.002543 500.000000 12.919897
320 0.000016 0.000990 600.000000 13.015184
320 0.000013 0.001082 700.000000 13.157895
320 0.000011 0.001737 800.000000 13.029316
330 0.000028 0.007342 100.000000 12.820513
330 0.000040 0.008794 200.000000 13.422819
330 0.000034 0.009246 300.000000 13.574660
330 0.000028 0.005634 400.000000 12.618297
330 0.000018 0.002064 500.000000 12.919897
330 0.000016 0.000899 600.000000 12.958963
330 0.000013 0.001359 700.000000 13.157895
330 0.000015 0.001854 800.000000 13.008130
340 0.000034 0.008577 100.000000 12.658228
340 0.000038 0.008826 200.000000 13.333333
340 0.000031 0.009197 300.000000 13.513514
340 0.000024 0.004493 400.000000 12.539185
340 0.000017 0.001538 500.000000 12.886598
340 0.000016 0.000901 600.000000 12.903226
340 0.000013 0.001431 700.000000 13.133208
340 0.000017 0.001731 800.000000 12.944983
350 0.000041 0.009673 100.000000 12.500000
350 0.000040 0.008995 200.000000 13.333333
350 0.000029 0.009392 300.000000 13.452915
350 0.000022 0.004003 400.000000 12.539185
350 0.000017 0.001319 500.000000 12.886598
350 0.000015 0.001019 600.000000 12.820513
350 0.000013 0.001598 700.000000 13.133208
350 0.000016 0.001894 800.000000 12.944983
360 0.000055 0.009453 100.000000 12.658228
360 0.000039 0.009374 200.000000 13.333333
360 0.000028 0.009394 300.000000 13.392858
360 0.000022 0.003583 400.000000 12.578616
360 0.000016 0.001310 500.000000 12.886598
360 0.000015 0.001396 600.000000 12.931034
360 0.000013 0.001880 700.000000 13.133208
370 0.000048 0.008997 100.000000 12.987013
370 0.000036 0.009131 200.000000 13.513514
370 0.000030 0.009370 300.000000 13.333333
370 0.000020 0.002966 400.000000 12.658228
370 0.000016 0.001406 500.000000 12.919897
370 0.000014 0.001770 600.000000 13.071896
370 0.000013 0.002200 700.000000 13.133208
380 0.000045 0.008559 100.000000 13.698630
380 0.000037 0.008888 200.000000 13.888889
380 0.000046 0.008655 300.000000 13.513514
380 0.000020 0.002608 400.000000 12.820513
380 0.000015 0.001542 500.000000 13.020833
380 0.000013 0.001962 600.000000 13.157895
380 0.000013 0.002431 700.000000 13.133208
390 0.000049 0.007936 100.000000 13.513514
390 0.000038 0.008601 200.000000 13.793103
390 0.000042 0.007204 300.000000 12.711864
390 0.000018 0.002505 400.000000 12.820513
390 0.000016 0.002197 500.000000 12.987013
390 0.000013 0.002336 600.000000 13.129103
390 0.000011 0.002817 700.000000 13.035381
400 0.000057 0.009036 100.000000 13.513514
400 0.000037 0.008737 200.000000 13.698630
400 0.000030 0.005166 300.000000 12.396694
400 0.000019 0.002198 400.000000 12.779552
400 0.000017 0.002180 500.000000 12.919897
400 0.000014 0.002544 600.000000 13.100436
400 0.000019 0.002965 700.000000 12.915129
410 0.000060 0.009972 100.000000 13.698630
410 0.000039 0.009421 200.000000 13.793103
410 0.000031 0.004773 300.000000 12.396694
410 0.000019 0.002349 400.000000 12.861736
410 0.000017 0.002353 500.000000 12.919897
410 0.000014 0.002843 600.000000 13.157895
410 0.000018 0.003112 700.000000 12.939002
420 0.000045 0.008975 100.000000 13.888889
420 0.000031 0.008798 200.000000 13.793103
420 0.000030 0.004208 300.000000 12.448133
420 0.000021 0.002719 400.000000 12.903226
420 0.000019 0.002601 500.000000 12.919897
420 0.000016 0.002986 600.000000 13.186813
420 0.000022 0.003149 700.000000 12.939002
430 0.000034 0.006357 100.000000 13.888889
430 0.000020 0.006982 200.000000 13.793103
430 0.000018 0.003049 300.000000 12.448133
430 0.000016 0.003013 400.000000 12.903226
430 0.000017 0.002927 500.000000 12.853471
430 0.000016 0.003114 600.000000 13.186813
440 0.000023 0.006613 100.000000 13.888889
440 0.000013 0.006809 200.000000 13.513514
440 0.000021 0.003284 300.000000 12.448133
440 0.000019 0.003337 400.000000 12.861736
440 0.000020 0.003370 500.000000 12.953368
440 0.000017 0.003316 600.000000 13.157895
450 0.000025 0.007135 100.000000 13.698630
450 0.000042 0.006491 200.000000 13.333333
450 0.000025 0.003419 300.000000 12.448133
450 0.000019 0.003588 400.000000 12.820513
450 0.000018 0.003558 500.000000 13.020833
450 0.000018 0.003587 600.000000 13.043478
460 0.000028 0.006998 100.000000 13.698630
460 0.000061 0.005060 200.000000 12.422360
460 0.000022 0.004027 300.000000 12.500000
460 0.000020 0.004051 400.000000 12.779552
460 0.000019 0.003699 500.000000 12.987013
460 0.000016 0.003882 600.000000 12.958963
470 0.000022 0.006368 100.000000 13.698630
470 0.000033 0.003748 200.000000 11.834319
470 0.000025 0.004640 300.000000 12.500000
470 0.000023 0.004453 400.000000 12.738853
470 0.000020 0.004136 500.000000 12.987013
470 0.000030 0.004328 600.000000 12.847966
480 0.000024 0.006898 100.000000 13.698630
480 0.000033 0.004740 200.000000 11.764706
480 0.000027 0.005179 300.000000 12.500000
480 0.000023 0.004610 400.000000 12.698413
480 0.000019 0.004522 500.000000 13.020833
480 0.000028 0.004520 600.000000 12.793177
490 0.000024 0.006684 100.000000 13.513514
490 0.000032 0.005964 200.000000 11.695907
490 0.000024 0.005609 300.000000 12.552301
490 0.000023 0.004848 400.000000 12.658228
490 0.000021 0.004631 500.000000 13.020833
490 0.000030 0.004524 600.000000 12.738853
500 0.000000 0.006794 100.000000 13.513514
500 0.000030 0.006264 200.000000 11.695907
500 0.000027 0.005735 300.000000 12.500000
500 0.000026 0.004921 400.000000 12.539185
500 0.000024 0.004765 500.000000 13.020833
510 0.000014 0.006006 100.000000 13.157895
510 0.000036 0.007185 200.000000 11.764706
510 0.000030 0.006218 300.000000 12.500000
510 0.000029 0.005505 400.000000 12.698413
510 0.000025 0.005074 500.000000 12.987013
520 0.000050 0.006214 100.000000 12.820513
520 0.000035 0.007424 200.000000 11.834319
520 0.000028 0.006452 300.000000 12.448133
520 0.000024 0.005612 400.000000 12.779552
520 0.000025 0.005191 500.000000 12.886598
530 0.000126 0.003596 100.000000 11.494253
530 0.000038 0.008878 200.000000 11.834319
530 0.000030 0.007044 300.000000 12.448133
530 0.000027 0.005795 400.000000 12.779552
530 0.000023 0.005507 500.000000 12.820513
540 0.000069 0.008469 100.000000 10.309278
540 0.000042 0.009330 200.000000 11.904762
540 0.000036 0.007383 300.000000 12.396694
540 0.000029 0.006247 400.000000 12.779552
540 0.000040 0.006209 500.000000 12.658228
550 0.000064 0.013032 100.000000 10.204082
550 0.000041 0.010306 200.000000 11.904762
550 0.000037 0.007520 300.000000 12.345679
550 0.000028 0.006600 400.000000 12.779552
550 0.000038 0.006333 500.000000 12.626263
560 0.000068 0.015675 100.000000 10.204082
560 0.000043 0.010733 200.000000 11.976048
560 0.000037 0.007854 300.000000 12.295082
560 0.000030 0.006833 400.000000 12.820513
560 0.000039 0.006407 500.000000 12.594459
570 0.000068 0.017269 100.000000 10.204082
570 0.000044 0.011275 200.000000 11.976048
570 0.000037 0.008240 300.000000 12.195122
570 0.000031 0.007126 400.000000 12.820513
570 0.000039 0.006948 500.000000 12.594459
580 0.000069 0.018843 100.000000 10.416667
580 0.000044 0.011778 200.000000 12.048193
580 0.000040 0.008725 300.000000 12.345679
580 0.000033 0.007485 400.000000 12.861736
590 0.000074 0.019739 100.000000 10.752688
590 0.000048 0.012311 200.000000 12.195122
590 0.000040 0.009446 300.000000 12.658228
590 0.000033 0.008044 400.000000 12.944983
600 0.000121 0.019013 100.000000 10.869565
600 0.000075 0.011146 200.000000 12.269938
600 0.000055 0.009642 300.000000 12.711864
600 0.000048 0.009298 400.000000 12.820513
610 0.000210 0.018790 100.000000 11.494253
610 0.000123 0.014716 200.000000 12.578616
610 0.000087 0.015441 300.000000 12.987013
610 0.000071 0.016428 400.000000 12.987013
620 0.000121 0.014572 100.000000 12.345679
620 0.000077 0.009172 200.000000 13.071896
620 0.000059 0.008296 300.000000 13.333333
620 0.000045 0.009057 400.000000 13.201320
630 0.000071 0.011698 100.000000 13.333333
630 0.000053 0.006981 200.000000 13.422819
630 0.000041 0.005342 300.000000 13.636364
630 0.000032 0.005632 400.000000 13.289037
640 0.000045 0.008691 100.000000 13.888889
640 0.000041 0.005670 200.000000 13.698630
640 0.000032 0.004419 300.000000 13.824884
640 0.000048 0.004779 400.000000 13.333333
650 0.000049 0.007136 100.000000 14.084507
650 0.000044 0.004511 200.000000 13.605442
650 0.000030 0.003881 300.000000 13.888889
650 0.000045 0.004406 400.000000 13.289037
660 0.000041 0.005723 100.000000 14.285714
660 0.000040 0.003428 200.000000 13.605442
660 0.000030 0.003234 300.000000 13.953488
660 0.000046 0.004103 400.000000 13.289037
670 0.000038 0.005820 100.000000 14.084507
670 0.000034 0.003677 200.000000 13.333333
670 0.000029 0.003306 300.000000 13.953488
680 0.000037 0.006465 100.000000 13.888889
680 0.000036 0.004699 200.000000 13.698630
680 0.000027 0.004125 300.000000 13.824884
690 0.000031 0.006734 100.000000 13.698630
690 0.000024 0.005189 200.000000 13.793103
690 0.000025 0.004975 300.000000 13.574660
700 0.000036 0.006444 100.000000 13.513514
700 0.000029 0.004592 200.000000 13.698630
700 0.000020 0.004659 300.000000 13.333333
710 0.000038 0.006133 100.000000 13.157895
710 0.000025 0.004959 200.000000 13.698630
710 0.000049 0.004937 300.000000 13.043478
720 0.000041 0.005795 100.000000 12.987013
720 0.000022 0.005072 200.000000 13.698630
720 0.000045 0.004732 300.000000 12.931034
730 0.000038 0.004949 100.000000 12.658228
730 0.000027 0.004619 200.000000 13.698630
730 0.000048 0.004637 300.000000 12.931034
740 0.000032 0.005004 100.000000 12.500000
740 0.000026 0.004949 200.000000 13.698630
750 0.000036 0.005802 100.000000 13.157895
750 0.000022 0.005347 200.000000 13.698630
760 0.000018 0.005254 100.000000 13.513514
760 0.000024 0.005307 200.000000 13.422819
770 0.000027 0.005024 100.000000 13.513514
770 0.000015 0.005427 200.000000 13.333333
780 0.000017 0.005811 100.000000 13.698630
780 0.000060 0.006023 200.000000 12.903226
790 0.000000 0.006846 100.000000 14.084507
790 0.000051 0.006276 200.000000 12.903226
800 0.000005 0.007642 100.000000 14.285714
800 0.000053 0.006443 200.000000 12.903226
810 0.000017 0.006752 100.000000 14.705882
810 0.000054 0.005762 200.000000 12.987013
820 0.000020 0.007579 100.000000 14.492754
830 0.000031 0.007578 100.000000 13.157895
840 0.000023 0.007581 100.000000 12.820513
850 0.000000 0.007440 100.000000 12.048193
860 0.000096 0.006489 100.000000 11.764706
870 0.000097 0.005483 100.000000 11.627907
880 0.000086 0.006720 100.000000 11.494253
