0 0.000027 0.009664 100.000000 10.000000
0 0.000025 0.005343 200.000000 9.345795
0 0.000043 0.005218 300.000000 9.554140
0 0.000054 0.004420 400.000000 9.685230
0 0.000053 0.007581 500.000000 9.633911
0 0.000036 0.008363 600.000000 9.868421
10 0.000076 0.009859 100.000000 10.416667
10 0.000031 0.003749 200.000000 9.345795
10 0.000035 0.003200 300.000000 9.708738
10 0.000046 0.004004 400.000000 9.803922
10 0.000049 0.006998 500.000000 9.727627
10 0.000037 0.007939 600.000000 9.950249
20 0.000092 0.005308 100.000000 10.526316
20 0.000046 0.002692 200.000000 9.389671
20 0.000065 0.003468 300.000000 9.803922
20 0.000049 0.005820 400.000000 9.876543
20 0.000051 0.008064 500.000000 9.803922
20 0.000048 0.008290 600.000000 9.983361
30 0.000092 0.004950 100.000000 10.204082
30 0.000037 0.003158 200.000000 9.478673
30 0.000062 0.003776 300.000000 9.677420
30 0.000052 0.006878 400.000000 9.803922
30 0.000050 0.008794 500.000000 9.765625
30 0.000041 0.008647 600.000000 9.900990
40 0.000089 0.004396 100.000000 10.101010
40 0.000038 0.001497 200.000000 9.478673
40 0.000062 0.004321 300.000000 9.646302
40 0.000050 0.007489 400.000000 9.779951
40 0.000047 0.009140 500.000000 9.784736
40 0.000037 0.008747 600.000000 9.966778
50 0.000074 0.004972 100.000000 9.523809
50 0.000036 0.001891 200.000000 9.433962
50 0.000066 0.004591 300.000000 9.615385
50 0.000048 0.007708 400.000000 9.756098
50 0.000046 0.009303 500.000000 9.765625
50 0.000040 0.008402 600.000000 9.950249
60 0.000085 0.005453 100.000000 9.345795
60 0.000044 0.001986 200.000000 9.433962
60 0.000070 0.004910 300.000000 9.646302
60 0.000050 0.008553 400.000000 9.685230
60 0.000047 0.009662 500.000000 9.784736
60 0.000041 0.008299 600.000000 9.983361
70 0.000086 0.006985 100.000000 9.009009
70 0.000055 0.003307 200.000000 9.302325
70 0.000070 0.006084 300.000000 9.615385
70 0.000079 0.009908 400.000000 9.501187
70 0.000050 0.010510 500.000000 9.746589
70 0.000043 0.008337 600.000000 9.950249
80 0.000036 0.010069 100.000000 9.009009
80 0.000077 0.005461 200.000000 9.389671
80 0.000087 0.006661 300.000000 9.615385
80 0.000086 0.011317 400.000000 9.501187
80 0.000051 0.011639 500.000000 9.784736
80 0.000044 0.008470 600.000000 9.884679
90 0.000058 0.002883 100.000000 8.695652
90 0.000052 0.006599 200.000000 9.216590
90 0.000070 0.007747 300.000000 9.523809
90 0.000066 0.010978 400.000000 9.478673
90 0.000040 0.010755 500.000000 9.765625
90 0.000038 0.006748 600.000000 9.819967
100 0.000063 0.003308 100.000000 8.547009
100 0.000060 0.006760 200.000000 9.302325
100 0.000067 0.008399 300.000000 9.554140
100 0.000060 0.011111 400.000000 9.523809
100 0.000039 0.010812 500.000000 9.823183
110 0.000133 0.001196 100.000000 8.333333
110 0.000084 0.007105 200.000000 9.389671
110 0.000068 0.009342 300.000000 9.615385
110 0.000059 0.011610 400.000000 9.592326
110 0.000050 0.010757 500.000000 9.861933
120 0.000109 0.002992 100.000000 8.474576
120 0.000094 0.007116 200.000000 9.345795
120 0.000072 0.010331 300.000000 9.584664
120 0.000057 0.011993 400.000000 9.592326
120 0.000044 0.010697 500.000000 9.784736
130 0.000094 0.006539 100.000000 8.771930
130 0.000091 0.007692 200.000000 9.302325
130 0.000071 0.010999 300.000000 9.615385
130 0.000054 0.012185 400.000000 9.638555
130 0.000044 0.010678 500.000000 9.842520
140 0.000096 0.005897 100.000000 8.849558
140 0.000094 0.008205 200.000000 9.433962
140 0.000071 0.011543 300.000000 9.646302
140 0.000055 0.012453 400.000000 9.685230
140 0.000042 0.010595 500.000000 9.920635
150 0.000105 0.006770 100.000000 9.090909
150 0.000095 0.008722 200.000000 9.523809
150 0.000071 0.012108 300.000000 9.708738
150 0.000054 0.012763 400.000000 9.756098
150 0.000045 0.010483 500.000000 9.980040
160 0.000109 0.009164 100.000000 9.259259
160 0.000111 0.009410 200.000000 9.708738
160 0.000071 0.012519 300.000000 9.803922
160 0.000057 0.012856 400.000000 9.828010
160 0.000046 0.010120 500.000000 10.040160
170 0.000136 0.010926 100.000000 9.345795
170 0.000119 0.011229 200.000000 9.756098
170 0.000107 0.015041 300.000000 9.677420
170 0.000061 0.014325 400.000000 9.852217
170 0.000048 0.010550 500.000000 10.101010
180 0.000135 0.013712 100.000000 9.523809
180 0.000115 0.012590 200.000000 9.852217
180 0.000107 0.016173 300.000000 9.615385
180 0.000059 0.014381 400.000000 9.925558
180 0.000050 0.009852 500.000000 10.101010
190 0.000142 0.014518 100.000000 9.615385
190 0.000122 0.013445 200.000000 9.900990
190 0.000108 0.016679 300.000000 9.646302
190 0.000059 0.014917 400.000000 9.975062
190 0.000047 0.009693 500.000000 10.060362
200 0.000137 0.017974 100.000000 9.708738
200 0.000128 0.014865 200.000000 10.000000
200 0.000108 0.017546 300.000000 9.740260
200 0.000062 0.015672 400.000000 10.050251
200 0.000054 0.009596 500.000000 10.080646
210 0.000148 0.019449 100.000000 9.708738
210 0.000125 0.015520 200.000000 9.950249
210 0.000100 0.017366 300.000000 9.740260
210 0.000063 0.015780 400.000000 10.101010
220 0.000069 0.011404 100.000000 10.309278
220 0.000079 0.008069 200.000000 10.204082
220 0.000071 0.010427 300.000000 9.933775
220 0.000049 0.010325 400.000000 10.230179
230 0.000078 0.007239 100.000000 10.638298
230 0.000053 0.006320 200.000000 10.362695
230 0.000055 0.008086 300.000000 10.033444
230 0.000047 0.007548 400.000000 10.282776
240 0.000115 0.010167 100.000000 9.900990
240 0.000068 0.011758 200.000000 10.050251
240 0.000058 0.012612 300.000000 9.933775
240 0.000045 0.010758 400.000000 10.101010
250 0.000111 0.009955 100.000000 9.900990
250 0.000062 0.011381 200.000000 10.000000
250 0.000053 0.012046 300.000000 9.966778
250 0.000041 0.010141 400.000000 10.178117
260 0.000120 0.010267 100.000000 9.900990
260 0.000061 0.011008 200.000000 10.000000
260 0.000053 0.012162 300.000000 9.966778
260 0.000042 0.010008 400.000000 10.178117
270 0.000123 0.009787 100.000000 9.900990
270 0.000061 0.010614 200.000000 9.900990
270 0.000051 0.011631 300.000000 9.966778
270 0.000040 0.009341 400.000000 10.230179
280 0.000114 0.010928 100.000000 10.101010
280 0.000111 0.011651 200.000000 9.615385
280 0.000050 0.012053 300.000000 10.000000
280 0.000039 0.009293 400.000000 10.256411
290 0.000103 0.011272 100.000000 10.000000
290 0.000101 0.012783 200.000000 9.569378
290 0.000047 0.011822 300.000000 10.033444
290 0.000037 0.008790 400.000000 10.126582
300 0.000118 0.011782 100.000000 10.000000
300 0.000100 0.014073 200.000000 9.615385
300 0.000048 0.012928 300.000000 10.067114
300 0.000041 0.009316 400.000000 10.126582
310 0.000112 0.012511 100.000000 10.101010
310 0.000093 0.014843 200.000000 9.708738
310 0.000051 0.013592 300.000000 10.169492
320 0.000067 0.008686 100.000000 9.900990
320 0.000067 0.010736 200.000000 9.708738
320 0.000048 0.008862 300.000000 10.135135
330 0.000053 0.006200 100.000000 10.000000
330 0.000026 0.006757 200.000000 9.803922
330 0.000031 0.004804 300.000000 10.101010
340 0.000042 0.006289 100.000000 10.101010
340 0.000032 0.007719 200.000000 9.900990
340 0.000037 0.005955 300.000000 10.135135
350 0.000041 0.005083 100.000000 10.000000
350 0.000027 0.007915 200.000000 9.900990
350 0.000031 0.006304 300.000000 10.238908
360 0.000044 0.003442 100.000000 10.000000
360 0.000024 0.007416 200.000000 9.900990
360 0.000033 0.005849 300.000000 10.238908
370 0.000028 0.002926 100.000000 9.708738
370 0.000027 0.005679 200.000000 9.950249
370 0.000032 0.004803 300.000000 10.309278
380 0.000106 0.006461 100.000000 9.009009
380 0.000035 0.006876 200.000000 9.900990
380 0.000035 0.005845 300.000000 10.238908
390 0.000093 0.008022 100.000000 9.090909
390 0.000040 0.006615 200.000000 9.950249
390 0.000036 0.005821 300.000000 10.101010
400 0.000092 0.009195 100.000000 9.174312
400 0.000044 0.006844 200.000000 10.050251
400 0.000038 0.006552 300.000000 10.101010
410 0.000090 0.010148 100.000000 9.259259
410 0.000048 0.007075 200.000000 10.152285
420 0.000086 0.010726 100.000000 9.345795
420 0.000058 0.006261 200.000000 10.204082
430 0.000088 0.011144 100.000000 9.433962
430 0.000059 0.007003 200.000000 10.050251
440 0.000073 0.011537 100.000000 9.615385
440 0.000062 0.007877 200.000000 10.101010
450 0.000083 0.012375 100.000000 9.708738
450 0.000062 0.008768 200.000000 10.309278
460 0.000084 0.013548 100.000000 9.708738
460 0.000062 0.009278 200.000000 10.309278
470 0.000085 0.011183 100.000000 10.000000
470 0.000064 0.008013 200.000000 10.526316
480 0.000087 0.006095 100.000000 10.416667
480 0.000062 0.002337 200.000000 10.752688
490 0.000104 0.005269 100.000000 10.752688
490 0.000061 0.001786 200.000000 10.869565
500 0.000103 0.004938 100.000000 10.869565
500 0.000062 0.001451 200.000000 10.638298
510 0.000078 0.004076 100.000000 10.989011
510 0.000051 0.003770 200.000000 10.526316
520 0.000049 0.004936 100.000000 11.111111
530 0.000078 0.003679 100.000000 10.752688
540 0.000096 0.003516 100.000000 10.416667
550 0.000091 0.003981 100.000000 10.752688
560 0.000094 0.004858 100.000000 10.752688
570 0.000085 0.007106 100.000000 10.989011
580 0.000093 0.008368 100.000000 10.869565
590 0.000096 0.011496 100.000000 10.204082
600 0.000114 0.015922 100.000000 9.900990
