0 0.000099 0.004862 100.000000 11.627907
0 0.000029 0.005471 200.000000 11.695907
0 0.000016 0.009932 300.000000 12.875537
0 0.000011 0.008451 400.000000 12.383901
0 0.000022 0.006273 500.000000 11.961722
0 0.000028 0.006794 600.000000 11.718750
0 0.000024 0.007889 700.000000 11.627907
0 0.000022 0.006822 800.000000 11.611031
0 0.000023 0.005144 900.000000 11.749348
0 0.000023 0.005350 1000.000000 11.641443
0 0.000027 0.003795 1100.000000 11.530398
0 0.000029 0.003190 1200.000000 11.461318
0 0.000027 0.003922 1300.000000 11.576136
0 0.000025 0.004985 1400.000000 11.744967
0 0.000022 0.006289 1500.000000 11.895321
0 0.000022 0.007909 1600.000000 12.048193
10 0.000099 0.005216 100.000000 12.048193
10 0.000028 0.007491 200.000000 12.121212
10 0.000023 0.011083 300.000000 13.100436
10 0.000016 0.009012 400.000000 12.422360
10 0.000027 0.006798 500.000000 12.019231
10 0.000029 0.007462 600.000000 11.764706
10 0.000027 0.008468 700.000000 11.686144
10 0.000023 0.007175 800.000000 11.661808
10 0.000025 0.005665 900.000000 11.780105
10 0.000024 0.006125 1000.000000 11.627907
10 0.000028 0.004283 1100.000000 11.554622
10 0.000030 0.003707 1200.000000 11.494253
10 0.000027 0.004460 1300.000000 11.617516
10 0.000025 0.005318 1400.000000 11.784512
10 0.000022 0.006555 1500.000000 11.933174
10 0.000022 0.008206 1600.000000 12.084592
20 0.000112 0.007312 100.000000 11.904762
20 0.000011 0.008229 200.000000 12.345679
20 0.000026 0.011727 300.000000 13.100436
20 0.000019 0.008741 400.000000 12.345679
20 0.000026 0.006829 500.000000 11.990408
20 0.000028 0.007569 600.000000 11.741683
20 0.000024 0.008406 700.000000 11.627907
20 0.000022 0.006820 800.000000 11.678832
20 0.000022 0.005332 900.000000 11.764706
20 0.000028 0.005930 1000.000000 11.627907
20 0.000028 0.004125 1100.000000 11.518325
20 0.000029 0.003767 1200.000000 11.483253
20 0.000026 0.004726 1300.000000 11.627907
20 0.000025 0.005448 1400.000000 11.794439
20 0.000022 0.006814 1500.000000 11.942676
20 0.000021 0.008417 1600.000000 12.093726
30 0.000109 0.007257 100.000000 11.764706
30 0.000019 0.008428 200.000000 12.269938
30 0.000032 0.011965 300.000000 13.043478
30 0.000020 0.008315 400.000000 12.121212
30 0.000028 0.006708 500.000000 11.876485
30 0.000026 0.007351 600.000000 11.650485
30 0.000026 0.007972 700.000000 11.608624
30 0.000023 0.006247 800.000000 11.661808
30 0.000023 0.004986 900.000000 11.703511
30 0.000024 0.005560 1000.000000 11.614402
30 0.000030 0.004525 1100.000000 11.494253
30 0.000027 0.004247 1200.000000 11.461318
30 0.000025 0.005265 1300.000000 11.627907
30 0.000024 0.006032 1400.000000 11.794439
30 0.000022 0.007255 1500.000000 11.952191
30 0.000021 0.008761 1600.000000 12.102875
40 0.000132 0.008303 100.000000 11.627907
40 0.000025 0.011628 200.000000 12.500000
40 0.000034 0.012712 300.000000 12.931034
40 0.000022 0.008709 400.000000 12.048193
40 0.000023 0.007314 500.000000 11.792453
40 0.000026 0.007907 600.000000 11.605416
40 0.000025 0.008398 700.000000 11.570248
40 0.000024 0.006281 800.000000 11.678832
40 0.000024 0.005065 900.000000 11.703511
40 0.000026 0.005330 1000.000000 11.574074
40 0.000030 0.004487 1100.000000 11.506276
40 0.000028 0.004280 1200.000000 11.472276
40 0.000025 0.005487 1300.000000 11.648746
40 0.000023 0.006397 1400.000000 11.804384
40 0.000022 0.007675 1500.000000 11.961722
40 0.000026 0.009072 1600.000000 12.112037
50 0.000101 0.006767 100.000000 11.627907
50 0.000025 0.012283 200.000000 12.820513
50 0.000030 0.012299 300.000000 12.875537
50 0.000022 0.008052 400.000000 12.012012
50 0.000026 0.007098 500.000000 11.764706
50 0.000024 0.007669 600.000000 11.583012
50 0.000023 0.007837 700.000000 11.570248
50 0.000023 0.005903 800.000000 11.730206
50 0.000024 0.005037 900.000000 11.718750
50 0.000024 0.005134 1000.000000 11.560694
50 0.000027 0.004709 1100.000000 11.482255
50 0.000027 0.004754 1200.000000 11.494253
50 0.000024 0.005872 1300.000000 11.669659
50 0.000022 0.006770 1400.000000 11.834319
50 0.000021 0.007975 1500.000000 11.990408
50 0.000030 0.009375 1600.000000 12.112037
60 0.000076 0.006341 100.000000 11.627907
60 0.000030 0.011778 200.000000 12.987013
60 0.000030 0.011764 300.000000 12.875537
60 0.000023 0.007665 400.000000 12.012012
60 0.000024 0.006956 500.000000 11.764706
60 0.000022 0.007437 600.000000 11.583012
60 0.000022 0.007135 700.000000 11.570248
60 0.000022 0.005420 800.000000 11.764706
60 0.000024 0.004870 900.000000 11.703511
60 0.000023 0.004760 1000.000000 11.560694
60 0.000026 0.004754 1100.000000 11.470282
60 0.000026 0.005154 1200.000000 11.516315
60 0.000023 0.006189 1300.000000 11.701170
60 0.000021 0.007069 1400.000000 11.854361
60 0.000020 0.008247 1500.000000 12.019231
60 0.000028 0.009821 1600.000000 12.121212
70 0.000017 0.005825 100.000000 11.235955
70 0.000048 0.012274 200.000000 13.157895
70 0.000035 0.011270 300.000000 12.765958
70 0.000031 0.007589 400.000000 11.940298
70 0.000027 0.007485 500.000000 11.737089
70 0.000026 0.007860 600.000000 11.516315
70 0.000024 0.007281 700.000000 11.570248
70 0.000023 0.006181 800.000000 11.764706
70 0.000028 0.006191 900.000000 11.718750
70 0.000024 0.005838 1000.000000 11.534025
70 0.000025 0.005974 1100.000000 11.446410
70 0.000025 0.006224 1200.000000 11.527377
70 0.000022 0.006925 1300.000000 11.711712
70 0.000020 0.007637 1400.000000 11.874470
70 0.000019 0.008631 1500.000000 12.038524
70 0.000026 0.010119 1600.000000 12.148823
80 0.000024 0.005516 100.000000 11.494253
80 0.000059 0.011673 200.000000 13.422819
80 0.000034 0.011027 300.000000 12.658228
80 0.000029 0.008124 400.000000 12.012012
80 0.000025 0.007817 500.000000 11.709601
80 0.000024 0.008127 600.000000 11.560694
80 0.000022 0.007253 700.000000 11.570248
80 0.000022 0.006388 800.000000 11.747430
80 0.000023 0.006639 900.000000 11.642949
80 0.000023 0.006027 1000.000000 11.520738
80 0.000025 0.006193 1100.000000 11.446410
80 0.000023 0.006743 1200.000000 11.549567
80 0.000021 0.007303 1300.000000 11.732852
80 0.000019 0.007925 1400.000000 11.894648
80 0.000017 0.008915 1500.000000 12.057878
80 0.000026 0.010216 1600.000000 12.148823
90 0.000039 0.007035 100.000000 11.904762
90 0.000059 0.012569 200.000000 13.513514
90 0.000036 0.011027 300.000000 12.552301
90 0.000028 0.008400 400.000000 11.976048
90 0.000023 0.007892 500.000000 11.682243
90 0.000023 0.008146 600.000000 11.605416
90 0.000021 0.006956 700.000000 11.589404
90 0.000023 0.006277 800.000000 11.713031
90 0.000023 0.006608 900.000000 11.583012
90 0.000024 0.005849 1000.000000 11.494253
90 0.000026 0.006207 1100.000000 11.434511
90 0.000022 0.007111 1200.000000 11.560694
90 0.000021 0.007560 1300.000000 11.754068
90 0.000018 0.008206 1400.000000 11.914893
90 0.000017 0.009264 1500.000000 12.077294
100 0.000090 0.008981 100.000000 12.500000
100 0.000080 0.013618 200.000000 13.605442
100 0.000037 0.011492 300.000000 12.396694
100 0.000027 0.009705 400.000000 11.940298
100 0.000021 0.009031 500.000000 11.655012
100 0.000023 0.008915 600.000000 11.516315
100 0.000021 0.007734 700.000000 11.608624
100 0.000021 0.007296 800.000000 11.713031
100 0.000021 0.007501 900.000000 11.568124
100 0.000023 0.006864 1000.000000 11.454754
100 0.000023 0.007170 1100.000000 11.422638
100 0.000020 0.007976 1200.000000 11.583012
100 0.000019 0.008137 1300.000000 11.764706
100 0.000016 0.008709 1400.000000 11.925042
100 0.000016 0.009647 1500.000000 12.087027
110 0.000118 0.011640 100.000000 12.658228
110 0.000083 0.014953 200.000000 13.513514
110 0.000035 0.011643 300.000000 12.244898
110 0.000030 0.010388 400.000000 11.869436
110 0.000021 0.009674 500.000000 11.627907
110 0.000024 0.009448 600.000000 11.583012
110 0.000021 0.008153 700.000000 11.627907
110 0.000021 0.007647 800.000000 11.695907
110 0.000018 0.007634 900.000000 11.583012
110 0.000025 0.007346 1000.000000 11.467890
110 0.000022 0.007468 1100.000000 11.422638
110 0.000019 0.008145 1200.000000 11.594203
110 0.000019 0.008327 1300.000000 11.775362
110 0.000016 0.008895 1400.000000 11.945393
110 0.000016 0.009831 1500.000000 12.096774
120 0.000162 0.015845 100.000000 12.987013
120 0.000098 0.015769 200.000000 13.605442
120 0.000044 0.013163 300.000000 12.145749
120 0.000027 0.012142 400.000000 11.834319
120 0.000019 0.010963 500.000000 11.574074
120 0.000022 0.010286 600.000000 11.538462
120 0.000022 0.009134 700.000000 11.647255
120 0.000021 0.008817 800.000000 11.678832
120 0.000017 0.008544 900.000000 11.553273
120 0.000022 0.008393 1000.000000 11.454754
120 0.000020 0.008418 1100.000000 11.434511
120 0.000017 0.009009 1200.000000 11.616651
120 0.000017 0.009116 1300.000000 11.796733
120 0.000014 0.009469 1400.000000 11.965812
120 0.000016 0.010126 1500.000000 12.126112
130 0.000160 0.018112 100.000000 13.698630
130 0.000094 0.016355 200.000000 13.513514
130 0.000042 0.013215 300.000000 12.096774
130 0.000026 0.011860 400.000000 11.764706
130 0.000020 0.010894 500.000000 11.547344
130 0.000023 0.010075 600.000000 11.516315
130 0.000022 0.009144 700.000000 11.686144
130 0.000023 0.008841 800.000000 11.695907
130 0.000021 0.008609 900.000000 11.538462
130 0.000020 0.008436 1000.000000 11.454754
130 0.000020 0.008470 1100.000000 11.446410
130 0.000018 0.008984 1200.000000 11.639185
130 0.000016 0.009178 1300.000000 11.818182
130 0.000015 0.009556 1400.000000 11.986301
130 0.000023 0.010111 1500.000000 12.126112
140 0.000123 0.018473 100.000000 14.285714
140 0.000077 0.016486 200.000000 13.513514
140 0.000036 0.011875 300.000000 12.048193
140 0.000024 0.010418 400.000000 11.764706
140 0.000021 0.009747 500.000000 11.494253
140 0.000023 0.008901 600.000000 11.516315
140 0.000023 0.007925 700.000000 11.725293
140 0.000025 0.007574 800.000000 11.695907
140 0.000020 0.007460 900.000000 11.538462
140 0.000022 0.007528 1000.000000 11.441648
140 0.000023 0.007792 1100.000000 11.470282
140 0.000020 0.008390 1200.000000 11.673152
140 0.000018 0.008762 1300.000000 11.850501
140 0.000017 0.009431 1400.000000 12.017167
140 0.000028 0.010537 1500.000000 12.135922
150 0.000128 0.020607 100.000000 14.925373
150 0.000071 0.016422 200.000000 13.422819
150 0.000042 0.011682 300.000000 12.096774
150 0.000029 0.010308 400.000000 11.764706
150 0.000024 0.009645 500.000000 11.574074
150 0.000025 0.008841 600.000000 11.560694
150 0.000025 0.008001 700.000000 11.784512
150 0.000028 0.007898 800.000000 11.730206
150 0.000022 0.007629 900.000000 11.538462
150 0.000024 0.007786 1000.000000 11.441648
150 0.000024 0.007968 1100.000000 11.506276
150 0.000021 0.008469 1200.000000 11.707317
150 0.000018 0.008861 1300.000000 11.882998
150 0.000018 0.009591 1400.000000 12.048193
150 0.000026 0.010878 1500.000000 12.165450
160 0.000112 0.019661 100.000000 15.873015
160 0.000058 0.015019 200.000000 13.605442
160 0.000041 0.009534 300.000000 12.195122
160 0.000033 0.008930 400.000000 11.834319
160 0.000030 0.008864 500.000000 11.574074
160 0.000027 0.008061 600.000000 11.605416
160 0.000027 0.007111 700.000000 11.844332
160 0.000030 0.007274 800.000000 11.747430
160 0.000027 0.006862 900.000000 11.553273
160 0.000027 0.007049 1000.000000 11.467890
160 0.000026 0.007224 1100.000000 11.554622
160 0.000024 0.007819 1200.000000 11.753183
160 0.000020 0.008441 1300.000000 11.926605
160 0.000019 0.009369 1400.000000 12.089810
160 0.000027 0.010779 1500.000000 12.214984
170 0.000089 0.018059 100.000000 15.625000
170 0.000041 0.012209 200.000000 12.987013
170 0.000035 0.007633 300.000000 12.048193
170 0.000036 0.007639 400.000000 11.661808
170 0.000032 0.008597 500.000000 11.547344
170 0.000027 0.007305 600.000000 11.516315
170 0.000028 0.006130 700.000000 11.705686
170 0.000028 0.006797 800.000000 11.577424
170 0.000029 0.005625 900.000000 11.464968
170 0.000032 0.005594 1000.000000 11.389522
170 0.000028 0.006294 1100.000000 11.530398
170 0.000025 0.006949 1200.000000 11.730206
170 0.000022 0.007851 1300.000000 11.904762
170 0.000021 0.009165 1400.000000 12.079379
170 0.000031 0.010378 1500.000000 12.155592
180 0.000080 0.019673 100.000000 14.492754
180 0.000035 0.010524 200.000000 12.195122
180 0.000040 0.006883 300.000000 11.673152
180 0.000039 0.007776 400.000000 11.396011
180 0.000031 0.008721 500.000000 11.312217
180 0.000027 0.007049 600.000000 11.428572
180 0.000027 0.005772 700.000000 11.570248
180 0.000032 0.006848 800.000000 11.428572
180 0.000032 0.005002 900.000000 11.320755
180 0.000033 0.004698 1000.000000 11.299435
180 0.000029 0.005579 1100.000000 11.482255
180 0.000027 0.006274 1200.000000 11.684518
180 0.000024 0.007586 1300.000000 11.872146
180 0.000023 0.009223 1400.000000 12.037833
190 0.000081 0.022397 100.000000 14.492754
190 0.000044 0.010791 200.000000 11.904762
190 0.000053 0.007806 300.000000 11.538462
190 0.000044 0.008925 400.000000 11.331445
190 0.000038 0.010031 500.000000 11.337869
190 0.000032 0.008066 600.000000 11.428572
190 0.000030 0.006878 700.000000 11.532125
190 0.000033 0.007900 800.000000 11.444921
190 0.000039 0.005894 900.000000 11.320755
190 0.000035 0.004569 1000.000000 11.286682
190 0.000032 0.005085 1100.000000 11.494253
190 0.000029 0.006024 1200.000000 11.695907
190 0.000027 0.007508 1300.000000 11.882998
190 0.000026 0.009364 1400.000000 12.048193
200 0.000059 0.021732 100.000000 13.157895
200 0.000050 0.010201 200.000000 11.363636
200 0.000049 0.009314 300.000000 11.194030
200 0.000049 0.009767 400.000000 11.080333
200 0.000039 0.011023 500.000000 11.135858
200 0.000035 0.008724 600.000000 11.385200
200 0.000034 0.008217 700.000000 11.437908
200 0.000036 0.008363 800.000000 11.299435
200 0.000038 0.006404 900.000000 11.235955
200 0.000036 0.004491 1000.000000 11.248594
200 0.000032 0.004808 1100.000000 11.470282
200 0.000030 0.005975 1200.000000 11.673152
200 0.000028 0.007567 1300.000000 11.861314
200 0.000034 0.009374 1400.000000 12.017167
210 0.000041 0.019515 100.000000 12.500000
210 0.000047 0.007798 200.000000 11.111111
210 0.000052 0.007579 300.000000 11.029411
210 0.000042 0.008257 400.000000 10.958904
210 0.000034 0.009010 500.000000 11.061947
210 0.000031 0.006697 600.000000 11.363636
210 0.000032 0.006602 700.000000 11.382113
210 0.000032 0.006257 800.000000 11.235955
210 0.000035 0.004993 900.000000 11.166253
210 0.000034 0.004035 1000.000000 11.235955
210 0.000031 0.005038 1100.000000 11.470282
210 0.000027 0.006403 1200.000000 11.661808
210 0.000027 0.008064 1300.000000 11.861314
210 0.000036 0.010004 1400.000000 11.996572
220 0.000015 0.014572 100.000000 11.764706
220 0.000053 0.006377 200.000000 10.869565
220 0.000052 0.006483 300.000000 10.869565
220 0.000044 0.007349 400.000000 10.810811
220 0.000030 0.007493 500.000000 10.989011
220 0.000028 0.005637 600.000000 11.320755
220 0.000034 0.005887 700.000000 11.326860
220 0.000033 0.004870 800.000000 11.157601
220 0.000034 0.003751 900.000000 11.111111
220 0.000033 0.003426 1000.000000 11.223345
220 0.000030 0.004839 1100.000000 11.458333
220 0.000027 0.006477 1200.000000 11.661808
220 0.000026 0.008221 1300.000000 11.861314
220 0.000032 0.010147 1400.000000 11.996572
230 0.000024 0.009612 100.000000 11.111111
230 0.000049 0.005660 200.000000 10.752688
230 0.000056 0.005739 300.000000 10.714286
230 0.000040 0.006883 400.000000 10.781672
230 0.000029 0.006337 500.000000 10.917030
230 0.000027 0.004838 600.000000 11.235955
230 0.000028 0.005565 700.000000 11.182109
230 0.000033 0.003911 800.000000 11.095700
230 0.000036 0.002745 900.000000 11.056511
230 0.000034 0.003372 1000.000000 11.210762
230 0.000030 0.004920 1100.000000 11.458333
230 0.000026 0.006675 1200.000000 11.661808
230 0.000026 0.008544 1300.000000 11.861314
230 0.000034 0.010084 1400.000000 11.976048
240 0.000052 0.007804 100.000000 10.526316
240 0.000064 0.006028 200.000000 10.638298
240 0.000061 0.005927 300.000000 10.638298
240 0.000045 0.007046 400.000000 10.752688
240 0.000030 0.006315 500.000000 10.917030
240 0.000031 0.005252 600.000000 11.194030
240 0.000031 0.006389 700.000000 11.075950
240 0.000036 0.004098 800.000000 11.034483
240 0.000038 0.002507 900.000000 11.015912
240 0.000034 0.003280 1000.000000 11.223345
240 0.000032 0.005019 1100.000000 11.458333
240 0.000028 0.006931 1200.000000 11.661808
240 0.000027 0.008947 1300.000000 11.861314
250 0.000085 0.008799 100.000000 10.309278
250 0.000081 0.006171 200.000000 10.526316
250 0.000068 0.006100 300.000000 10.600707
250 0.000046 0.007762 400.000000 10.695188
250 0.000033 0.006650 500.000000 10.940919
250 0.000030 0.005995 600.000000 11.152416
250 0.000039 0.007428 700.000000 11.075950
250 0.000037 0.004797 800.000000 11.004127
250 0.000040 0.003010 900.000000 11.015912
250 0.000035 0.003458 1000.000000 11.235955
250 0.000032 0.005168 1100.000000 11.482255
250 0.000029 0.007208 1200.000000 11.684518
250 0.000028 0.009242 1300.000000 11.872146
260 0.000096 0.008667 100.000000 9.900990
260 0.000084 0.005431 200.000000 10.362695
260 0.000067 0.005618 300.000000 10.489511
260 0.000049 0.007778 400.000000 10.695188
260 0.000036 0.006511 500.000000 10.940919
260 0.000035 0.006356 600.000000 11.111111
260 0.000037 0.007603 700.000000 11.075950
260 0.000044 0.005421 800.000000 10.989011
260 0.000039 0.003580 900.000000 11.002445
260 0.000035 0.004142 1000.000000 11.248594
260 0.000033 0.006008 1100.000000 11.482255
260 0.000030 0.007855 1200.000000 11.695907
260 0.000029 0.009884 1300.000000 11.893870
270 0.000104 0.008660 100.000000 9.900990
270 0.000082 0.005809 200.000000 10.362695
270 0.000069 0.005972 300.000000 10.489511
270 0.000047 0.008533 400.000000 10.666667
270 0.000038 0.006708 500.000000 11.013216
270 0.000038 0.006905 600.000000 11.131725
270 0.000039 0.007530 700.000000 11.058452
270 0.000045 0.005559 800.000000 11.034483
270 0.000040 0.003739 900.000000 11.029411
270 0.000036 0.004472 1000.000000 11.286682
270 0.000033 0.006433 1100.000000 11.518325
270 0.000031 0.008272 1200.000000 11.730206
270 0.000034 0.010282 1300.000000 11.926605
280 0.000103 0.008674 100.000000 9.900990
280 0.000083 0.005101 200.000000 10.362695
280 0.000065 0.005288 300.000000 10.489511
280 0.000043 0.007576 400.000000 10.695188
280 0.000037 0.005746 500.000000 11.086474
280 0.000037 0.006225 600.000000 11.173184
280 0.000039 0.006349 700.000000 11.058452
280 0.000042 0.004740 800.000000 11.004127
280 0.000039 0.003454 900.000000 11.070110
280 0.000036 0.004643 1000.000000 11.325028
280 0.000032 0.006680 1100.000000 11.554622
280 0.000030 0.008554 1200.000000 11.764706
280 0.000040 0.010567 1300.000000 11.926605
290 0.000102 0.008258 100.000000 9.803922
290 0.000085 0.003931 200.000000 10.362695
290 0.000061 0.004692 300.000000 10.452962
290 0.000038 0.006480 400.000000 10.723861
290 0.000034 0.004778 500.000000 11.135858
290 0.000037 0.005576 600.000000 11.173184
290 0.000037 0.005294 700.000000 11.058452
290 0.000040 0.004093 800.000000 11.004127
290 0.000038 0.003554 900.000000 11.097410
290 0.000034 0.005036 1000.000000 11.363636
290 0.000030 0.007024 1100.000000 11.591148
290 0.000029 0.008920 1200.000000 11.799410
290 0.000039 0.010962 1300.000000 11.948529
300 0.000097 0.007224 100.000000 9.900990
300 0.000081 0.002787 200.000000 10.416667
300 0.000056 0.004509 300.000000 10.526316
300 0.000035 0.005567 400.000000 10.752688
300 0.000033 0.004126 500.000000 11.210762
300 0.000036 0.004985 600.000000 11.235955
300 0.000036 0.004459 700.000000 11.058452
300 0.000038 0.003688 800.000000 11.019283
300 0.000037 0.003879 900.000000 11.138614
300 0.000033 0.005491 1000.000000 11.402509
300 0.000028 0.007367 1100.000000 11.627907
300 0.000028 0.009139 1200.000000 11.846002
300 0.000036 0.011116 1300.000000 11.981566
310 0.000097 0.006696 100.000000 10.204082
310 0.000075 0.002266 200.000000 10.416667
310 0.000052 0.004408 300.000000 10.526316
310 0.000035 0.004609 400.000000 10.781672
310 0.000030 0.003551 500.000000 11.210762
310 0.000036 0.004546 600.000000 11.194030
310 0.000036 0.003793 700.000000 11.041010
310 0.000038 0.003488 800.000000 11.019283
310 0.000036 0.004353 900.000000 11.166253
310 0.000032 0.005954 1000.000000 11.441648
310 0.000028 0.007760 1100.000000 11.652542
310 0.000027 0.009476 1200.000000 11.869436
310 0.000033 0.011134 1300.000000 12.003694
320 0.000079 0.004818 100.000000 10.309278
320 0.000075 0.003138 200.000000 10.471204
320 0.000047 0.005482 300.000000 10.638298
320 0.000034 0.004799 400.000000 10.840109
320 0.000031 0.003618 500.000000 11.235955
320 0.000031 0.004867 600.000000 11.152416
320 0.000037 0.003612 700.000000 11.058452
320 0.000040 0.003376 800.000000 11.019283
320 0.000036 0.004581 900.000000 11.221945
320 0.000032 0.006216 1000.000000 11.481056
320 0.000028 0.007929 1100.000000 11.702127
320 0.000027 0.009719 1200.000000 11.916584
320 0.000036 0.011089 1300.000000 12.037037
330 0.000088 0.004933 100.000000 10.526316
330 0.000075 0.003807 200.000000 10.526316
330 0.000049 0.005768 300.000000 10.752688
330 0.000034 0.004828 400.000000 10.928962
330 0.000034 0.003860 500.000000 11.261261
330 0.000034 0.005202 600.000000 11.111111
330 0.000039 0.003592 700.000000 11.075950
330 0.000041 0.003397 800.000000 11.049724
330 0.000036 0.004909 900.000000 11.264080
330 0.000032 0.006599 1000.000000 11.520738
330 0.000029 0.008317 1100.000000 11.739594
330 0.000027 0.010213 1200.000000 11.952191
340 0.000070 0.003657 100.000000 10.526316
340 0.000061 0.002998 200.000000 10.582010
340 0.000035 0.004904 300.000000 10.676157
340 0.000027 0.003135 400.000000 11.019283
340 0.000026 0.002053 500.000000 11.286682
340 0.000035 0.003907 600.000000 11.152416
340 0.000036 0.002788 700.000000 11.058452
340 0.000037 0.003775 800.000000 11.065007
340 0.000033 0.005644 900.000000 11.306533
340 0.000030 0.007008 1000.000000 11.560694
340 0.000026 0.008614 1100.000000 11.777302
340 0.000025 0.010360 1200.000000 11.988012
350 0.000078 0.004999 100.000000 10.638298
350 0.000057 0.004601 200.000000 10.695188
350 0.000034 0.005846 300.000000 10.869565
350 0.000029 0.003155 400.000000 11.111111
350 0.000026 0.001804 500.000000 11.312217
350 0.000035 0.003671 600.000000 11.214953
350 0.000039 0.002844 700.000000 11.111111
350 0.000038 0.004038 800.000000 11.095700
350 0.000034 0.006038 900.000000 11.349306
350 0.000031 0.007532 1000.000000 11.614402
350 0.000027 0.009201 1100.000000 11.827957
350 0.000026 0.011077 1200.000000 12.012012
360 0.000074 0.004812 100.000000 10.752688
360 0.000053 0.004079 200.000000 10.695188
360 0.000036 0.004980 300.000000 10.909091
360 0.000029 0.002446 400.000000 11.204482
360 0.000026 0.001603 500.000000 11.363636
360 0.000033 0.003510 600.000000 11.257035
360 0.000042 0.003366 700.000000 11.146497
360 0.000035 0.004376 800.000000 11.142061
360 0.000032 0.006282 900.000000 11.406844
360 0.000029 0.007784 1000.000000 11.655012
360 0.000027 0.009313 1100.000000 11.866235
360 0.000026 0.011009 1200.000000 12.084592
370 0.000063 0.004058 100.000000 10.752688
370 0.000054 0.004389 200.000000 10.752688
370 0.000035 0.004992 300.000000 10.909091
370 0.000029 0.002302 400.000000 11.299435
370 0.000027 0.001580 500.000000 11.389522
370 0.000034 0.003086 600.000000 11.257035
370 0.000041 0.003343 700.000000 11.200000
370 0.000036 0.004490 800.000000 11.173184
370 0.000032 0.006504 900.000000 11.450381
370 0.000030 0.008061 1000.000000 11.695907
370 0.000027 0.009547 1100.000000 11.917660
370 0.000030 0.011223 1200.000000 12.121212
380 0.000075 0.002951 100.000000 10.638298
380 0.000048 0.004486 200.000000 10.752688
380 0.000030 0.004540 300.000000 10.948905
380 0.000026 0.002072 400.000000 11.396011
380 0.000025 0.001319 500.000000 11.441648
380 0.000032 0.002743 600.000000 11.257035
380 0.000036 0.003633 700.000000 11.164274
380 0.000034 0.004848 800.000000 11.220197
380 0.000031 0.006719 900.000000 11.494253
380 0.000027 0.008161 1000.000000 11.737089
380 0.000026 0.009587 1100.000000 11.956522
380 0.000036 0.011196 1200.000000 12.121212
390 0.000079 0.004223 100.000000 10.752688
390 0.000044 0.005039 200.000000 10.695188
390 0.000029 0.004440 300.000000 10.989011
390 0.000026 0.001937 400.000000 11.461318
390 0.000026 0.001007 500.000000 11.441648
390 0.000032 0.002146 600.000000 11.257035
390 0.000035 0.003610 700.000000 11.164274
390 0.000034 0.005203 800.000000 11.251758
390 0.000030 0.007019 900.000000 11.538462
390 0.000026 0.008427 1000.000000 11.778563
390 0.000026 0.009948 1100.000000 11.995638
390 0.000034 0.011763 1200.000000 12.145749
400 0.000072 0.005228 100.000000 10.752688
400 0.000042 0.005367 200.000000 10.752688
400 0.000028 0.004056 300.000000 10.989011
400 0.000026 0.001945 400.000000 11.527377
400 0.000027 0.001051 500.000000 11.494253
400 0.000032 0.002051 600.000000 11.235955
400 0.000034 0.003961 700.000000 11.164274
400 0.000033 0.005656 800.000000 11.283498
400 0.000029 0.007318 900.000000 11.583012
400 0.000025 0.008671 1000.000000 11.806376
400 0.000024 0.010119 1100.000000 12.035011
400 0.000031 0.011902 1200.000000 12.182741
410 0.000061 0.006049 100.000000 10.526316
410 0.000025 0.006221 200.000000 10.638298
410 0.000028 0.003794 300.000000 10.948905
410 0.000025 0.002021 400.000000 11.461318
410 0.000026 0.001395 500.000000 11.337869
410 0.000033 0.002412 600.000000 11.173184
410 0.000034 0.004426 700.000000 11.111111
410 0.000031 0.006344 800.000000 11.299435
410 0.000028 0.007810 900.000000 11.583012
410 0.000024 0.008987 1000.000000 11.820331
410 0.000023 0.010425 1100.000000 12.048193
410 0.000029 0.011901 1200.000000 12.182741
420 0.000074 0.004819 100.000000 10.526316
420 0.000034 0.005957 200.000000 10.810811
420 0.000029 0.003502 300.000000 11.029411
420 0.000030 0.001790 400.000000 11.428572
420 0.000031 0.002306 500.000000 11.261261
420 0.000036 0.002604 600.000000 11.152416
420 0.000038 0.004493 700.000000 11.111111
420 0.000033 0.006663 800.000000 11.331445
420 0.000030 0.007975 900.000000 11.627907
420 0.000026 0.009277 1000.000000 11.848341
420 0.000025 0.010874 1100.000000 12.074643
420 0.000034 0.011962 1200.000000 12.158054
430 0.000054 0.004892 100.000000 10.526316
430 0.000027 0.005735 200.000000 10.752688
430 0.000027 0.003071 300.000000 11.070110
430 0.000024 0.002036 400.000000 11.461318
430 0.000030 0.002699 500.000000 11.235955
430 0.000034 0.003130 600.000000 11.131725
430 0.000034 0.005087 700.000000 11.111111
430 0.000030 0.007208 800.000000 11.379801
430 0.000027 0.008221 900.000000 11.658031
430 0.000023 0.009345 1000.000000 11.890607
430 0.000023 0.010936 1100.000000 12.101211
440 0.000048 0.006548 100.000000 10.526316
440 0.000022 0.006664 200.000000 10.810811
440 0.000033 0.003154 300.000000 11.152416
440 0.000022 0.001902 400.000000 11.461318
440 0.000034 0.002811 500.000000 11.286682
440 0.000036 0.003911 600.000000 11.152416
440 0.000035 0.005814 700.000000 11.128776
440 0.000031 0.007839 800.000000 11.412269
440 0.000028 0.008759 900.000000 11.688312
440 0.000024 0.009973 1000.000000 11.918951
440 0.000024 0.011544 1100.000000 12.127894
450 0.000042 0.005833 100.000000 10.526316
450 0.000028 0.005490 200.000000 10.928962
450 0.000028 0.002601 300.000000 11.278195
450 0.000020 0.001774 400.000000 11.461318
450 0.000031 0.002812 500.000000 11.337869
450 0.000039 0.004355 600.000000 11.173184
450 0.000033 0.005961 700.000000 11.164274
450 0.000030 0.007894 800.000000 11.461318
450 0.000027 0.008826 900.000000 11.734029
450 0.000024 0.009957 1000.000000 11.961722
450 0.000024 0.011419 1100.000000 12.195122
460 0.000048 0.006093 100.000000 10.526316
460 0.000042 0.005259 200.000000 10.928962
460 0.000036 0.002407 300.000000 11.406844
460 0.000028 0.002053 400.000000 11.494253
460 0.000036 0.003966 500.000000 11.312217
460 0.000041 0.005336 600.000000 11.214953
460 0.000036 0.006435 700.000000 11.200000
460 0.000032 0.008252 800.000000 11.510792
460 0.000029 0.009269 900.000000 11.780105
460 0.000025 0.010329 1000.000000 12.019231
460 0.000028 0.011746 1100.000000 12.235818
470 0.000042 0.006591 100.000000 10.638298
470 0.000049 0.005152 200.000000 10.989011
470 0.000040 0.002430 300.000000 11.538462
470 0.000030 0.002318 400.000000 11.594203
470 0.000036 0.004310 500.000000 11.337869
470 0.000039 0.005912 600.000000 11.214953
470 0.000036 0.006955 700.000000 11.254020
470 0.000032 0.008607 800.000000 11.577424
470 0.000028 0.009671 900.000000 11.826544
470 0.000025 0.010725 1000.000000 12.062726
470 0.000034 0.011962 1100.000000 12.249443
480 0.000014 0.007701 100.000000 10.526316
480 0.000056 0.004423 200.000000 10.989011
480 0.000043 0.003456 300.000000 11.627907
480 0.000031 0.003694 400.000000 11.594203
480 0.000032 0.005256 500.000000 11.312217
480 0.000033 0.006909 600.000000 11.214953
480 0.000033 0.007860 700.000000 11.290322
480 0.000028 0.009106 800.000000 11.611031
480 0.000024 0.009731 900.000000 11.873351
480 0.000023 0.010648 1000.000000 12.106538
480 0.000033 0.012029 1100.000000 12.263100
490 0.000000 0.007595 100.000000 10.638298
490 0.000052 0.004222 200.000000 11.049724
490 0.000042 0.003723 300.000000 11.718750
490 0.000028 0.003842 400.000000 11.661808
490 0.000034 0.005098 500.000000 11.312217
490 0.000033 0.006964 600.000000 11.194030
490 0.000032 0.008006 700.000000 11.345219
490 0.000028 0.009208 800.000000 11.661808
490 0.000023 0.009846 900.000000 11.904762
490 0.000022 0.010840 1000.000000 12.150668
490 0.000029 0.012286 1100.000000 12.304251
500 0.000015 0.007904 100.000000 10.526316
500 0.000053 0.004027 200.000000 11.111111
500 0.000041 0.004109 300.000000 11.764706
500 0.000033 0.004402 400.000000 11.594203
500 0.000034 0.005461 500.000000 11.286682
500 0.000033 0.007234 600.000000 11.194030
500 0.000031 0.008398 700.000000 11.382113
500 0.000027 0.009430 800.000000 11.695907
500 0.000023 0.010004 900.000000 11.952191
500 0.000021 0.010994 1000.000000 12.195122
500 0.000026 0.012279 1100.000000 12.331839
510 0.000036 0.008306 100.000000 10.869565
510 0.000059 0.004261 200.000000 11.173184
510 0.000044 0.004973 300.000000 11.718750
510 0.000035 0.005715 400.000000 11.494253
510 0.000036 0.006229 500.000000 11.286682
510 0.000036 0.007657 600.000000 11.194030
510 0.000032 0.009101 700.000000 11.419250
510 0.000027 0.009737 800.000000 11.747430
510 0.000022 0.010219 900.000000 11.984021
510 0.000021 0.011316 1000.000000 12.224939
510 0.000030 0.012363 1100.000000 12.345679
520 0.000051 0.008367 100.000000 10.989011
520 0.000059 0.004402 200.000000 11.299435
520 0.000041 0.005408 300.000000 11.764706
520 0.000037 0.006503 400.000000 11.363636
520 0.000038 0.006390 500.000000 11.235955
520 0.000036 0.007861 600.000000 11.194030
520 0.000030 0.009501 700.000000 11.475410
520 0.000027 0.009992 800.000000 11.782032
520 0.000022 0.010423 900.000000 12.032085
520 0.000022 0.011653 1000.000000 12.269938
530 0.000058 0.007710 100.000000 10.869565
530 0.000054 0.004388 200.000000 11.363636
530 0.000038 0.005430 300.000000 11.718750
530 0.000040 0.006444 400.000000 11.428572
530 0.000039 0.006744 500.000000 11.235955
530 0.000034 0.007968 600.000000 11.214953
530 0.000030 0.009541 700.000000 11.513158
530 0.000027 0.009698 800.000000 11.816839
530 0.000022 0.010350 900.000000 12.064343
530 0.000021 0.011613 1000.000000 12.285012
540 0.000065 0.006425 100.000000 11.235955
540 0.000052 0.004323 200.000000 11.560694
540 0.000033 0.004904 300.000000 11.764706
540 0.000034 0.006205 400.000000 11.494253
540 0.000043 0.007174 500.000000 11.286682
540 0.000035 0.008096 600.000000 11.235955
540 0.000031 0.009595 700.000000 11.551155
540 0.000027 0.009924 800.000000 11.851851
540 0.000023 0.010592 900.000000 12.113055
540 0.000022 0.011929 1000.000000 12.330456
550 0.000069 0.005887 100.000000 11.111111
550 0.000052 0.004620 200.000000 11.695907
550 0.000030 0.004767 300.000000 11.764706
550 0.000035 0.006250 400.000000 11.494253
550 0.000043 0.007544 500.000000 11.312217
550 0.000037 0.008226 600.000000 11.278195
550 0.000030 0.009811 700.000000 11.608624
550 0.000028 0.010208 800.000000 11.904762
550 0.000023 0.010856 900.000000 12.162162
550 0.000024 0.012024 1000.000000 12.406948
560 0.000090 0.006078 100.000000 11.111111
560 0.000053 0.005142 200.000000 11.904762
560 0.000034 0.004944 300.000000 11.857708
560 0.000040 0.006673 400.000000 11.494253
560 0.000038 0.008053 500.000000 11.312217
560 0.000036 0.008698 600.000000 11.320755
560 0.000030 0.010131 700.000000 11.686144
560 0.000027 0.010590 800.000000 11.958146
560 0.000023 0.011283 900.000000 12.211669
560 0.000030 0.012164 1000.000000 12.422360
570 0.000097 0.006512 100.000000 11.363636
570 0.000056 0.005561 200.000000 12.121212
570 0.000034 0.005243 300.000000 11.952191
570 0.000039 0.007117 400.000000 11.494253
570 0.000039 0.008583 500.000000 11.312217
570 0.000037 0.009154 600.000000 11.385200
570 0.000031 0.010407 700.000000 11.744967
570 0.000026 0.010780 800.000000 12.030075
570 0.000023 0.011533 900.000000 12.278308
570 0.000036 0.012806 1000.000000 12.437811
580 0.000106 0.006874 100.000000 11.235955
580 0.000062 0.006573 200.000000 12.195122
580 0.000043 0.006017 300.000000 11.904762
580 0.000040 0.007508 400.000000 11.428572
580 0.000038 0.009137 500.000000 11.261261
580 0.000036 0.009703 600.000000 11.406844
580 0.000031 0.010738 700.000000 11.764706
580 0.000024 0.011040 800.000000 12.048193
580 0.000024 0.011926 900.000000 12.295082
580 0.000031 0.013275 1000.000000 12.453300
590 0.000101 0.006826 100.000000 11.494253
590 0.000062 0.006805 200.000000 12.422360
590 0.000040 0.005886 300.000000 12.000000
590 0.000042 0.007367 400.000000 11.461318
590 0.000038 0.009300 500.000000 11.312217
590 0.000035 0.010098 600.000000 11.494253
590 0.000031 0.011166 700.000000 11.844332
590 0.000025 0.011546 800.000000 12.121212
590 0.000023 0.012472 900.000000 12.379642
590 0.000028 0.013697 1000.000000 12.531328
600 0.000094 0.005878 100.000000 11.363636
600 0.000049 0.005545 200.000000 12.121212
600 0.000040 0.005444 300.000000 11.627907
600 0.000044 0.006263 400.000000 11.363636
600 0.000043 0.008111 500.000000 11.235955
600 0.000037 0.009835 600.000000 11.494253
600 0.000031 0.010707 700.000000 11.844332
600 0.000026 0.011270 800.000000 12.121212
600 0.000026 0.012592 900.000000 12.379642
600 0.000033 0.013688 1000.000000 12.500000
610 0.000086 0.006336 100.000000 11.363636
610 0.000040 0.005632 200.000000 12.121212
610 0.000042 0.005929 300.000000 11.450381
610 0.000044 0.005692 400.000000 11.267606
610 0.000042 0.007834 500.000000 11.210762
610 0.000036 0.010151 600.000000 11.516315
610 0.000031 0.010789 700.000000 11.884550
610 0.000026 0.011418 800.000000 12.158054
610 0.000025 0.013013 900.000000 12.396694
620 0.000076 0.005425 100.000000 11.764706
620 0.000032 0.003586 200.000000 12.195122
620 0.000049 0.004869 300.000000 11.583012
620 0.000048 0.005053 400.000000 11.299435
620 0.000045 0.007417 500.000000 11.261261
620 0.000038 0.009841 600.000000 11.605416
620 0.000033 0.010457 700.000000 11.945393
620 0.000028 0.011570 800.000000 12.213740
620 0.000028 0.013302 900.000000 12.448133
630 0.000041 0.005271 100.000000 11.764706
630 0.000018 0.001847 200.000000 11.976048
630 0.000042 0.004021 300.000000 11.583012
630 0.000048 0.004967 400.000000 11.235955
630 0.000041 0.006633 500.000000 11.210762
630 0.000035 0.008968 600.000000 11.605416
630 0.000030 0.009592 700.000000 11.945393
630 0.000027 0.010748 800.000000 12.213740
630 0.000027 0.012424 900.000000 12.465374
640 0.000028 0.004537 100.000000 12.195122
640 0.000023 0.001389 200.000000 12.048193
640 0.000036 0.003779 300.000000 11.538462
640 0.000048 0.004937 400.000000 11.331445
640 0.000038 0.006157 500.000000 11.286682
640 0.000032 0.008525 600.000000 11.673152
640 0.000028 0.009110 700.000000 12.006861
640 0.000026 0.010159 800.000000 12.288787
640 0.000029 0.011650 900.000000 12.534819
650 0.000023 0.003331 100.000000 12.658228
650 0.000035 0.001012 200.000000 12.121212
650 0.000045 0.002585 300.000000 11.538462
650 0.000046 0.003950 400.000000 11.299435
650 0.000040 0.005479 500.000000 11.337869
650 0.000034 0.007825 600.000000 11.741683
650 0.000029 0.008737 700.000000 12.068966
650 0.000028 0.009971 800.000000 12.345679
650 0.000039 0.011325 900.000000 12.552301
660 0.000027 0.002469 100.000000 12.987013
660 0.000042 0.001024 200.000000 12.121212
660 0.000039 0.002411 300.000000 11.494253
660 0.000043 0.004271 400.000000 11.267606
660 0.000041 0.005947 500.000000 11.389522
660 0.000034 0.007959 600.000000 11.811024
660 0.000028 0.008847 700.000000 12.110726
660 0.000028 0.010245 800.000000 12.383901
660 0.000041 0.012205 900.000000 12.552301
670 0.000032 0.002405 100.000000 13.157895
670 0.000050 0.000682 200.000000 12.195122
670 0.000041 0.001727 300.000000 11.406844
670 0.000046 0.004050 400.000000 11.235955
670 0.000043 0.005977 500.000000 11.415525
670 0.000035 0.007827 600.000000 11.857708
670 0.000029 0.008956 700.000000 12.152778
670 0.000029 0.010487 800.000000 12.441680
670 0.000038 0.012704 900.000000 12.605042
680 0.000020 0.003190 100.000000 13.157895
680 0.000043 0.001188 200.000000 11.976048
680 0.000042 0.001979 300.000000 11.320755
680 0.000046 0.004363 400.000000 11.204482
680 0.000040 0.006477 500.000000 11.467890
680 0.000034 0.008048 600.000000 11.881188
680 0.000028 0.009038 700.000000 12.195122
680 0.000027 0.010575 800.000000 12.480499
680 0.000035 0.012694 900.000000 12.605042
690 0.000029 0.003017 100.000000 12.658228
690 0.000034 0.002082 200.000000 11.627907
690 0.000046 0.001750 300.000000 11.278195
690 0.000051 0.004354 400.000000 11.142061
690 0.000041 0.007204 500.000000 11.494253
690 0.000034 0.008345 600.000000 11.904762
690 0.000029 0.009419 700.000000 12.216405
690 0.000028 0.011166 800.000000 12.500000
690 0.000041 0.012928 900.000000 12.587413
700 0.000034 0.001772 100.000000 12.500000
700 0.000048 0.002997 200.000000 11.363636
700 0.000050 0.001988 300.000000 11.111111
700 0.000051 0.005049 400.000000 11.080333
700 0.000043 0.008137 500.000000 11.520738
700 0.000036 0.008925 600.000000 11.928430
700 0.000030 0.010197 700.000000 12.237762
700 0.000029 0.012090 800.000000 12.519562
710 0.000045 0.002101 100.000000 12.048193
710 0.000056 0.003135 200.000000 11.363636
710 0.000056 0.002961 300.000000 11.070110
710 0.000049 0.005644 400.000000 11.049724
710 0.000043 0.008500 500.000000 11.520738
710 0.000036 0.009236 600.000000 11.928430
710 0.000031 0.010609 700.000000 12.259194
710 0.000030 0.012552 800.000000 12.519562
720 0.000057 0.002862 100.000000 11.627907
720 0.000060 0.002989 200.000000 11.173184
720 0.000068 0.004415 300.000000 10.989011
720 0.000050 0.006532 400.000000 11.019283
720 0.000042 0.009380 500.000000 11.547344
720 0.000035 0.010191 600.000000 11.928430
720 0.000032 0.011433 700.000000 12.259194
720 0.000035 0.013096 800.000000 12.558869
730 0.000067 0.003002 100.000000 11.494253
730 0.000054 0.003490 200.000000 10.928962
730 0.000060 0.005561 300.000000 10.830325
730 0.000048 0.007220 400.000000 10.989011
730 0.000041 0.009586 500.000000 11.547344
730 0.000033 0.010290 600.000000 11.952191
730 0.000031 0.011508 700.000000 12.280702
730 0.000045 0.013023 800.000000 12.500000
740 0.000080 0.002661 100.000000 11.111111
740 0.000054 0.002934 200.000000 10.695188
740 0.000059 0.005742 300.000000 10.714286
740 0.000049 0.007548 400.000000 11.019283
740 0.000040 0.009557 500.000000 11.574074
740 0.000032 0.010284 600.000000 11.952191
740 0.000032 0.011706 700.000000 12.302284
740 0.000043 0.013946 800.000000 12.480499
750 0.000080 0.003062 100.000000 10.989011
750 0.000064 0.002355 200.000000 10.582010
750 0.000059 0.005852 300.000000 10.638298
750 0.000051 0.007885 400.000000 11.049724
750 0.000042 0.009718 500.000000 11.600928
750 0.000033 0.010670 600.000000 12.000000
750 0.000033 0.012273 700.000000 12.323944
750 0.000040 0.014457 800.000000 12.539185
760 0.000043 0.002054 100.000000 10.752688
760 0.000065 0.002793 200.000000 10.582010
760 0.000062 0.006302 300.000000 10.638298
760 0.000054 0.009137 400.000000 11.111111
760 0.000041 0.010430 500.000000 11.682243
760 0.000034 0.011337 600.000000 12.048193
760 0.000033 0.013068 700.000000 12.389380
760 0.000041 0.014957 800.000000 12.558869
770 0.000052 0.004066 100.000000 10.416667
770 0.000061 0.002905 200.000000 10.582010
770 0.000060 0.006324 300.000000 10.676157
770 0.000048 0.009459 400.000000 11.204482
770 0.000038 0.010070 500.000000 11.764706
770 0.000032 0.010865 600.000000 12.121212
770 0.000031 0.012673 700.000000 12.455516
780 0.000107 0.005171 100.000000 10.309278
780 0.000074 0.004428 200.000000 10.416667
780 0.000064 0.008339 300.000000 10.638298
780 0.000052 0.011666 400.000000 11.267606
780 0.000042 0.011928 500.000000 11.792453
780 0.000035 0.012968 600.000000 12.170385
780 0.000034 0.014895 700.000000 12.500000
790 0.000137 0.007561 100.000000 10.526316
790 0.000090 0.006610 200.000000 10.526316
790 0.000073 0.009988 300.000000 10.676157
790 0.000059 0.012961 400.000000 11.363636
790 0.000047 0.013385 500.000000 11.876485
790 0.000039 0.014686 600.000000 12.244898
790 0.000037 0.016712 700.000000 12.522362
800 0.000123 0.008990 100.000000 10.638298
800 0.000095 0.010012 200.000000 10.582010
800 0.000063 0.011416 300.000000 10.752688
800 0.000051 0.014138 400.000000 11.428572
800 0.000043 0.014153 500.000000 11.933174
800 0.000037 0.015020 600.000000 12.295082
800 0.000036 0.016525 700.000000 12.635379
810 0.000136 0.010825 100.000000 10.309278
810 0.000093 0.012355 200.000000 10.526316
810 0.000067 0.013225 300.000000 10.791367
810 0.000053 0.015639 400.000000 11.494253
810 0.000042 0.015653 500.000000 11.961722
810 0.000038 0.016432 600.000000 12.345679
810 0.000044 0.017489 700.000000 12.635379
820 0.000140 0.012347 100.000000 10.204082
820 0.000094 0.014095 200.000000 10.416667
820 0.000068 0.014598 300.000000 10.830325
820 0.000053 0.016443 400.000000 11.560694
820 0.000042 0.016274 500.000000 12.019231
820 0.000038 0.017088 600.000000 12.422360
820 0.000050 0.018547 700.000000 12.635379
830 0.000148 0.013029 100.000000 10.101010
830 0.000091 0.015485 200.000000 10.416667
830 0.000067 0.015770 300.000000 10.909091
830 0.000053 0.017213 400.000000 11.627907
830 0.000041 0.016894 500.000000 12.106538
830 0.000037 0.017954 600.000000 12.474012
830 0.000042 0.019256 700.000000 12.681159
840 0.000124 0.013197 100.000000 10.000000
840 0.000081 0.015200 200.000000 10.362695
840 0.000062 0.015249 300.000000 10.989011
840 0.000049 0.016209 400.000000 11.730206
840 0.000038 0.015919 500.000000 12.165450
840 0.000037 0.017082 600.000000 12.552301
840 0.000037 0.018115 700.000000 12.750455
850 0.000099 0.009389 100.000000 10.204082
850 0.000074 0.010801 200.000000 10.526316
850 0.000057 0.012029 300.000000 11.194030
850 0.000044 0.012806 400.000000 11.869436
850 0.000035 0.012660 500.000000 12.315271
850 0.000035 0.014149 600.000000 12.684989
850 0.000041 0.015850 700.000000 12.820513
860 0.000089 0.005902 100.000000 10.416667
860 0.000075 0.007828 200.000000 10.638298
860 0.000055 0.010496 300.000000 11.320755
860 0.000040 0.010511 400.000000 12.012012
860 0.000034 0.010561 500.000000 12.437811
860 0.000033 0.012392 600.000000 12.765958
860 0.000046 0.014309 700.000000 12.867647
870 0.000071 0.003939 100.000000 10.638298
870 0.000065 0.004574 200.000000 10.752688
870 0.000047 0.008114 300.000000 11.538462
870 0.000036 0.007961 400.000000 12.158054
870 0.000030 0.008179 500.000000 12.562814
870 0.000030 0.010156 600.000000 12.903226
880 0.000045 0.006821 100.000000 10.416667
880 0.000041 0.007700 200.000000 10.695188
880 0.000031 0.010087 300.000000 11.583012
880 0.000021 0.008377 400.000000 12.195122
880 0.000021 0.008278 500.000000 12.594459
880 0.000020 0.009709 600.000000 12.903226
890 0.000092 0.007823 100.000000 10.309278
890 0.000045 0.006693 200.000000 10.695188
890 0.000034 0.009514 300.000000 11.627907
890 0.000025 0.008054 400.000000 12.195122
890 0.000023 0.008333 500.000000 12.626263
890 0.000024 0.009432 600.000000 12.958963
900 0.000091 0.008774 100.000000 10.638298
900 0.000046 0.006853 200.000000 10.810811
900 0.000034 0.009816 300.000000 11.764706
900 0.000024 0.008268 400.000000 12.345679
900 0.000024 0.008559 500.000000 12.755102
900 0.000029 0.009295 600.000000 13.071896
910 0.000073 0.010491 100.000000 10.526316
910 0.000044 0.008384 200.000000 10.989011
910 0.000030 0.010830 300.000000 11.904762
910 0.000024 0.009369 400.000000 12.461060
910 0.000024 0.009602 500.000000 12.853471
910 0.000045 0.010020 600.000000 13.071896
920 0.000065 0.008750 100.000000 10.526316
920 0.000046 0.007571 200.000000 11.111111
920 0.000031 0.009439 300.000000 12.048193
920 0.000022 0.007961 400.000000 12.578616
920 0.000025 0.008455 500.000000 12.953368
920 0.000048 0.009900 600.000000 13.129103
930 0.000067 0.010287 100.000000 10.526316
930 0.000044 0.008455 200.000000 11.299435
930 0.000030 0.009792 300.000000 12.195122
930 0.000022 0.008237 400.000000 12.698413
930 0.000025 0.009005 500.000000 13.054831
930 0.000042 0.010959 600.000000 13.215859
940 0.000054 0.011152 100.000000 10.638298
940 0.000041 0.009458 200.000000 11.494253
940 0.000029 0.010041 300.000000 12.345679
940 0.000022 0.008629 400.000000 12.820513
940 0.000025 0.009468 500.000000 13.192612
940 0.000038 0.011325 600.000000 13.333333
950 0.000073 0.010308 100.000000 10.526316
950 0.000044 0.011059 200.000000 11.627907
950 0.000027 0.010128 300.000000 12.500000
950 0.000022 0.008696 400.000000 12.903226
950 0.000026 0.009975 500.000000 13.262600
950 0.000041 0.011893 600.000000 13.363029
960 0.000064 0.010628 100.000000 10.752688
960 0.000041 0.012394 200.000000 11.904762
960 0.000025 0.010477 300.000000 12.658228
960 0.000025 0.009149 400.000000 13.071896
960 0.000025 0.010530 500.000000 13.404826
970 0.000065 0.010455 100.000000 10.869565
970 0.000045 0.012939 200.000000 12.121212
970 0.000028 0.010054 300.000000 12.820513
970 0.000028 0.009251 400.000000 13.201320
970 0.000027 0.010808 500.000000 13.513514
980 0.000063 0.010877 100.000000 10.869565
980 0.000048 0.013458 200.000000 12.195122
980 0.000027 0.010700 300.000000 12.875537
980 0.000029 0.010341 400.000000 13.245033
980 0.000030 0.011739 500.000000 13.513514
990 0.000021 0.008998 100.000000 10.989011
990 0.000020 0.013195 200.000000 12.345679
990 0.000010 0.010806 300.000000 12.987013
990 0.000018 0.010459 400.000000 13.377927
990 0.000017 0.010540 500.000000 13.661202
1000 0.000028 0.007955 100.000000 11.111111
1000 0.000017 0.012014 200.000000 12.578616
1000 0.000009 0.009505 300.000000 13.100436
1000 0.000015 0.009389 400.000000 13.468014
1000 0.000032 0.008779 500.000000 13.698630
1010 0.000025 0.008984 100.000000 11.494253
1010 0.000015 0.012084 200.000000 12.820513
1010 0.000009 0.009505 300.000000 13.333333
1010 0.000016 0.009249 400.000000 13.651877
1010 0.000048 0.009086 500.000000 13.736263
1020 0.000029 0.009303 100.000000 11.904762
1020 0.000017 0.012180 200.000000 13.071896
1020 0.000012 0.009455 300.000000 13.452915
1020 0.000017 0.009627 400.000000 13.793103
1020 0.000041 0.010219 500.000000 13.850415
1030 0.000027 0.009579 100.000000 12.195122
1030 0.000018 0.011163 200.000000 13.333333
1030 0.000011 0.008988 300.000000 13.636364
1030 0.000022 0.009483 400.000000 13.937283
1030 0.000038 0.010313 500.000000 13.966480
1040 0.000021 0.012995 100.000000 12.658228
1040 0.000016 0.012832 200.000000 13.513514
1040 0.000016 0.010417 300.000000 13.824884
1040 0.000021 0.011167 400.000000 14.084507
1040 0.000037 0.011557 500.000000 14.005602
1050 0.000041 0.016994 100.000000 12.987013
1050 0.000018 0.013729 200.000000 13.698630
1050 0.000023 0.011613 300.000000 13.953488
1050 0.000022 0.012586 400.000000 14.184397
1060 0.000048 0.018686 100.000000 13.333333
1060 0.000019 0.013326 200.000000 13.888889
1060 0.000025 0.011638 300.000000 14.084507
1060 0.000024 0.012903 400.000000 14.285714
1070 0.000043 0.017149 100.000000 13.698630
1070 0.000012 0.011841 200.000000 14.084507
1070 0.000017 0.010776 300.000000 14.218010
1070 0.000021 0.011844 400.000000 14.336918
1080 0.000042 0.017916 100.000000 13.888889
1080 0.000015 0.011825 200.000000 14.184397
1080 0.000023 0.011013 300.000000 14.354067
1080 0.000022 0.011193 400.000000 14.492754
1090 0.000035 0.017446 100.000000 14.084507
1090 0.000013 0.011762 200.000000 14.285714
1090 0.000020 0.011059 300.000000 14.423077
1090 0.000044 0.009839 400.000000 14.388489
1100 0.000016 0.016206 100.000000 14.285714
1100 0.000014 0.010585 200.000000 14.285714
1100 0.000018 0.010262 300.000000 14.492754
1100 0.000049 0.010057 400.000000 14.336918
1110 0.000023 0.014824 100.000000 14.285714
1110 0.000016 0.010311 200.000000 14.285714
1110 0.000026 0.010888 300.000000 14.492754
1110 0.000042 0.010645 400.000000 14.440434
1120 0.000022 0.012382 100.000000 14.285714
1120 0.000017 0.009334 200.000000 14.388489
1120 0.000017 0.010558 300.000000 14.563107
1120 0.000043 0.010605 400.000000 14.336918
1130 0.000015 0.009072 100.000000 14.285714
1130 0.000015 0.007679 200.000000 14.388489
1130 0.000017 0.009526 300.000000 14.492754
1140 0.000021 0.007397 100.000000 14.285714
1140 0.000015 0.007252 200.000000 14.388489
1140 0.000018 0.008845 300.000000 14.423077
1150 0.000000 0.006088 100.000000 14.084507
1150 0.000023 0.007341 200.000000 14.388489
1150 0.000022 0.007577 300.000000 14.634147
1160 0.000018 0.006273 100.000000 14.084507
1160 0.000027 0.007142 200.000000 14.388489
1160 0.000065 0.005809 300.000000 14.423077
1170 0.000018 0.005547 100.000000 14.084507
1170 0.000026 0.006865 200.000000 14.492754
1170 0.000068 0.008103 300.000000 14.285714
1180 0.000015 0.006118 100.000000 14.084507
1180 0.000026 0.008512 200.000000 14.492754
1180 0.000057 0.009781 300.000000 14.354067
1190 0.000025 0.005547 100.000000 14.084507
1190 0.000029 0.009034 200.000000 14.492754
1190 0.000067 0.011139 300.000000 14.218010
1200 0.000039 0.007031 100.000000 14.084507
1200 0.000030 0.010784 200.000000 14.492754
1210 0.000042 0.008146 100.000000 14.285714
1210 0.000033 0.011258 200.000000 14.388489
1220 0.000050 0.008986 100.000000 14.285714
1220 0.000032 0.009340 200.000000 14.705882
1230 0.000045 0.008892 100.000000 14.492754
1230 0.000100 0.007218 200.000000 14.388489
1240 0.000041 0.008808 100.000000 14.492754
1240 0.000106 0.010889 200.000000 14.285714
1250 0.000052 0.011174 100.000000 14.492754
1250 0.000092 0.013513 200.000000 14.388489
1260 0.000037 0.012748 100.000000 14.492754
1260 0.000103 0.015074 200.000000 14.084507
1270 0.000031 0.014357 100.000000 14.492754
1280 0.000041 0.014304 100.000000 14.285714
1290 0.000053 0.009816 100.000000 14.705882
1300 0.000210 0.007528 100.000000 13.888889
1310 0.000183 0.015886 100.000000 13.698630
1320 0.000170 0.019794 100.000000 13.513514
1330 0.000209 0.018679 100.000000 12.820513
