0 0.000122 0.004576 100.000000 10.989011
0 0.000056 0.003378 200.000000 10.256411
0 0.000053 0.005069 300.000000 9.900990
0 0.000045 0.004860 400.000000 9.950249
0 0.000036 0.006595 500.000000 9.671180
0 0.000033 0.009469 600.000000 9.966778
0 0.000035 0.010646 700.000000 10.432191
0 0.000025 0.009488 800.000000 10.322580
0 0.000031 0.006904 900.000000 10.180996
10 0.000095 0.002094 100.000000 11.363636
10 0.000038 0.001278 200.000000 10.526316
10 0.000039 0.002102 300.000000 10.000000
10 0.000037 0.003546 400.000000 10.050251
10 0.000020 0.005663 500.000000 9.727627
10 0.000027 0.007675 600.000000 10.050251
10 0.000029 0.008520 700.000000 10.526316
10 0.000022 0.007285 800.000000 10.376135
10 0.000028 0.005048 900.000000 10.227273
20 0.000066 0.002122 100.000000 11.111111
20 0.000044 0.004098 200.000000 10.362695
20 0.000047 0.004161 300.000000 9.966778
20 0.000037 0.005974 400.000000 9.950249
20 0.000023 0.008668 500.000000 9.671180
20 0.000032 0.009879 600.000000 10.050251
20 0.000031 0.010598 700.000000 10.510510
20 0.000029 0.008253 800.000000 10.309278
30 0.000033 0.003512 100.000000 11.363636
30 0.000027 0.003544 200.000000 10.256411
30 0.000039 0.002243 300.000000 9.966778
30 0.000032 0.004629 400.000000 9.975062
30 0.000017 0.006907 500.000000 9.765625
30 0.000028 0.008086 600.000000 10.101010
30 0.000029 0.008677 700.000000 10.542169
30 0.000028 0.006412 800.000000 10.282776
40 0.000048 0.003685 100.000000 11.494253
40 0.000032 0.004366 200.000000 10.256411
40 0.000041 0.004050 300.000000 10.033444
40 0.000035 0.005310 400.000000 9.975062
40 0.000020 0.007631 500.000000 9.861933
40 0.000029 0.008843 600.000000 10.186757
40 0.000034 0.009348 700.000000 10.590015
40 0.000029 0.006583 800.000000 10.256411
50 0.000031 0.004265 100.000000 10.638298
50 0.000050 0.005665 200.000000 9.803922
50 0.000052 0.006267 300.000000 9.836065
50 0.000036 0.006833 400.000000 9.803922
50 0.000031 0.009691 500.000000 9.784736
50 0.000033 0.011421 600.000000 10.169492
50 0.000033 0.011939 700.000000 10.355030
50 0.000034 0.007947 800.000000 10.191083
60 0.000050 0.004338 100.000000 9.900990
60 0.000056 0.005894 200.000000 9.389671
60 0.000059 0.006556 300.000000 9.584664
60 0.000034 0.007247 400.000000 9.478673
60 0.000036 0.010349 500.000000 9.652510
60 0.000035 0.011928 600.000000 10.135135
60 0.000030 0.011474 700.000000 10.204082
60 0.000033 0.007425 800.000000 10.088272
70 0.000045 0.004665 100.000000 9.803922
70 0.000055 0.005203 200.000000 9.389671
70 0.000052 0.006100 300.000000 9.584664
70 0.000033 0.006936 400.000000 9.411765
70 0.000032 0.010143 500.000000 9.689922
70 0.000035 0.011662 600.000000 10.204082
70 0.000024 0.010970 700.000000 10.204082
70 0.000032 0.007062 800.000000 10.088272
80 0.000071 0.005380 100.000000 9.708738
80 0.000070 0.005639 200.000000 9.345795
80 0.000053 0.006872 300.000000 9.554140
80 0.000037 0.007998 400.000000 9.324009
80 0.000033 0.011161 500.000000 9.708738
80 0.000036 0.012381 600.000000 10.256411
80 0.000027 0.011071 700.000000 10.189228
80 0.000034 0.007144 800.000000 10.075566
90 0.000072 0.005555 100.000000 9.523809
90 0.000064 0.005827 200.000000 9.345795
90 0.000050 0.006627 300.000000 9.584664
90 0.000036 0.008119 400.000000 9.367682
90 0.000036 0.011241 500.000000 9.746589
90 0.000037 0.012263 600.000000 10.327023
90 0.000028 0.010548 700.000000 10.204082
90 0.000033 0.006877 800.000000 10.062893
100 0.000076 0.005784 100.000000 9.708738
100 0.000058 0.004547 200.000000 9.433962
100 0.000045 0.005291 300.000000 9.584664
100 0.000025 0.008182 400.000000 9.324009
100 0.000034 0.009995 500.000000 9.803922
100 0.000034 0.010906 600.000000 10.362695
100 0.000027 0.008865 700.000000 10.233918
100 0.000031 0.006013 800.000000 10.062893
110 0.000082 0.006597 100.000000 9.523809
110 0.000067 0.005789 200.000000 9.389671
110 0.000047 0.006716 300.000000 9.554140
110 0.000029 0.009874 400.000000 9.345795
110 0.000037 0.011240 500.000000 9.842520
110 0.000036 0.011942 600.000000 10.398614
110 0.000034 0.009144 700.000000 10.174418
120 0.000074 0.007260 100.000000 9.090909
120 0.000067 0.005973 200.000000 9.345795
120 0.000047 0.007308 300.000000 9.523809
120 0.000028 0.010362 400.000000 9.433962
120 0.000037 0.011765 500.000000 9.881423
120 0.000039 0.012187 600.000000 10.416667
120 0.000036 0.008755 700.000000 10.101010
130 0.000083 0.007903 100.000000 9.174312
130 0.000069 0.006584 200.000000 9.389671
130 0.000050 0.006797 300.000000 9.523809
130 0.000030 0.010060 400.000000 9.523809
130 0.000038 0.011735 500.000000 9.960159
130 0.000039 0.012179 600.000000 10.380623
130 0.000036 0.008488 700.000000 10.101010
140 0.000086 0.008327 100.000000 9.090909
140 0.000071 0.007619 200.000000 9.433962
140 0.000044 0.007497 300.000000 9.523809
140 0.000034 0.010744 400.000000 9.569378
140 0.000037 0.012375 500.000000 10.040160
140 0.000041 0.012752 600.000000 10.291595
140 0.000038 0.008370 700.000000 10.115607
150 0.000094 0.008091 100.000000 8.849558
150 0.000076 0.006758 200.000000 9.389671
150 0.000043 0.006340 300.000000 9.433962
150 0.000042 0.009752 400.000000 9.569378
150 0.000038 0.011505 500.000000 10.101010
150 0.000036 0.011666 600.000000 10.273973
150 0.000036 0.007304 700.000000 10.101010
160 0.000069 0.005971 100.000000 8.771930
160 0.000066 0.005099 200.000000 9.345795
160 0.000032 0.004652 300.000000 9.287926
160 0.000035 0.008070 400.000000 9.569378
160 0.000033 0.009721 500.000000 10.162601
160 0.000028 0.009459 600.000000 10.238908
160 0.000032 0.006003 700.000000 10.101010
170 0.000069 0.005037 100.000000 8.849558
170 0.000057 0.004845 200.000000 9.389671
170 0.000031 0.005103 300.000000 9.230769
170 0.000029 0.008487 400.000000 9.615385
170 0.000034 0.009906 500.000000 10.245902
170 0.000023 0.009330 600.000000 10.238908
170 0.000031 0.005781 700.000000 10.101010
180 0.000073 0.003261 100.000000 8.849558
180 0.000047 0.004525 200.000000 9.433962
180 0.000024 0.005173 300.000000 9.146341
180 0.000025 0.007892 400.000000 9.661836
180 0.000031 0.008833 500.000000 10.330579
180 0.000022 0.008000 600.000000 10.256411
180 0.000029 0.004913 700.000000 10.101010
190 0.000066 0.004914 100.000000 9.174312
190 0.000047 0.003373 200.000000 9.569378
190 0.000031 0.004234 300.000000 9.287926
190 0.000028 0.007575 400.000000 9.756098
190 0.000032 0.008673 500.000000 10.438414
190 0.000021 0.007758 600.000000 10.309278
190 0.000029 0.005279 700.000000 10.130246
200 0.000046 0.006291 100.000000 9.009009
200 0.000039 0.002173 200.000000 9.523809
200 0.000022 0.003923 300.000000 9.202454
200 0.000028 0.005878 400.000000 9.779951
200 0.000029 0.006890 500.000000 10.482181
200 0.000019 0.006048 600.000000 10.291595
200 0.000026 0.004925 700.000000 10.115607
210 0.000056 0.006629 100.000000 9.174312
210 0.000036 0.001771 200.000000 9.478673
210 0.000025 0.005243 300.000000 9.202454
210 0.000032 0.006477 400.000000 9.852217
210 0.000032 0.007303 500.000000 10.526316
210 0.000024 0.006077 600.000000 10.273973
210 0.000029 0.004942 700.000000 10.014306
220 0.000066 0.006407 100.000000 9.259259
220 0.000037 0.002199 200.000000 9.661836
220 0.000023 0.005481 300.000000 9.345795
220 0.000031 0.006803 400.000000 9.950249
220 0.000031 0.007384 500.000000 10.593221
220 0.000027 0.005968 600.000000 10.256411
230 0.000068 0.002610 100.000000 9.433962
230 0.000042 0.002244 200.000000 9.661836
230 0.000024 0.005962 300.000000 9.523809
230 0.000033 0.007404 400.000000 10.075566
230 0.000037 0.007757 500.000000 10.683761
230 0.000029 0.005971 600.000000 10.238908
240 0.000052 0.002777 100.000000 9.523809
240 0.000038 0.002835 200.000000 9.708738
240 0.000020 0.004942 300.000000 9.615385
240 0.000030 0.006245 400.000000 10.178117
240 0.000032 0.006537 500.000000 10.593221
240 0.000029 0.004894 600.000000 10.256411
250 0.000057 0.003836 100.000000 9.708738
250 0.000031 0.003282 200.000000 9.661836
250 0.000022 0.004836 300.000000 9.708738
250 0.000028 0.006148 400.000000 10.309278
250 0.000030 0.006899 500.000000 10.526316
250 0.000030 0.004847 600.000000 10.273973
260 0.000066 0.004595 100.000000 9.900990
260 0.000032 0.003396 200.000000 9.708738
260 0.000027 0.004777 300.000000 9.771987
260 0.000030 0.006338 400.000000 10.416667
260 0.000026 0.007058 500.000000 10.593221
260 0.000029 0.004726 600.000000 10.309278
270 0.000069 0.004794 100.000000 9.803922
270 0.000025 0.002989 200.000000 9.523809
270 0.000031 0.004022 300.000000 9.803922
270 0.000030 0.005866 400.000000 10.498688
270 0.000021 0.006312 500.000000 10.548523
270 0.000026 0.004544 600.000000 10.327023
280 0.000047 0.006536 100.000000 10.000000
280 0.000017 0.004768 200.000000 9.478673
280 0.000021 0.004179 300.000000 9.900990
280 0.000026 0.005454 400.000000 10.638298
280 0.000019 0.005716 500.000000 10.570825
280 0.000024 0.004133 600.000000 10.344828
290 0.000029 0.009053 100.000000 9.803922
290 0.000024 0.006571 200.000000 9.259259
290 0.000018 0.004731 300.000000 9.900990
290 0.000024 0.005231 400.000000 10.695188
290 0.000017 0.005334 500.000000 10.548523
290 0.000023 0.004272 600.000000 10.309278
300 0.000036 0.009408 100.000000 9.900990
300 0.000027 0.005886 200.000000 9.259259
300 0.000024 0.004963 300.000000 9.966778
300 0.000027 0.005747 400.000000 10.810811
300 0.000016 0.005495 500.000000 10.548523
300 0.000023 0.004643 600.000000 10.291595
310 0.000040 0.011901 100.000000 9.900990
310 0.000032 0.007426 200.000000 9.216590
310 0.000024 0.005882 300.000000 10.033444
310 0.000026 0.006185 400.000000 10.899182
310 0.000019 0.005346 500.000000 10.570825
310 0.000024 0.004726 600.000000 10.291595
320 0.000016 0.014506 100.000000 9.708738
320 0.000022 0.009304 200.000000 9.216590
320 0.000021 0.006459 300.000000 10.067114
320 0.000022 0.005918 400.000000 10.928962
320 0.000024 0.004968 500.000000 10.482181
330 0.000022 0.012403 100.000000 9.803922
330 0.000025 0.008406 200.000000 9.389671
330 0.000020 0.006097 300.000000 10.204082
330 0.000024 0.005396 400.000000 10.989011
330 0.000024 0.004573 500.000000 10.438414
340 0.000037 0.007702 100.000000 9.803922
340 0.000023 0.005551 200.000000 9.569378
340 0.000023 0.004604 300.000000 10.309278
340 0.000031 0.004231 400.000000 10.958904
340 0.000026 0.004050 500.000000 10.373444
350 0.000039 0.008515 100.000000 9.523809
350 0.000018 0.005400 200.000000 9.615385
350 0.000023 0.004431 300.000000 10.452962
350 0.000032 0.004619 400.000000 10.752688
350 0.000029 0.003819 500.000000 10.373444
360 0.000043 0.007562 100.000000 9.345795
360 0.000020 0.003002 200.000000 9.661836
360 0.000022 0.003417 300.000000 10.563380
360 0.000022 0.004499 400.000000 10.752688
360 0.000023 0.004079 500.000000 10.351967
370 0.000045 0.007675 100.000000 9.090909
370 0.000022 0.002406 200.000000 9.708738
370 0.000023 0.003141 300.000000 10.714286
370 0.000021 0.004234 400.000000 10.695188
370 0.000021 0.004298 500.000000 10.395010
380 0.000047 0.007649 100.000000 8.849558
380 0.000017 0.003889 200.000000 9.756098
380 0.000020 0.004125 300.000000 10.830325
380 0.000022 0.004412 400.000000 10.695188
380 0.000024 0.003828 500.000000 10.395010
390 0.000047 0.007198 100.000000 8.620689
390 0.000017 0.004477 200.000000 9.852217
390 0.000023 0.004630 300.000000 10.948905
390 0.000023 0.004644 400.000000 10.695188
390 0.000025 0.004065 500.000000 10.373444
400 0.000030 0.005421 100.000000 8.620689
400 0.000014 0.005279 200.000000 9.900990
400 0.000025 0.005449 300.000000 11.070110
400 0.000024 0.004858 400.000000 10.666667
400 0.000027 0.004237 500.000000 10.351967
410 0.000060 0.007153 100.000000 8.474576
410 0.000019 0.006508 200.000000 10.050251
410 0.000025 0.006168 300.000000 11.194030
410 0.000030 0.004675 400.000000 10.723861
410 0.000029 0.003966 500.000000 10.330579
420 0.000058 0.008619 100.000000 8.620689
420 0.000029 0.006297 200.000000 10.152285
420 0.000030 0.005669 300.000000 11.320755
420 0.000029 0.004679 400.000000 10.666667
430 0.000055 0.008670 100.000000 8.849558
430 0.000022 0.006308 200.000000 10.309278
430 0.000027 0.005132 300.000000 11.363636
430 0.000031 0.004275 400.000000 10.554090
440 0.000052 0.008881 100.000000 9.345795
440 0.000021 0.006404 200.000000 10.526316
440 0.000032 0.004881 300.000000 11.450381
440 0.000032 0.004063 400.000000 10.498688
450 0.000046 0.009230 100.000000 9.523809
450 0.000027 0.007452 200.000000 10.752688
450 0.000046 0.006396 300.000000 11.152416
450 0.000035 0.004990 400.000000 10.554090
460 0.000043 0.010086 100.000000 9.615385
460 0.000030 0.008963 200.000000 11.049724
460 0.000040 0.008321 300.000000 11.194030
460 0.000041 0.004884 400.000000 10.554090
470 0.000043 0.010318 100.000000 10.000000
470 0.000031 0.008988 200.000000 11.363636
470 0.000041 0.007959 300.000000 11.235955
470 0.000039 0.004766 400.000000 10.666667
480 0.000049 0.010863 100.000000 10.309278
480 0.000037 0.009579 200.000000 11.695907
480 0.000044 0.008114 300.000000 11.320755
480 0.000037 0.005199 400.000000 10.752688
490 0.000039 0.012877 100.000000 10.638298
490 0.000045 0.011065 200.000000 12.048193
490 0.000042 0.009049 300.000000 11.406844
490 0.000040 0.005428 400.000000 10.810811
500 0.000048 0.014280 100.000000 11.111111
500 0.000048 0.011686 200.000000 12.422360
500 0.000043 0.009202 300.000000 11.494253
500 0.000046 0.005641 400.000000 10.869565
510 0.000027 0.011987 100.000000 11.363636
510 0.000036 0.009337 200.000000 12.658228
510 0.000039 0.007120 300.000000 11.538462
510 0.000042 0.005235 400.000000 10.869565
520 0.000059 0.012369 100.000000 11.764706
520 0.000052 0.010270 200.000000 12.987013
520 0.000048 0.007496 300.000000 11.583012
520 0.000045 0.005909 400.000000 10.869565
530 0.000081 0.008385 100.000000 12.195122
530 0.000055 0.008292 200.000000 13.333333
530 0.000050 0.005899 300.000000 11.673152
530 0.000048 0.006957 400.000000 10.840109
540 0.000082 0.008460 100.000000 12.048193
540 0.000056 0.007337 200.000000 13.071896
540 0.000054 0.006431 300.000000 11.235955
550 0.000086 0.008686 100.000000 12.048193
550 0.000075 0.006813 200.000000 12.422360
550 0.000058 0.006561 300.000000 10.909091
560 0.000059 0.006685 100.000000 12.500000
560 0.000063 0.007039 200.000000 11.976048
560 0.000052 0.006754 300.000000 10.869565
570 0.000026 0.004709 100.000000 12.987013
570 0.000058 0.005626 200.000000 11.904762
570 0.000044 0.006359 300.000000 10.869565
580 0.000046 0.006762 100.000000 13.333333
580 0.000064 0.006527 200.000000 11.695907
580 0.000046 0.006804 300.000000 10.830325
590 0.000050 0.006129 100.000000 13.888889
590 0.000057 0.006272 200.000000 11.627907
590 0.000049 0.007243 300.000000 10.752688
600 0.000044 0.007000 100.000000 14.285714
600 0.000063 0.005537 200.000000 11.494253
600 0.000049 0.007875 300.000000 10.600707
610 0.000032 0.006741 100.000000 14.285714
610 0.000067 0.005112 200.000000 11.363636
610 0.000047 0.007942 300.000000 10.416667
620 0.000032 0.004653 100.000000 14.084507
620 0.000062 0.006137 200.000000 10.810811
630 0.000071 0.004667 100.000000 12.987013
630 0.000068 0.007606 200.000000 10.362695
640 0.000122 0.007124 100.000000 11.363636
640 0.000078 0.008937 200.000000 10.050251
650 0.000158 0.006793 100.000000 10.416667
650 0.000072 0.010354 200.000000 9.852217
660 0.000137 0.005936 100.000000 9.900990
660 0.000065 0.010769 200.000000 9.615385
670 0.000128 0.005138 100.000000 9.433962
670 0.000066 0.010929 200.000000 9.302325
680 0.000145 0.008387 100.000000 9.259259
680 0.000065 0.011327 200.000000 9.049774
690 0.000127 0.012729 100.000000 8.695652
700 0.000124 0.014064 100.000000 8.333333
710 0.000079 0.009994 100.000000 8.695652
720 0.000041 0.007587 100.000000 9.009009
730 0.000044 0.008890 100.000000 8.928572
740 0.000074 0.010384 100.000000 9.174312
750 0.000079 0.011320 100.000000 9.259259
760 0.000103 0.014158 100.000000 9.174312
770 0.000087 0.012930 100.000000 9.090909
780 0.000087 0.012084 100.000000 9.090909
790 0.000089 0.009105 100.000000 8.547009
