0.000000 0.000000 0.000000 0.000000
-0.041803 3.575630 -0.010669 3.617740
-0.083626 7.152770 -0.006448 7.201820
-0.125431 10.728300 0.005161 10.800600
-0.167141 14.303500 -0.010321 14.388400
-0.208176 17.881000 -0.032120 17.984800
-0.253156 21.464700 -0.056300 21.586700
-0.307115 25.046800 -0.091968 25.192900
-0.367798 28.637100 -0.132817 28.760700
-0.435716 32.231900 -0.182619 32.363500
-0.509819 35.812600 -0.244870 35.952500
-0.590462 39.405500 -0.305556 39.552400
-0.675668 42.995900 -0.368278 43.175000
-0.761728 46.596100 -0.425594 46.785100
-0.822002 50.203500 -0.458375 50.445500
-0.875378 53.811300 -0.482475 53.996100
-0.933231 57.427800 -0.516863 57.627300
-1.006720 61.042100 -0.560315 61.268100
-1.078470 64.647500 -0.601607 64.850600
-1.157680 68.241100 -0.653866 68.429900
-1.243230 71.816000 -0.712399 71.990400
-1.310250 75.365500 -0.753974 75.557100
-1.337950 78.894600 -0.762536 79.062400
-1.335650 82.399100 -0.739917 82.575400
-1.292990 85.877000 -0.674807 86.073200
-1.182740 90.483400 -0.539696 90.671400
-1.056010 93.947100 -0.392547 94.170000
-0.897540 97.413200 -0.213237 97.625900
-0.723357 100.914000 -0.020276 101.176000
-0.448327 106.867000 0.293615 107.149000
-0.253779 114.142000 0.518168 114.399000
-0.256232 121.501000 0.556544 121.777000
-0.353204 128.970000 0.508434 129.250000
-0.397623 132.733000 0.494537 133.022000
-0.443887 136.523000 0.476605 136.871000
-0.490815 140.331000 0.453262 140.573000
-0.550146 144.153000 0.433091 144.446000
-0.601569 147.961000 0.419291 148.230000
-0.649286 151.756000 0.405712 152.072000
-0.703475 155.553000 0.392006 155.850000
-0.758140 159.342000 0.377252 159.666000
-0.821014 163.126000 0.350547 163.422000
-0.891591 166.914000 0.320458 167.274000
-0.968255 170.705000 0.281265 171.060000
-1.053650 174.498000 0.228553 174.869000
-1.140940 178.289000 0.183483 178.668000
-1.220910 182.072000 0.138828 182.426000
-1.311920 185.843000 0.081037 186.173000
-1.400870 189.586000 0.030189 189.981000
-1.482350 193.304000 -0.025251 193.673000
-1.543340 196.982000 -0.058392 197.369000
-1.593220 200.619000 -0.076525 200.999000
-1.629860 204.203000 -0.086263 204.623000
-1.655970 207.709000 -0.092590 208.154000
-1.680920 211.094000 -0.089482 211.550000
-1.717660 214.345000 -0.091625 214.797000
-1.758100 217.485000 -0.105995 217.951000
-1.820190 220.495000 -0.138918 220.979000
-1.931080 224.219000 -0.219545 224.737000
-2.036110 226.776000 -0.302665 227.253000
-2.215170 230.658000 -0.444007 231.148000
-2.309140 232.838000 -0.516518 233.309000
-2.389580 234.992000 -0.583460 235.482000
-2.501540 239.200000 -0.654685 239.713000
-2.538350 242.654000 -0.658075 243.189000
-2.546620 245.471000 -0.627764 245.995000
-2.542060 247.636000 -0.593785 248.182000
-2.535400 250.610000 -0.553967 251.152000
-2.522830 254.511000 -0.484245 255.079000
-2.495850 256.930000 -0.429786 257.497000
-2.401830 260.269000 -0.282619 260.855000
-2.315590 262.779000 -0.165606 263.396000
-2.070930 267.834000 0.139885 268.492000
-1.875690 271.234000 0.367364 271.894000
-1.741200 273.795000 0.526923 274.451000
-1.622670 276.354000 0.670438 276.977000
-1.466240 280.569000 0.869687 281.114000
-1.414320 285.305000 0.971203 285.831000
-1.477650 288.751000 0.955334 289.250000
-2.068000 293.468000 0.452183 293.938000
-3.178540 296.349000 -0.571640 296.868000
-4.922650 298.600000 -2.286910 299.097000
-7.216400 299.975000 -4.531060 300.404000
-9.696190 300.284000 -7.011710 300.775000
-12.402900 299.633000 -9.778230 300.017000
-13.763400 298.874000 -11.141400 299.149000
-16.470600 296.401000 -13.926100 296.622000
-17.729200 294.684000 -15.091900 294.891000
-18.872000 292.636000 -16.287700 292.837000
-19.845500 290.241000 -17.265900 290.475000
-20.612500 287.568000 -18.090800 287.675000
-21.116600 284.630000 -18.597200 284.632000
-21.358700 281.431000 -18.856700 281.283000
-21.345600 278.007000 -18.800200 277.841000
-21.111900 274.431000 -18.511600 274.236000
-20.776800 270.705000 -18.125600 270.452000
-20.447600 266.831000 -17.759900 266.476000
-20.156300 262.848000 -17.423200 262.536000
-19.921300 258.850000 -17.158000 258.434000
-19.745900 254.824000 -16.964000 254.270000
-19.639300 250.773000 -16.827600 250.182000
-19.569300 246.706000 -16.725100 246.104000
-19.526700 242.596000 -16.645500 241.955000
-19.493200 238.458000 -16.572100 237.799000
-19.430400 232.893000 -16.461200 232.270000
-19.355600 228.688000 -16.352000 227.979000
-19.288200 224.454000 -16.252900 223.741000
-19.214900 220.186000 -16.143300 219.380000
-19.140500 215.892000 -16.037400 215.161000
-19.053200 211.570000 -15.927500 210.845000
-18.960200 207.219000 -15.810600 206.407000
-18.864800 202.832000 -15.690900 202.017000
-18.780800 198.440000 -15.575100 197.569000
-18.697200 194.056000 -15.482300 193.243000
-18.628500 189.691000 -15.385500 188.886000
-18.576900 185.352000 -15.299300 184.548000
-18.533400 181.032000 -15.226300 180.217000
-18.510700 176.751000 -15.174000 175.897000
-18.518300 172.537000 -15.145600 171.661000
-18.551700 168.447000 -15.139600 167.551000
-18.605000 164.539000 -15.160800 163.605000
-18.662100 160.837000 -15.176300 159.839000
-18.717200 157.360000 -15.198300 156.328000
-18.762300 154.117000 -15.216700 153.099000
-18.804400 151.111000 -15.227400 150.094000
-18.837700 148.339000 -15.230100 147.249000
-18.862800 145.754000 -15.225600 144.666000
-18.892000 142.520000 -15.228400 141.417000
-18.926800 138.765000 -15.231100 137.570000
-18.979100 134.517000 -15.243400 133.243000
-19.029800 128.995000 -15.260500 127.647000
-19.034000 123.793000 -15.213400 122.423000
-18.981100 119.622000 -15.113700 118.232000
-18.845700 115.028000 -14.934800 113.662000
-18.711000 112.070000 -14.768800 110.730000
-18.526700 108.955000 -14.559700 107.709000
-18.256800 104.562000 -14.245000 103.224000
-18.045000 101.074000 -13.991700 99.679800
-17.825000 97.447800 -13.750800 96.040500
-17.612700 93.677500 -13.498400 92.193100
-17.410000 89.774800 -13.256500 88.324400
-17.239800 85.737500 -13.041900 84.238400
-17.090900 81.553200 -12.837900 80.050400
-16.973600 77.227800 -12.670900 75.674900
-16.873600 72.808700 -12.519000 71.277400
-16.798500 68.394000 -12.392800 66.798100
-16.741300 63.987200 -12.287200 62.374200
-16.692600 59.588500 -12.178700 57.964200
-16.642900 55.188500 -12.077900 53.580500
-16.577800 50.820700 -11.967700 49.157600
-16.505900 46.461100 -11.844500 44.812200
-16.425400 42.137000 -11.720300 40.445800
-16.356800 37.824800 -11.604800 36.105400
-16.284700 33.544400 -11.485900 31.788700
-16.229900 29.284700 -11.381600 27.497100
-16.174800 25.050200 -11.277800 23.226000
-16.116200 20.856600 -11.170800 19.010500
-16.072600 16.708400 -11.077200 14.774700
-16.019600 12.595000 -10.975000 10.626500
-15.967500 8.487380 -10.876700 6.561340
-15.938800 4.400320 -10.797500 2.446480
-15.889600 0.308944 -10.702000 -1.724320
-15.838400 -3.813590 -10.610700 -5.806370
-15.791200 -7.966030 -10.516100 -9.960180
-15.738500 -12.149900 -10.410500 -14.214600
-15.690900 -16.359100 -10.305600 -18.371400
-15.643500 -20.584200 -10.212000 -22.561000
-15.606000 -24.845000 -10.123900 -26.848100
-15.554000 -29.115400 -10.016400 -31.141500
-15.507700 -33.396100 -9.908470 -35.535000
-15.460900 -37.665600 -9.803310 -39.789800
-15.409300 -41.913900 -9.690900 -44.057700
-15.357000 -46.130400 -9.581200 -48.276400
-15.297200 -50.346600 -9.453000 -52.434800
-15.237500 -54.547900 -9.326120 -56.732400
-15.184100 -58.751400 -9.209460 -60.904400
-15.142300 -62.951500 -9.107620 -65.163300
-15.101200 -67.146500 -9.009410 -69.391900
-15.074500 -71.323300 -8.927600 -73.613300
-15.043200 -75.476200 -8.841000 -77.790400
-14.998300 -79.593200 -8.740800 -81.905100
-14.941300 -83.680500 -8.627660 -86.000400
-14.891900 -87.726700 -8.523990 -90.064300
-14.839200 -91.741100 -8.422910 -94.099100
-14.798000 -95.724400 -8.332310 -98.148600
-14.767000 -99.676600 -8.255920 -102.073000
-14.744100 -103.593000 -8.184300 -106.030000
-14.730700 -107.473000 -8.119410 -109.931000
-14.725600 -111.329000 -8.069270 -113.756000
-14.717800 -116.411000 -8.007140 -118.832000
-14.709800 -120.173000 -7.952950 -122.636000
-14.700500 -123.867000 -7.893400 -126.378000
-14.698500 -127.485000 -7.849200 -130.032000
-14.712300 -131.009000 -7.818310 -133.617000
-14.733300 -134.417000 -7.799260 -136.982000
-14.752300 -137.654000 -7.776540 -140.258000
-14.773600 -140.676000 -7.761650 -143.286000
-14.818000 -144.321000 -7.764490 -146.979000
-14.688200 -148.225000 -7.588400 -150.924000
-13.833400 -151.950000 -6.709220 -154.578000
-12.093300 -154.666000 -4.978740 -157.258000
-10.465900 -155.856000 -3.331130 -158.382000
-7.699410 -156.663000 -0.426179 -159.097000
-5.751240 -156.544000 1.634280 -158.858000
-4.305430 -156.024000 3.077770 -158.304000
-2.922420 -155.221000 4.451980 -157.342000
-1.653880 -154.079000 5.700670 -156.069000
-0.551078 -152.632000 6.747410 -154.483000
0.323482 -150.880000 7.565620 -152.572000
0.912912 -148.838000 8.088710 -150.393000
1.265050 -146.567000 8.338180 -148.031000
1.444780 -144.074000 8.423960 -145.494000
1.468740 -141.387000 8.343920 -142.681000
1.489340 -138.515000 8.244550 -139.653000
1.503330 -133.352000 8.101580 -134.319000
1.491650 -130.039000 7.992070 -131.041000
1.458440 -126.576000 7.872560 -127.493000
1.426400 -122.965000 7.758010 -123.874000
1.410380 -119.231000 7.659940 -120.034000
1.402660 -115.348000 7.579170 -116.104000
1.369690 -111.341000 7.487270 -112.030000
1.308290 -107.200000 7.362810 -107.893000
1.230260 -102.932000 7.217190 -103.608000
1.142140 -98.529100 7.071100 -99.122600
1.062980 -94.002300 6.931260 -94.644300
0.984734 -89.476100 6.783770 -90.086000
0.919141 -84.967200 6.648300 -85.566200
0.867953 -80.445500 6.517410 -81.038100
0.825573 -75.934400 6.402510 -76.501200
0.784979 -71.443400 6.288090 -72.006900
0.725241 -66.971300 6.151590 -67.505500
0.677741 -62.525500 6.029850 -62.976500
0.613503 -58.103500 5.894260 -58.526200
0.525398 -53.698000 5.740680 -54.146500
0.423541 -49.322900 5.574820 -49.759400
0.333567 -44.968400 5.421170 -45.404700
0.254373 -40.636600 5.272850 -41.111500
0.177799 -36.328000 5.131140 -36.784500
0.113374 -32.036000 5.006410 -32.460000
0.072241 -27.777500 4.894290 -28.129100
0.043902 -23.543400 4.806140 -23.939900
0.029259 -19.340600 4.735280 -19.738400
0.024160 -15.166100 4.672300 -15.522400
0.015281 -11.027400 4.608260 -11.332400
-0.009785 -6.914130 4.532880 -7.216960
-0.044372 -2.818520 4.445550 -3.104980
-0.088643 1.269420 4.349920 0.957089
-0.131883 5.344100 4.256850 5.021850
-0.175095 9.415900 4.163750 9.093180
-0.223104 13.477300 4.063830 13.143000
-0.258853 17.533600 3.975120 17.215800
-0.295209 21.580200 3.888770 21.285400
-0.338072 25.613500 3.796680 25.328400
-0.383673 29.623800 3.709760 29.335800
-0.427007 33.606500 3.623760 33.323700
-0.461529 37.555000 3.541080 37.292200
-0.497489 41.480200 3.460700 41.247100
-0.555204 45.373200 3.368800 45.158500
-0.623098 49.249400 3.265560 49.054700
-0.702063 53.087200 3.149630 52.891100
-0.794281 56.901600 3.028890 56.685300
-0.895091 60.694600 2.896570 60.482000
-0.996173 64.458400 2.763740 64.215800
-1.107410 68.191400 2.614150 67.940600
-1.227080 71.900300 2.457990 71.648200
-1.318220 75.543600 2.336710 75.303400
-1.377970 79.037400 2.239610 78.799800
-1.407270 82.366800 2.176850 82.120600
-1.397290 85.655200 2.153830 85.422100
-1.380200 89.998100 2.131520 89.769600
-1.356110 93.218600 2.125450 93.005600
-1.341280 96.398500 2.108810 96.230600
-1.375060 99.570100 2.044430 99.388900
-1.561790 104.957000 1.805630 104.775000
-1.897030 111.608000 1.414950 111.485000
-1.913210 118.508000 1.336530 118.453000
-1.602100 125.684000 1.583030 125.687000
-1.374920 129.386000 1.780000 129.398000
-1.135330 133.189000 1.983750 133.169000
-0.941991 137.089000 2.146270 137.076000
-0.832678 141.091000 2.218390 141.038000
-0.806307 145.191000 2.211530 145.160000
-0.831134 149.366000 2.151130 149.305000
-0.881861 153.630000 2.062250 153.594000
-0.950588 157.949000 1.953650 157.919000
-1.039440 162.271000 1.822500 162.255000
-1.150960 166.581000 1.672600 166.614000
-1.262470 170.888000 1.527560 170.949000
-1.366300 175.169000 1.385720 175.242000
-1.453390 179.425000 1.264090 179.502000
-1.518870 183.661000 1.170210 183.746000
-1.576110 187.848000 1.082010 187.925000
-1.613330 192.021000 1.016180 192.114000
-1.645540 196.151000 0.953036 196.275000
-1.682300 200.255000 0.883848 200.394000
-1.717410 204.323000 0.814335 204.512000
-1.746440 208.351000 0.745220 208.566000
-1.780010 212.351000 0.680517 212.523000
-1.814960 216.248000 0.611186 216.416000
-1.859730 219.951000 0.525503 220.161000
-1.917240 223.411000 0.424206 223.641000
-2.004580 226.603000 0.300261 226.853000
-2.106010 229.512000 0.163526 229.777000
-2.207890 232.126000 0.032085 232.399000
-2.314970 234.492000 -0.099439 234.780000
-2.421540 238.338000 -0.243484 238.645000
-2.477940 242.858000 -0.310216 243.177000
-2.493250 245.816000 -0.323492 246.144000
-2.498610 248.072000 -0.328019 248.424000
-2.508500 250.367000 -0.342513 250.728000
-2.507120 253.509000 -0.349799 253.859000
-2.475780 256.707000 -0.331334 257.096000
-2.398100 260.007000 -0.198211 260.504000
-2.331650 262.541000 -0.124584 263.035000
-2.181050 266.960000 0.034591 267.486000
-2.008140 271.578000 0.216100 272.105000
-1.923690 274.387000 0.310982 274.919000
-1.871960 277.189000 0.375686 277.695000
-1.824420 282.747000 0.456166 283.228000
-1.820080 285.473000 0.476643 285.979000
-1.835810 288.890000 0.477758 289.411000
-1.840210 293.812000 0.485404 294.401000
-1.812040 298.624000 0.534734 299.281000
