0.000000 -0.000000 0.000000 0.000000
0.033351 3.898590 -0.028781 3.737120
0.091596 7.763330 -0.029542 7.608280
0.042015 10.435300 0.005252 10.513800
0.124405 12.281000 0.084150 13.061200
0.128123 12.924300 0.134122 15.294800
-0.102743 13.662400 -0.108822 16.597400
-0.803739 14.918100 -0.795027 18.222900
-2.183640 16.257900 -2.188200 19.928900
-4.410530 17.492000 -4.456090 21.443100
-7.603440 18.241800 -7.529890 22.266200
-9.593780 18.333500 -9.340210 22.365200
-14.123600 18.137200 -13.724000 22.210700
-19.380300 17.941500 -18.841500 22.082700
-25.294500 17.612600 -24.702300 21.833600
-30.653300 17.325500 -29.862700 21.590800
-33.936400 17.105600 -32.772200 21.373600
-37.298300 16.810800 -36.119900 21.087000
-40.629200 16.483500 -39.379100 20.763800
-43.923500 16.152600 -42.571200 20.442100
-47.233000 15.735800 -45.821500 20.096300
-50.552300 15.332100 -49.079100 19.780400
-53.925800 14.892300 -52.456800 19.468400
-57.271000 14.444800 -55.819000 19.220400
-60.679900 14.130200 -59.252100 19.040800
-65.245100 13.824400 -63.829800 18.878700
-68.803500 13.628700 -67.369900 18.794500
-72.396300 13.444900 -70.894100 18.725600
-76.040800 13.365000 -74.409300 18.681600
-79.629900 13.286300 -77.921700 18.638700
-83.178000 13.172300 -81.487500 18.591500
-86.806400 13.116300 -84.980100 18.554900
-90.407400 13.030200 -88.489900 18.519300
-93.932700 12.938200 -92.018700 18.493200
-97.425900 12.830300 -95.570700 18.463700
-100.922000 12.721000 -99.064900 18.428500
-104.419000 12.646800 -102.499000 18.405400
-107.951000 12.574700 -105.970000 18.370500
-111.507000 12.492000 -109.435000 18.339900
-115.125000 12.427500 -113.035000 18.316300
-118.791000 12.356900 -116.730000 18.273600
-122.507000 12.277600 -120.436000 18.221400
-126.283000 12.162300 -124.240000 18.137600
-130.058000 12.056800 -127.996000 18.070100
-133.838000 11.940100 -131.728000 18.011200
-137.647000 11.763400 -135.511000 17.942900
-141.424000 11.624700 -139.247000 17.884500
-145.186000 11.523700 -142.995000 17.834200
-148.919000 11.449500 -146.753000 17.801500
-152.638000 11.381800 -150.469000 17.766400
-156.350000 11.310500 -154.143000 17.732300
-160.047000 11.214100 -157.853000 17.683500
-163.709000 11.107600 -161.491000 17.633100
-167.360000 10.983400 -165.134000 17.619700
-170.968000 10.933700 -168.821000 17.615900
-174.571000 10.876800 -172.469000 17.604300
-178.137000 10.833100 -176.043000 17.610100
-181.490000 10.796100 -179.442000 17.620600
-184.602000 10.773700 -182.564000 17.639100
-187.458000 10.758800 -185.441000 17.669900
-190.233000 10.733900 -188.202000 17.673800
-193.897000 10.641100 -191.880000 17.635500
-196.608000 10.558800 -194.621000 17.590600
-199.322000 10.465200 -197.349000 17.535400
-202.080000 10.388200 -200.096000 17.501600
-204.886000 10.331000 -202.908000 17.477100
-207.765000 10.282500 -205.758000 17.442100
-210.768000 10.336900 -208.704000 17.440100
-213.849000 10.376000 -211.709000 17.440600
-216.930000 10.375300 -214.781000 17.470500
-220.058000 10.345100 -217.927000 17.525200
-223.216000 10.288700 -221.136000 17.598400
-226.472000 10.226400 -224.408000 17.676700
-229.833000 10.219500 -227.738000 17.744800
-233.259000 10.217000 -231.158000 17.804900
-236.735000 10.219400 -234.640000 17.866700
-240.296000 10.206400 -238.178000 17.917000
-243.912000 10.169600 -241.807000 17.920400
-247.572000 10.104200 -245.469000 17.904700
-251.299000 9.995560 -249.223000 17.860100
-255.028000 9.822380 -252.983000 17.789700
-258.781000 9.669640 -256.790000 17.723500
-262.557000 9.547020 -260.537000 17.655900
-266.320000 9.421870 -264.294000 17.604700
-270.066000 9.290320 -268.002000 17.554500
-273.799000 9.103790 -271.645000 17.472900
-277.484000 8.919690 -275.322000 17.405000
-281.180000 8.789750 -278.999000 17.367400
-284.882000 8.682430 -282.700000 17.314900
-288.542000 8.572730 -286.341000 17.277700
-292.209000 8.467490 -289.990000 17.242600
-295.905000 8.360710 -293.644000 17.209900
-299.551000 8.253450 -297.289000 17.164700
-303.255000 8.135970 -301.050000 17.111300
-306.996000 8.046450 -304.774000 17.072200
-310.734000 7.941650 -308.480000 17.028100
-314.481000 7.839840 -312.173000 16.978000
-318.242000 7.749920 -315.881000 16.950500
-322.006000 7.640520 -319.665000 16.909400
-325.796000 7.527010 -323.446000 16.877400
-329.587000 7.421330 -327.215000 16.862300
-333.369000 7.309600 -330.951000 16.842600
-337.112000 7.208520 -334.724000 16.832900
-340.848000 7.114790 -338.430000 16.840300
-344.523000 7.024160 -342.080000 16.848100
-348.081000 6.923480 -345.621000 16.842300
-351.510000 6.832350 -349.043000 16.843000
-354.782000 6.735900 -352.334000 16.834200
-357.919000 6.626780 -355.475000 16.816700
-361.033000 6.515320 -358.592000 16.796600
-364.015000 6.395530 -361.594000 16.766500
-366.742000 6.324930 -364.349000 16.758800
-369.245000 6.316500 -366.886000 16.811300
-371.506000 6.454800 -369.198000 17.004100
-374.725000 7.109350 -372.503000 17.743900
-376.895000 8.025090 -374.708000 18.737100
-379.586000 10.096400 -377.432000 20.974600
-381.694000 12.995900 -379.469000 23.992300
-382.528000 14.729200 -380.219000 25.792100
-383.222000 16.651500 -380.871000 27.821400
-383.780000 18.781600 -381.359000 30.028000
-384.244000 21.107400 -381.761000 32.430900
-384.603000 23.603800 -382.037000 34.984600
-384.850000 26.269200 -382.218000 37.706100
-385.059000 29.087800 -382.349000 40.554000
-385.288000 32.109300 -382.441000 43.534900
-385.555000 35.238100 -382.530000 46.602200
-385.884000 38.357500 -382.604000 49.664700
-386.131000 41.457900 -382.658000 52.740000
-386.264000 44.504300 -382.693000 55.811200
-386.336000 47.520600 -382.706000 58.796300
-386.406000 50.483100 -382.703000 61.778200
-386.448000 53.364900 -382.690000 64.655900
-386.514000 56.138400 -382.663000 67.409300
-386.610000 60.578500 -382.565000 71.828900
-386.371000 65.433800 -382.212000 76.716000
-385.249000 69.694900 -381.230000 81.090600
-383.336000 73.255000 -379.587000 84.719600
-381.092000 76.191700 -377.212000 87.555100
-379.290000 77.674800 -375.217000 88.950000
-377.732000 78.522200 -373.560000 89.714100
-375.976000 79.195600 -371.770000 90.302900
-372.740000 79.941800 -368.473000 90.956100
-369.131000 80.348200 -364.829000 91.257100
-366.032000 80.571300 -361.646000 91.382100
-363.598000 80.673300 -359.212000 91.415800
-359.338000 80.716000 -354.864000 91.344100
-356.719000 80.664000 -352.162000 91.231100
-354.053000 80.584100 -349.485000 91.083900
-351.358000 80.492900 -346.823000 90.934800
-348.660000 80.417900 -344.088000 90.794800
-345.972000 80.370500 -341.393000 90.693800
-343.307000 80.384600 -338.718000 90.647600
-340.654000 80.455700 -336.028000 90.654500
-338.011000 80.541300 -333.390000 90.681600
-335.403000 80.654700 -330.756000 90.720300
-332.791000 80.777300 -328.123000 90.765800
-330.197000 80.893400 -325.468000 90.800700
-325.874000 81.010100 -321.092000 90.771900
-323.280000 81.051500 -318.482000 90.740300
-320.714000 81.121100 -315.902000 90.716800
-318.156000 81.226300 -313.320000 90.722100
-315.602000 81.355900 -310.727000 90.761200
-313.065000 81.488300 -308.160000 90.808000
-310.553000 81.621500 -305.624000 90.850400
-308.046000 81.755500 -303.060000 90.895900
-305.550000 81.897600 -300.549000 90.946700
-301.376000 82.158200 -296.361000 91.049700
-298.833000 82.325700 -293.814000 91.144500
-296.238000 82.504100 -291.200000 91.250900
-293.590000 82.683400 -288.524000 91.366500
-290.877000 82.853300 -285.828000 91.464000
-288.120000 82.987700 -283.076000 91.529900
-285.315000 83.062000 -280.226000 91.534600
-282.460000 83.089300 -277.349000 91.490700
-279.611000 83.105000 -274.495000 91.419700
-276.801000 83.108000 -271.686000 91.334300
-274.051000 83.099900 -268.925000 91.236600
-271.353000 83.054900 -266.224000 91.107000
-268.677000 82.971000 -263.554000 90.947700
-266.029000 82.903900 -260.921000 90.798400
-263.419000 82.873200 -258.300000 90.676100
-260.804000 82.903300 -255.686000 90.615700
-258.169000 82.990400 -253.015000 90.620800
-255.511000 83.145600 -250.397000 90.695300
-252.845000 83.373800 -247.709000 90.842400
-250.152000 83.637700 -245.012000 91.015600
-247.440000 83.911000 -242.313000 91.195700
-244.714000 84.178600 -239.608000 91.375700
-242.002000 84.383000 -236.898000 91.498800
-239.315000 84.514700 -234.210000 91.553400
-236.657000 84.567900 -231.540000 91.519600
-234.029000 84.526200 -228.919000 91.397900
-231.443000 84.405900 -226.344000 91.197600
-228.921000 84.255800 -223.834000 90.983600
-225.040000 84.015700 -219.971000 90.631700
-221.107000 83.783000 -216.062000 90.288100
-217.944000 83.621500 -212.980000 90.070700
-215.377000 83.783700 -210.491000 90.186200
-213.101000 84.647100 -208.218000 90.892900
-211.234000 85.999700 -206.328000 92.076000
-209.625000 87.986600 -204.584000 93.971700
-208.491000 90.324500 -203.341000 96.306100
-207.515000 93.973800 -202.326000 100.021000
-207.185000 98.479100 -201.885000 104.785000
-207.276000 103.647000 -201.876000 110.253000
-207.469000 109.278000 -201.929000 116.237000
-207.497000 114.153000 -201.844000 121.123000
-207.467000 117.040000 -201.763000 123.877000
-207.269000 121.655000 -201.574000 128.890000
-207.154000 127.184000 -201.390000 134.675000
-207.181000 132.312000 -201.324000 139.852000
-207.319000 136.662000 -201.375000 144.381000
-207.684000 140.099000 -201.678000 147.948000
-208.575000 143.113000 -202.511000 150.853000
-210.174000 145.715000 -203.986000 153.349000
-212.069000 147.598000 -205.800000 155.322000
-213.488000 148.570000 -207.194000 156.356000
-215.152000 149.358000 -208.827000 157.133000
-217.027000 149.934000 -210.714000 157.746000
-219.053000 150.269000 -212.750000 158.134000
-221.240000 150.480000 -214.934000 158.370000
-223.537000 150.591000 -217.280000 158.530000
-226.760000 150.697000 -220.591000 158.721000
-229.302000 150.799000 -223.151000 158.866000
-232.871000 150.954000 -226.790000 159.092000
-237.642000 151.177000 -231.637000 159.399000
-240.669000 151.293000 -234.675000 159.571000
-243.823000 151.364000 -237.813000 159.693000
-247.069000 151.357000 -241.069000 159.740000
-250.305000 151.285000 -244.301000 159.725000
-253.552000 151.145000 -247.530000 159.634000
-256.782000 150.940000 -250.741000 159.478000
-259.964000 150.686000 -253.940000 159.276000
-263.000000 150.421000 -257.011000 159.066000
-265.862000 150.168000 -259.907000 158.865000
-268.516000 149.934000 -262.578000 158.678000
-271.910000 149.696000 -265.989000 158.496000
-274.432000 149.547000 -268.493000 158.394000
-276.918000 149.420000 -270.967000 158.308000
-280.211000 149.318000 -274.308000 158.266000
-283.496000 149.256000 -277.613000 158.264000
-286.851000 149.216000 -280.974000 158.290000
-290.207000 149.156000 -284.357000 158.294000
-292.703000 149.089000 -286.880000 158.278000
-295.204000 149.002000 -289.397000 158.242000
-297.762000 148.917000 -291.974000 158.214000
-300.373000 148.828000 -294.606000 158.181000
-303.059000 148.729000 -297.268000 158.136000
-305.822000 148.630000 -300.047000 158.090000
-308.645000 148.535000 -302.861000 158.052000
-311.494000 148.442000 -305.712000 158.014000
-314.355000 148.360000 -308.591000 157.986000
-317.203000 148.289000 -311.446000 157.962000
-320.018000 148.218000 -314.270000 157.950000
-322.801000 148.133000 -317.065000 157.939000
-325.556000 148.060000 -319.841000 157.931000
-329.182000 147.975000 -323.505000 157.933000
-331.884000 147.899000 -326.181000 157.934000
-336.194000 147.840000 -330.485000 157.940000
-340.462000 147.771000 -334.715000 157.943000
-342.976000 147.704000 -337.192000 157.924000
-345.508000 147.597000 -339.738000 157.872000
-348.088000 147.502000 -342.302000 157.814000
-350.695000 147.387000 -344.898000 157.747000
-353.358000 147.254000 -347.532000 157.667000
-356.035000 147.123000 -350.198000 157.585000
-358.706000 146.988000 -352.879000 157.498000
-361.365000 146.869000 -355.525000 157.414000
-363.999000 146.747000 -358.185000 157.322000
-366.592000 146.651000 -360.758000 157.256000
-369.103000 146.586000 -363.262000 157.230000
-371.499000 146.553000 -365.665000 157.245000
-375.766000 146.688000 -369.925000 157.462000
-379.228000 147.254000 -373.380000 158.082000
-381.984000 148.241000 -376.145000 159.142000
-384.261000 149.833000 -378.404000 160.795000
-386.190000 152.027000 -380.322000 163.086000
-387.088000 153.508000 -381.145000 164.577000
-387.803000 155.255000 -381.805000 166.357000
-388.582000 158.644000 -382.538000 169.901000
-388.964000 162.536000 -382.829000 173.885000
-389.108000 166.899000 -382.854000 178.384000
-389.249000 172.603000 -382.836000 184.168000
-389.308000 176.552000 -382.809000 188.139000
-389.432000 182.443000 -382.809000 194.096000
-389.515000 186.338000 -382.780000 197.946000
-389.577000 189.212000 -382.765000 200.768000
-389.635000 191.982000 -382.759000 203.521000
-389.678000 194.565000 -382.756000 206.128000
-389.674000 199.177000 -382.649000 210.768000
-389.293000 202.559000 -382.192000 214.197000
-388.765000 204.467000 -381.592000 216.100000
-387.916000 206.175000 -380.713000 217.875000
-386.853000 207.779000 -379.590000 219.464000
-385.525000 209.200000 -378.240000 220.838000
-383.944000 210.440000 -376.617000 222.055000
-382.136000 211.426000 -374.780000 223.043000
-380.157000 212.261000 -372.740000 223.778000
-378.011000 212.913000 -370.534000 224.329000
-375.676000 213.415000 -368.210000 224.741000
-373.197000 213.808000 -365.733000 225.048000
-370.564000 214.126000 -363.121000 225.287000
-367.799000 214.385000 -360.361000 225.483000
-364.941000 214.626000 -357.475000 225.666000
-361.998000 214.847000 -354.550000 225.830000
-357.972000 215.095000 -350.559000 226.003000
-354.881000 215.232000 -347.496000 226.079000
-351.765000 215.323000 -344.426000 226.112000
-348.656000 215.380000 -341.336000 226.111000
-345.545000 215.427000 -338.245000 226.097000
-342.437000 215.440000 -335.162000 226.037000
-339.336000 215.404000 -332.103000 225.932000
-336.251000 215.301000 -329.054000 225.752000
-333.191000 215.150000 -325.993000 225.498000
-330.134000 214.978000 -322.948000 225.232000
-327.093000 214.808000 -319.907000 224.977000
-324.055000 214.672000 -316.893000 224.749000
-321.009000 214.604000 -313.892000 224.596000
-317.962000 214.597000 -310.849000 224.511000
-314.916000 214.666000 -307.822000 224.494000
-311.856000 214.798000 -304.803000 224.539000
-308.795000 214.964000 -301.807000 224.630000
-305.709000 215.145000 -298.726000 224.732000
-302.636000 215.339000 -295.666000 224.842000
-299.578000 215.536000 -292.617000 224.953000
-296.536000 215.721000 -289.603000 225.058000
-293.519000 215.875000 -286.611000 225.132000
-290.545000 216.030000 -283.647000 225.199000
-287.649000 216.166000 -280.735000 225.259000
-283.844000 216.321000 -276.961000 225.307000
-281.075000 216.415000 -274.220000 225.320000
-278.385000 216.482000 -271.555000 225.306000
-275.750000 216.525000 -268.946000 225.268000
-273.211000 216.564000 -266.399000 225.224000
-270.787000 216.597000 -263.995000 225.173000
-268.452000 216.627000 -261.677000 225.128000
-266.210000 216.670000 -259.433000 225.088000
-261.978000 216.759000 -255.217000 225.032000
-258.738000 216.832000 -251.971000 224.998000
-255.162000 216.922000 -248.426000 224.975000
-251.811000 216.991000 -245.073000 224.957000
-248.541000 217.060000 -241.806000 224.942000
-245.330000 217.159000 -238.630000 224.929000
-242.210000 217.283000 -235.526000 224.955000
-239.647000 217.403000 -232.975000 224.993000
-237.098000 217.518000 -230.433000 225.024000
-234.014000 217.632000 -227.337000 225.031000
-230.825000 217.709000 -224.128000 224.994000
-227.620000 217.743000 -220.942000 224.933000
-224.475000 217.721000 -217.788000 224.818000
-221.518000 217.498000 -214.852000 224.505000
-219.015000 216.979000 -212.363000 223.884000
-216.498000 216.028000 -209.852000 222.832000
-214.986000 214.976000 -208.325000 221.776000
-213.658000 213.474000 -207.021000 220.230000
-212.592000 211.278000 -206.020000 217.978000
-211.927000 208.397000 -205.481000 214.989000
-211.727000 204.720000 -205.463000 211.208000
-211.784000 200.331000 -205.740000 206.785000
-211.796000 197.883000 -205.885000 204.369000
-211.773000 195.273000 -206.001000 201.776000
-211.722000 192.556000 -206.086000 199.031000
-211.649000 189.759000 -206.164000 196.225000
-211.569000 186.932000 -206.222000 193.392000
-211.475000 184.114000 -206.265000 190.557000
-211.391000 181.299000 -206.316000 187.778000
-211.298000 178.527000 -206.344000 184.994000
-211.202000 175.754000 -206.365000 182.198000
-211.107000 173.019000 -206.382000 179.442000
-210.942000 169.548000 -206.356000 175.966000
-210.678000 164.891000 -206.234000 171.287000
-210.369000 160.884000 -206.064000 167.268000
-210.180000 157.655000 -205.962000 163.992000
-210.037000 154.446000 -205.888000 160.744000
-209.856000 151.825000 -205.777000 158.095000
-209.552000 148.953000 -205.578000 155.198000
-209.096000 145.666000 -205.268000 151.898000
-208.637000 141.813000 -204.979000 148.008000
-208.379000 137.369000 -204.889000 143.570000
-208.408000 134.912000 -205.013000 141.113000
-208.595000 129.579000 -205.403000 135.875000
-208.722000 126.753000 -205.630000 133.090000
-208.853000 123.792000 -205.855000 130.162000
-208.952000 120.777000 -206.067000 127.164000
-209.003000 117.769000 -206.262000 124.172000
-208.992000 114.749000 -206.398000 121.246000
-208.909000 111.780000 -206.457000 118.216000
-208.797000 108.828000 -206.472000 115.225000
-208.674000 105.975000 -206.445000 112.408000
-208.555000 102.438000 -206.439000 108.862000
-208.335000 97.888700 -206.378000 104.272000
-208.205000 94.401800 -206.357000 100.752000
-208.104000 90.521400 -206.357000 96.856600
-208.023000 88.094000 -206.335000 94.424400
-207.806000 85.552000 -206.203000 91.881300
-207.440000 82.658900 -205.956000 89.014700
-206.964000 79.279000 -205.606000 85.624800
-206.730000 77.374500 -205.425000 83.701800
-206.474000 74.687200 -205.255000 80.979600
-206.403000 71.052000 -205.299000 77.296800
-206.610000 68.000600 -205.607000 74.198700
-206.893000 65.622600 -205.971000 71.805500
-207.176000 63.145100 -206.323000 69.356100
-207.411000 60.582500 -206.632000 66.826500
-207.566000 57.936800 -206.867000 64.202500
-207.648000 55.184600 -207.047000 61.446200
-207.661000 52.385400 -207.160000 58.652800
-207.621000 49.546400 -207.247000 55.832600
-207.571000 46.730400 -207.319000 53.066600
-207.529000 43.951500 -207.402000 50.307400
-207.485000 41.207900 -207.490000 47.568100
-207.410000 37.599600 -207.593000 43.996000
-207.389000 32.509100 -207.805000 38.889400
-207.375000 30.171300 -207.894000 36.597200
-207.338000 26.780100 -207.996000 33.296600
-207.185000 23.637900 -208.005000 30.142300
-206.782000 20.334400 -207.785000 26.863900
-205.959000 17.852300 -207.188000 24.383800
-205.018000 16.286300 -206.353000 22.791200
-203.699000 14.889400 -205.151000 21.361200
-201.713000 13.487400 -203.252000 19.928100
-198.922000 12.254600 -200.522000 18.612400
-195.986000 11.251200 -197.666000 17.535100
-192.242000 10.550000 -193.916000 16.709200
-188.774000 10.514700 -190.388000 16.499300
-185.316000 10.589800 -186.868000 16.480800
-181.518000 10.768400 -183.037000 16.555800
-177.235000 11.053000 -178.672000 16.737800
-172.454000 11.406500 -173.828000 16.968600
-167.173000 11.903500 -168.464000 17.290000
-163.387000 12.364600 -164.696000 17.634800
-160.414000 12.721400 -161.582000 17.893900
-157.345000 13.069800 -158.504000 18.150800
-154.251000 13.351300 -155.361000 18.339000
-151.099000 13.517000 -152.104000 18.401200
-147.910000 13.516700 -148.916000 18.340400
-144.677000 13.407000 -145.728000 18.165700
-141.427000 13.291100 -142.487000 17.963700
-138.109000 13.251200 -139.186000 17.776200
-134.749000 13.233000 -135.821000 17.619100
-131.316000 13.245200 -132.365000 17.497100
-127.833000 13.255000 -128.863000 17.379500
-124.247000 13.237900 -125.342000 17.283800
-120.596000 13.216400 -121.729000 17.180200
-116.902000 13.193100 -118.039000 17.058500
-113.092000 13.199200 -114.296000 16.943600
-109.280000 13.211600 -110.568000 16.845200
-105.427000 13.232400 -106.739000 16.756600
-101.590000 13.270100 -102.946000 16.657800
-97.780400 13.378000 -99.138500 16.589800
-93.966400 13.471600 -95.358000 16.532100
-90.150400 13.576200 -91.550300 16.473100
-86.353700 13.721200 -87.810800 16.453900
-82.568800 13.859000 -84.074200 16.430900
-78.784100 13.984400 -80.322600 16.431400
-75.014300 14.097400 -76.624700 16.420100
-71.267500 14.218900 -72.957500 16.413300
-67.518900 14.358700 -69.269300 16.416300
-63.817700 14.493400 -65.651900 16.416300
-59.006200 14.701600 -60.837300 16.421200
-55.446500 14.856400 -57.233900 16.429100
-51.994000 15.051300 -53.754600 16.463600
-48.590100 15.229500 -50.341300 16.493300
-45.195800 15.399500 -46.923900 16.531700
-41.922800 15.558800 -43.630400 16.566600
-38.789800 15.717100 -40.458300 16.608900
-35.828400 15.912600 -37.448300 16.658100
-33.012000 16.153900 -34.596300 16.693100
-30.303900 16.304400 -31.895200 16.718800
-27.677000 16.365400 -29.291400 16.713700
-24.569300 16.453900 -26.119800 16.662600
-20.582000 16.519700 -22.127000 16.534800
-17.329000 16.482300 -18.851700 16.406100
-14.629000 16.542200 -15.979200 16.362600
-12.277200 17.018600 -13.592900 16.714100
-10.793900 17.853100 -12.069900 17.418000
-9.266870 19.249900 -10.416800 18.730100
-7.714470 21.448800 -8.855200 20.966100
-6.209420 24.630900 -7.372450 24.319700
-5.580620 26.636800 -6.796800 26.380500
-5.100720 28.938500 -6.308760 28.730500
-4.785400 32.449500 -5.939920 32.230500
-4.824920 38.379900 -5.921840 38.385900
-4.964160 41.567300 -6.012580 41.622300
-5.153020 44.765000 -6.096050 44.874000
-5.332580 47.976600 -6.185800 48.115900
-5.541170 51.205100 -6.260150 51.346000
-5.775300 54.420100 -6.327520 54.542200
-6.001040 57.634600 -6.389710 57.690400
-6.216630 60.793100 -6.449270 60.814800
-6.450590 65.815300 -6.504090 65.873000
-6.608990 70.413400 -6.550020 70.520800
-6.642850 72.947600 -6.560710 73.086900
-6.684460 75.995100 -6.568850 76.162600
-6.574570 79.166400 -6.477210 79.380200
-5.907610 81.996000 -5.865130 82.238000
-4.749390 84.012400 -4.755990 84.214600
-3.458460 85.183900 -3.527730 85.400900
-1.929890 85.987100 -2.106010 86.240500
-0.518659 86.251200 -0.855935 86.561300
1.306430 86.494200 0.810716 86.773300
3.081640 86.601500 2.565080 86.843300
5.259890 86.741600 4.703330 86.916700
7.296710 86.878000 6.739150 86.989300
9.452880 86.990400 9.013490 87.007000
11.844600 86.980100 11.391400 86.919500
15.572300 86.797900 14.961200 86.648800
18.862700 86.938600 18.118200 86.710800
22.538600 87.356900 21.770100 86.991700
24.538900 87.518000 23.779000 87.054000
27.296500 87.629200 26.563100 87.061500
29.441800 87.662500 28.743200 87.042500
32.320100 87.664200 31.667000 86.985600
35.176000 87.664200 34.544900 86.918300
38.730800 87.693400 38.142800 86.855400
42.917800 87.780200 42.371700 86.828600
46.347900 87.907300 45.840800 86.846900
50.455100 88.032200 50.014200 86.835800
54.547200 88.112600 54.146600 86.797500
57.932500 88.203800 57.566400 86.800900
61.307900 88.268100 60.973800 86.764600
63.333400 88.313200 62.993800 86.736900
66.070900 88.370600 65.671000 86.726300
68.126600 88.405300 67.705100 86.713000
70.170900 88.428500 69.715900 86.700500
73.590300 88.449800 73.096600 86.662800
75.642400 88.447500 75.130800 86.629800
78.351500 88.447700 77.825800 86.569800
81.059300 88.470500 80.514700 86.527800
83.108600 88.498500 82.571000 86.499900
85.117700 88.541600 84.605000 86.476800
87.144900 88.578300 86.655100 86.438900
89.133800 88.635700 88.665700 86.423600
91.147100 88.690200 90.706900 86.410700
93.106600 88.721900 92.684800 86.380900
96.296500 88.801400 95.958800 86.363100
98.744700 88.847000 98.467800 86.333100
101.466000 88.872000 101.250000 86.274200
103.660000 88.873000 103.513000 86.219900
105.718000 88.844500 105.634000 86.159400
107.762000 88.894900 107.678000 86.198900
108.760000 89.324900 108.690000 86.586100
109.381000 89.859000 109.366000 87.084700
110.105000 90.850500 110.154000 88.033200
110.767000 92.220800 110.917000 89.424400
111.237000 93.959500 111.513000 91.220000
111.382000 95.834400 111.743000 93.139500
111.376000 97.156700 111.807000 94.515400
111.179000 100.499000 111.906000 97.851800
110.953000 104.574000 111.972000 101.897000
110.729000 109.312000 112.029000 106.612000
110.504000 113.634000 112.020000 110.984000
110.325000 116.326000 111.960000 113.689000
110.122000 119.062000 111.881000 116.445000
109.919000 121.786000 111.795000 119.189000
109.730000 124.488000 111.706000 121.927000
109.549000 127.183000 111.643000 124.638000
109.415000 129.865000 111.619000 127.332000
109.295000 132.526000 111.614000 130.014000
109.186000 135.156000 111.615000 132.631000
109.077000 137.649000 111.606000 135.117000
108.947000 140.687000 111.606000 138.121000
108.783000 143.930000 111.590000 141.349000
108.703000 146.972000 111.573000 144.467000
108.898000 149.185000 111.587000 146.767000
109.076000 151.518000 111.716000 149.146000
109.419000 153.636000 111.871000 151.426000
109.561000 155.679000 111.952000 153.524000
109.662000 158.253000 112.029000 156.131000
109.717000 161.468000 112.120000 159.356000
109.649000 164.032000 112.173000 161.889000
109.639000 166.109000 112.205000 163.975000
109.633000 168.340000 112.226000 166.215000
109.613000 170.711000 112.246000 168.589000
109.565000 174.933000 112.279000 172.817000
109.533000 179.413000 112.332000 177.320000
109.543000 182.139000 112.386000 180.076000
109.587000 184.839000 112.434000 182.823000
109.599000 187.533000 112.487000 185.547000
109.638000 190.190000 112.533000 188.233000
109.646000 193.610000 112.513000 191.689000
109.555000 197.530000 112.432000 195.651000
109.498000 199.654000 112.383000 197.803000
109.444000 203.419000 112.349000 201.617000
109.502000 206.930000 112.430000 205.171000
109.632000 210.239000 112.563000 208.509000
109.715000 213.167000 112.635000 211.458000
109.723000 215.888000 112.624000 214.201000
109.697000 218.474000 112.576000 216.810000
109.651000 221.217000 112.568000 219.519000
109.618000 224.216000 112.575000 222.497000
109.570000 226.964000 112.536000 225.239000
109.299000 229.948000 112.333000 228.228000
108.710000 233.162000 111.869000 231.470000
108.332000 235.195000 111.562000 233.525000
107.999000 237.319000 111.297000 235.658000
107.681000 240.295000 111.061000 238.641000
107.536000 242.640000 110.976000 240.997000
107.381000 246.715000 110.944000 245.109000
107.309000 249.277000 110.950000 247.692000
107.204000 252.760000 110.935000 251.191000
107.116000 255.352000 110.915000 253.790000
107.022000 257.936000 110.888000 256.379000
106.925000 260.495000 110.857000 258.939000
106.828000 263.029000 110.828000 261.489000
106.757000 266.257000 110.797000 264.755000
106.721000 270.543000 110.789000 269.126000
106.602000 274.232000 110.794000 272.849000
106.490000 277.549000 110.821000 276.182000
106.490000 281.113000 111.020000 279.776000
107.149000 283.914000 111.746000 282.578000
108.390000 285.948000 112.895000 284.651000
110.122000 288.203000 114.671000 286.830000
110.619000 289.650000 115.334000 288.186000
110.490000 290.931000 115.399000 289.388000
110.057000 292.158000 115.107000 290.548000
109.377000 293.354000 114.476000 291.788000
108.415000 295.035000 113.560000 293.479000
107.553000 296.934000 112.752000 295.378000
106.855000 299.418000 112.162000 297.900000
106.352000 302.559000 111.749000 301.033000
106.086000 305.101000 111.544000 303.560000
105.832000 307.215000 111.365000 305.665000
105.631000 309.512000 111.232000 307.964000
105.511000 311.925000 111.144000 310.398000
105.433000 315.360000 111.153000 313.856000
105.427000 318.036000 111.192000 316.529000
105.442000 320.811000 111.259000 319.319000
105.440000 323.634000 111.314000 322.160000
105.412000 326.518000 111.351000 325.066000
105.388000 329.445000 111.394000 328.012000
105.343000 332.360000 111.429000 330.932000
105.268000 335.259000 111.439000 333.827000
105.195000 338.149000 111.452000 336.738000
105.116000 340.994000 111.449000 339.597000
105.057000 343.795000 111.427000 342.422000
104.996000 346.495000 111.376000 345.163000
104.948000 348.999000 111.321000 347.737000
104.874000 351.319000 111.281000 350.118000
104.717000 354.046000 111.258000 352.920000
104.615000 356.352000 111.289000 355.279000
104.701000 359.026000 111.478000 358.067000
105.193000 361.140000 112.007000 360.265000
106.095000 362.891000 112.948000 362.106000
107.168000 364.085000 114.082000 363.334000
108.905000 365.428000 115.919000 364.736000
111.453000 366.797000 118.553000 366.058000
114.851000 367.986000 122.082000 367.165000
119.059000 368.627000 126.410000 367.688000
121.413000 368.716000 128.785000 367.710000
124.813000 368.744000 132.244000 367.635000
130.334000 368.743000 137.865000 367.453000
135.344000 368.758000 142.937000 367.291000
138.488000 368.797000 146.078000 367.210000
141.724000 368.871000 149.304000 367.164000
145.017000 368.988000 152.605000 367.145000
148.363000 369.100000 155.945000 367.136000
151.755000 369.218000 159.338000 367.119000
155.164000 369.458000 162.742000 367.101000
158.594000 369.635000 166.194000 367.064000
162.040000 369.772000 169.652000 367.003000
165.531000 369.890000 173.120000 366.950000
169.033000 370.006000 176.604000 366.891000
172.577000 370.120000 180.139000 366.852000
176.162000 370.230000 183.712000 366.829000
179.771000 370.336000 187.306000 366.801000
183.335000 370.456000 190.914000 366.768000
186.878000 370.571000 194.514000 366.743000
190.451000 370.665000 198.109000 366.719000
194.053000 370.738000 201.710000 366.695000
197.655000 370.831000 205.225000 366.674000
201.212000 370.917000 208.731000 366.634000
204.699000 371.009000 212.233000 366.588000
208.138000 371.107000 215.677000 366.540000
211.543000 371.212000 219.082000 366.501000
214.935000 371.360000 222.455000 366.467000
218.343000 371.501000 225.824000 366.441000
221.753000 371.630000 229.191000 366.417000
225.157000 371.769000 232.534000 366.397000
229.736000 371.946000 236.983000 366.381000
233.194000 372.081000 240.343000 366.363000
236.650000 372.202000 243.776000 366.328000
240.111000 372.286000 247.247000 366.267000
243.564000 372.361000 250.661000 366.193000
247.015000 372.439000 254.107000 366.125000
250.457000 372.514000 257.494000 366.058000
253.892000 372.591000 260.905000 365.990000
257.290000 372.696000 264.310000 365.940000
260.691000 372.783000 267.684000 365.900000
264.070000 372.880000 271.085000 365.872000
267.432000 372.989000 274.439000 365.841000
270.777000 373.106000 277.798000 365.822000
274.109000 373.237000 281.164000 365.801000
277.433000 373.382000 284.504000 365.806000
280.759000 373.510000 287.811000 365.797000
284.056000 373.639000 291.136000 365.785000
287.359000 373.744000 294.442000 365.746000
290.660000 373.828000 297.775000 365.707000
293.948000 373.891000 301.045000 365.652000
297.238000 373.938000 304.301000 365.580000
300.521000 373.989000 307.570000 365.526000
303.768000 374.045000 310.817000 365.465000
306.958000 374.123000 314.069000 365.401000
310.147000 374.188000 317.285000 365.333000
313.322000 374.161000 320.439000 365.256000
316.484000 374.148000 323.617000 365.176000
319.614000 374.138000 326.742000 365.104000
322.711000 374.135000 329.819000 365.035000
327.763000 374.208000 334.860000 364.984000
333.662000 374.729000 340.707000 365.330000
336.511000 375.320000 343.584000 365.793000
339.277000 376.113000 346.330000 366.461000
341.981000 377.122000 349.019000 367.340000
344.607000 378.329000 351.656000 368.412000
348.867000 380.643000 355.974000 370.520000
352.189000 382.677000 359.397000 372.393000
354.673000 384.163000 361.960000 373.777000
357.133000 385.603000 364.514000 375.103000
359.607000 386.902000 367.081000 376.280000
362.135000 388.008000 369.683000 377.281000
365.630000 389.180000 373.273000 378.312000
370.099000 390.097000 377.816000 379.065000
372.866000 390.360000 380.594000 379.240000
375.711000 390.486000 383.408000 379.230000
378.594000 390.501000 386.272000 379.084000
381.526000 390.393000 389.212000 378.827000
384.546000 390.181000 392.186000 378.489000
387.630000 389.911000 395.243000 378.097000
390.756000 389.595000 398.343000 377.654000
393.900000 389.296000 401.427000 377.232000
397.036000 388.983000 404.545000 376.792000
400.126000 388.615000 407.608000 376.300000
404.973000 387.898000 412.390000 375.398000
408.253000 387.059000 415.673000 374.447000
410.963000 385.896000 418.313000 373.173000
413.997000 383.545000 421.254000 370.766000
416.123000 380.517000 423.208000 367.593000
417.168000 377.526000 424.102000 364.500000
417.409000 375.566000 424.323000 362.494000
417.546000 373.599000 424.348000 360.424000
417.587000 371.618000 424.285000 358.353000
417.591000 367.688000 424.088000 354.310000
417.548000 363.803000 423.836000 350.315000
417.539000 360.623000 423.653000 347.071000
417.530000 358.119000 423.507000 344.515000
417.536000 354.404000 423.314000 340.744000
417.601000 350.591000 423.166000 336.906000
417.673000 348.669000 423.145000 334.974000
417.786000 346.082000 423.143000 332.365000
418.016000 342.077000 423.191000 328.336000
418.090000 337.761000 423.062000 323.992000
418.051000 335.424000 422.911000 321.647000
417.958000 332.974000 422.711000 319.185000
417.860000 330.443000 422.450000 316.647000
417.713000 327.892000 422.124000 314.093000
417.483000 325.340000 421.729000 311.540000
417.033000 322.796000 421.225000 309.032000
416.342000 320.296000 420.503000 306.567000
415.500000 317.847000 419.591000 304.133000
414.502000 315.486000 418.524000 301.794000
413.318000 313.202000 417.278000 299.539000
411.596000 310.261000 415.475000 296.673000
408.871000 306.040000 412.615000 292.539000
407.462000 304.022000 411.131000 290.558000
405.470000 301.373000 409.050000 287.967000
403.422000 298.744000 406.920000 285.402000
401.885000 296.709000 405.327000 283.425000
400.392000 294.640000 403.780000 281.405000
398.848000 292.569000 402.308000 279.379000
397.412000 290.464000 400.888000 277.321000
396.057000 288.363000 399.525000 275.262000
394.718000 286.280000 398.176000 273.232000
393.408000 284.209000 396.834000 271.198000
392.117000 282.094000 395.480000 269.145000
390.835000 279.983000 394.140000 267.085000
389.580000 277.838000 392.831000 264.985000
388.345000 275.666000 391.534000 262.855000
387.120000 273.483000 390.256000 260.724000
385.876000 271.265000 388.947000 258.560000
384.628000 269.049000 387.643000 256.399000
383.382000 266.843000 386.337000 254.241000
382.126000 264.656000 385.017000 252.101000
380.854000 262.504000 383.687000 249.995000
379.661000 260.395000 382.336000 247.928000
378.447000 258.284000 380.963000 245.911000
377.135000 256.232000 379.586000 243.935000
375.440000 253.518000 377.776000 241.335000
373.865000 250.774000 375.965000 238.729000
372.665000 248.713000 374.569000 236.754000
371.441000 246.608000 373.141000 234.739000
370.121000 244.463000 371.667000 232.675000
368.786000 242.237000 370.152000 230.569000
367.366000 239.970000 368.586000 228.398000
365.937000 237.647000 366.996000 226.192000
364.499000 235.304000 365.403000 223.939000
363.019000 232.909000 363.809000 221.636000
361.596000 230.472000 362.219000 219.301000
360.150000 227.994000 360.638000 216.934000
358.665000 225.507000 359.045000 214.555000
357.174000 222.972000 357.384000 212.141000
355.627000 220.415000 355.658000 209.716000
353.989000 217.851000 353.852000 207.256000
352.286000 215.269000 352.000000 204.772000
350.557000 212.644000 350.133000 202.256000
348.805000 209.959000 348.234000 199.685000
347.033000 207.222000 346.304000 197.061000
345.274000 204.441000 344.385000 194.408000
343.610000 201.606000 342.480000 191.741000
341.902000 198.807000 340.586000 189.082000
340.154000 196.026000 338.708000 186.424000
338.423000 193.227000 336.840000 183.734000
336.746000 190.408000 334.974000 181.036000
335.072000 187.583000 333.117000 178.321000
333.375000 184.761000 331.256000 175.584000
331.692000 181.921000 329.414000 172.847000
330.034000 179.088000 327.583000 170.107000
328.431000 176.315000 325.801000 167.437000
326.949000 173.674000 324.124000 164.912000
325.546000 171.219000 322.549000 162.539000
324.209000 168.946000 321.082000 160.330000
322.867000 166.730000 319.606000 158.175000
321.485000 164.552000 318.109000 156.064000
320.088000 162.400000 316.632000 153.974000
318.741000 160.215000 315.190000 151.853000
317.400000 157.980000 313.744000 149.692000
316.051000 155.718000 312.279000 147.511000
314.624000 153.455000 310.761000 145.304000
313.142000 151.158000 309.204000 143.063000
311.650000 148.811000 307.623000 140.788000
310.129000 146.399000 306.008000 138.448000
308.562000 143.937000 304.352000 136.054000
306.900000 141.438000 302.647000 133.620000
305.146000 138.921000 300.880000 131.164000
303.390000 136.368000 299.070000 128.673000
301.600000 133.773000 297.228000 126.146000
299.813000 131.112000 295.369000 123.571000
298.034000 128.411000 293.475000 120.946000
296.245000 125.653000 291.572000 118.277000
294.478000 122.853000 289.670000 115.575000
292.699000 119.988000 287.734000 112.806000
290.890000 117.074000 285.785000 109.998000
289.093000 114.117000 283.818000 107.159000
287.279000 111.179000 281.841000 104.320000
285.496000 108.247000 279.872000 101.498000
283.712000 105.321000 277.907000 98.696800
281.941000 102.418000 275.957000 95.915700
280.180000 99.542800 274.017000 93.157800
278.432000 96.714700 272.114000 90.432800
276.697000 93.930400 270.233000 87.739500
274.978000 91.198600 268.378000 85.101900
273.265000 88.504000 266.546000 82.509800
271.555000 85.865300 264.710000 79.947600
269.860000 83.253900 262.882000 77.420900
268.257000 80.623300 261.085000 74.934700
266.656000 78.039500 259.325000 72.469300
265.067000 75.490300 257.586000 70.026000
263.501000 72.976200 255.879000 67.610500
261.955000 70.495200 254.210000 65.223900
260.423000 68.039500 252.548000 62.857900
258.832000 65.664700 250.909000 60.535300
257.259000 63.335900 249.306000 58.234200
255.761000 61.011400 247.764000 55.954900
254.407000 58.657200 246.345000 53.656400
253.242000 56.229100 245.096000 51.281800
252.316000 53.750500 244.071000 48.836300
251.640000 51.233500 243.284000 46.347200
251.205000 48.696400 242.743000 43.839400
250.972000 46.183000 242.403000 41.337200
250.875000 43.753700 242.194000 38.904100
250.870000 41.446100 242.048000 36.570200
250.882000 39.245200 241.888000 34.314200
250.643000 36.422200 241.496000 31.487300
250.220000 34.431500 240.969000 29.494000
249.550000 32.522400 240.226000 27.610500
248.682000 30.805900 239.258000 25.901600
247.595000 29.296200 238.047000 24.396900
246.326000 27.986800 236.670000 23.101700
244.806000 26.870500 235.117000 22.046900
243.208000 26.046200 233.449000 21.271400
240.630000 25.297800 230.818000 20.641800
238.180000 25.236700 228.300000 20.692600
236.445000 25.694400 226.533000 21.218900
235.019000 26.634000 225.121000 22.193100
233.665000 28.270000 223.884000 23.881700
232.718000 30.623800 223.090000 26.262700
232.147000 33.563900 222.752000 29.231900
231.824000 37.057400 222.726000 32.739400
231.614000 41.054700 222.819000 36.771000
231.433000 44.798200 222.929000 40.514000
231.347000 47.155400 223.036000 42.880200
231.268000 49.608400 223.159000 45.333800
231.198000 52.173000 223.301000 47.903000
231.113000 55.734600 223.508000 51.483100
231.018000 58.532000 223.667000 54.261900
230.923000 61.468300 223.843000 57.172400
230.782000 64.386400 223.981000 60.094700
230.554000 67.301200 224.041000 63.032600
230.383000 70.279400 224.140000 66.018000
230.163000 75.267300 224.340000 71.025600
230.020000 78.298400 224.458000 74.071900
229.860000 81.328400 224.552000 77.099300
229.706000 84.362900 224.672000 80.152100
229.541000 87.373000 224.792000 83.203600
229.435000 90.397300 224.939000 86.226500
229.291000 93.393700 225.045000 89.198400
229.096000 96.389100 225.104000 92.166400
228.956000 99.404300 225.221000 95.177700
228.828000 102.424000 225.341000 98.184900
228.620000 106.515000 225.475000 102.265000
228.493000 109.618000 225.607000 105.364000
228.345000 112.766000 225.724000 108.529000
228.262000 115.954000 225.851000 111.706000
228.174000 119.124000 225.970000 114.868000
228.063000 122.300000 226.076000 118.035000
227.924000 125.439000 226.167000 121.175000
227.800000 128.526000 226.277000 124.283000
227.652000 131.598000 226.359000 127.338000
227.535000 134.639000 226.467000 130.371000
227.347000 139.648000 226.645000 135.382000
227.255000 142.592000 226.763000 138.325000
227.110000 145.501000 226.822000 141.259000
226.959000 149.421000 226.947000 145.133000
226.876000 152.286000 227.060000 147.993000
226.801000 155.135000 227.181000 150.820000
226.732000 157.929000 227.298000 153.606000
226.671000 160.677000 227.417000 156.351000
226.582000 163.434000 227.509000 159.107000
226.485000 166.141000 227.584000 161.813000
226.325000 170.608000 227.702000 166.277000
226.194000 174.156000 227.791000 169.819000
226.070000 177.757000 227.893000 173.405000
225.937000 181.446000 228.004000 177.072000
225.791000 185.147000 228.113000 180.754000
225.625000 188.792000 228.209000 184.377000
225.528000 191.491000 228.304000 187.091000
225.410000 194.173000 228.380000 189.773000
225.276000 197.756000 228.495000 193.326000
225.220000 200.434000 228.612000 195.979000
225.106000 204.886000 228.792000 200.427000
225.032000 208.368000 228.947000 203.903000
224.928000 212.679000 229.125000 208.197000
224.873000 215.257000 229.253000 210.749000
224.807000 217.750000 229.383000 213.230000
224.381000 221.010000 229.541000 216.536000
224.135000 223.490000 229.669000 219.047000
223.959000 226.041000 229.814000 221.600000
223.802000 228.646000 229.943000 224.201000
223.649000 231.284000 230.066000 226.847000
223.465000 234.057000 230.171000 229.573000
223.160000 237.809000 230.240000 233.269000
222.898000 241.637000 230.320000 237.040000
222.733000 244.464000 230.397000 239.852000
222.516000 247.298000 230.467000 242.642000
222.327000 250.092000 230.545000 245.406000
222.168000 252.841000 230.641000 248.130000
222.036000 255.573000 230.753000 250.862000
221.918000 258.265000 230.873000 253.548000
221.784000 260.910000 230.966000 256.205000
221.649000 263.519000 231.047000 258.835000
221.536000 266.125000 231.160000 261.461000
221.415000 268.696000 231.262000 264.043000
221.154000 273.532000 231.411000 268.888000
221.027000 277.673000 231.628000 273.006000
221.161000 281.071000 232.049000 276.391000
221.365000 284.047000 232.520000 279.339000
221.389000 287.111000 232.841000 282.351000
220.932000 289.992000 232.690000 285.213000
220.190000 291.820000 232.130000 287.091000
219.054000 293.513000 231.152000 288.894000
217.371000 295.177000 229.594000 290.691000
215.445000 296.400000 227.723000 292.064000
214.043000 296.981000 226.307000 292.752000
212.393000 297.367000 224.606000 293.267000
210.497000 297.523000 222.651000 293.609000
206.918000 297.510000 218.847000 293.847000
201.889000 297.335000 213.703000 294.020000
198.089000 297.235000 209.808000 294.197000
194.998000 297.170000 206.721000 294.357000
191.702000 297.088000 203.445000 294.513000
188.259000 296.973000 199.957000 294.659000
184.688000 296.837000 196.364000 294.787000
180.991000 296.697000 192.660000 294.930000
177.262000 296.546000 188.908000 295.047000
173.558000 296.375000 185.200000 295.149000
169.919000 296.278000 181.515000 295.263000
166.317000 296.216000 177.823000 295.373000
162.711000 296.177000 174.147000 295.471000
159.135000 296.120000 170.489000 295.577000
155.571000 296.038000 166.863000 295.678000
152.008000 295.961000 163.243000 295.785000
148.468000 295.873000 159.673000 295.891000
144.947000 295.785000 156.111000 296.007000
141.444000 295.698000 152.571000 296.121000
137.976000 295.609000 149.071000 296.238000
134.475000 295.536000 145.589000 296.349000
131.022000 295.387000 142.121000 296.435000
127.585000 295.185000 138.700000 296.459000
124.194000 294.919000 135.330000 296.403000
120.833000 294.569000 131.964000 296.277000
117.524000 294.148000 128.666000 296.066000
114.277000 293.717000 125.418000 295.843000
111.044000 293.263000 122.150000 295.600000
107.875000 292.820000 118.952000 295.362000
104.689000 292.433000 115.754000 295.175000
101.526000 292.113000 112.563000 295.048000
98.320700 291.868000 109.312000 294.999000
95.075700 291.698000 106.033000 295.025000
91.781600 291.601000 102.731000 295.137000
88.461700 291.510000 99.386200 295.284000
85.094000 291.416000 95.991700 295.426000
81.672500 291.325000 92.553500 295.566000
78.223600 291.217000 89.099400 295.701000
74.766500 291.107000 85.648400 295.823000
71.344200 290.985000 82.224400 295.929000
67.941900 290.873000 78.813500 296.037000
64.574600 290.766000 75.439900 296.153000
61.246400 290.656000 72.089900 296.261000
57.944400 290.555000 68.796100 296.370000
54.688500 290.464000 65.552300 296.481000
51.465200 290.375000 62.339300 296.591000
48.250400 290.299000 59.126300 296.716000
45.050100 290.226000 55.932200 296.832000
41.875300 290.158000 52.764500 296.949000
38.711500 290.079000 49.623600 297.065000
35.578700 289.999000 46.509400 297.179000
32.468000 289.919000 43.422600 297.305000
29.399000 289.856000 40.366500 297.438000
26.374400 289.806000 37.379700 297.566000
21.607000 289.714000 32.640000 297.779000
18.935400 289.654000 29.985500 297.885000
16.368800 289.593000 27.430800 297.984000
12.377200 289.503000 23.454800 298.149000
8.140700 289.545000 19.220600 298.474000
4.503050 289.840000 15.597900 299.017000
1.150040 290.335000 12.294700 299.732000
-2.436640 291.042000 8.754260 300.661000
-5.469630 291.865000 5.808040 301.654000
-8.250850 293.151000 3.117930 303.060000
-9.273610 294.115000 2.042280 304.146000
-10.520500 295.676000 0.889935 305.837000
-11.708500 297.866000 -0.140939 308.177000
-12.683300 301.018000 -0.896072 311.447000
-13.368700 304.910000 -1.313040 315.521000
-13.722500 309.484000 -1.353230 320.229000
