0.000000 0.000000 0.000000 0.000000
0.034938 2.516770 -0.008446 2.482270
-0.271424 4.828310 -0.363704 4.754420
-0.834805 7.548380 -0.938065 7.447420
-1.600920 10.699700 -1.751140 10.593900
-2.620930 14.216900 -2.868070 14.136400
-3.951020 18.113900 -4.256820 18.050300
-5.575590 22.389600 -5.910180 22.339700
-7.606330 26.914400 -7.925850 26.859500
-9.580700 30.864200 -9.887670 30.758000
-11.354100 34.152100 -11.684100 34.075300
-13.288300 37.616200 -13.635200 37.474000
-15.334600 41.265200 -15.674300 41.014400
-16.945200 44.035100 -17.277900 43.747500
-18.619400 46.766100 -18.906600 46.364300
-20.433800 49.433400 -20.684100 49.005400
-22.298600 52.011800 -22.571600 51.712400
-24.201300 54.596900 -24.418000 54.230000
-26.148300 57.170300 -26.359200 56.802000
-28.159700 59.695800 -28.348400 59.335300
-30.245000 62.192100 -30.420300 61.858500
-32.417400 64.669600 -32.555900 64.313800
-34.673700 67.094500 -34.814200 66.810500
-37.875200 70.262000 -37.864300 69.926000
-40.351600 72.623100 -40.332300 72.306300
-42.914500 74.957900 -42.870200 74.672000
-45.538300 77.277800 -45.465700 77.001000
-48.239000 79.596200 -48.159300 79.344000
-51.001600 81.890600 -50.906300 81.658400
-53.866500 84.134900 -53.720500 83.888200
-56.844600 86.284900 -56.688900 86.070100
-59.916500 88.359100 -59.796400 88.191300
-63.095400 90.328900 -62.896400 90.108000
-66.373300 92.200900 -66.172500 92.013400
-69.728700 93.998700 -69.559400 93.865200
-73.130600 95.728300 -72.937800 95.613200
-76.580200 97.415100 -76.350600 97.310100
-79.935300 99.006700 -79.726300 98.932800
-83.280100 100.563000 -83.076300 100.509000
-86.546800 102.033000 -86.316100 102.015000
-89.740200 103.428000 -89.465100 103.452000
-92.850300 104.784000 -92.529700 104.874000
-95.886200 106.216000 -95.576600 106.371000
-98.842900 107.719000 -98.539600 107.932000
-101.700000 109.333000 -101.371000 109.550000
-104.475000 111.065000 -104.118000 111.286000
-107.124000 112.860000 -106.716000 113.099000
-109.641000 114.711000 -109.205000 114.961000
-112.022000 116.590000 -111.535000 116.845000
-114.285000 118.495000 -113.766000 118.802000
-116.434000 120.414000 -115.842000 120.752000
-118.446000 122.324000 -117.838000 122.736000
-120.305000 124.211000 -119.692000 124.699000
-122.023000 126.144000 -121.414000 126.685000
-124.609000 129.464000 -124.049000 130.154000
-127.326000 133.694000 -126.774000 134.474000
-129.799000 138.221000 -129.253000 139.080000
-132.254000 143.168000 -131.696000 144.122000
-134.589000 148.626000 -134.036000 149.723000
-136.447000 154.717000 -135.970000 155.946000
-137.415000 160.268000 -136.979000 161.628000
-137.770000 165.000000 -137.338000 166.450000
-137.798000 168.692000 -137.391000 170.275000
-137.603000 172.461000 -137.172000 174.023000
-137.176000 176.307000 -136.751000 177.917000
-136.257000 181.545000 -135.848000 183.415000
-134.921000 186.888000 -134.489000 188.806000
-133.204000 192.272000 -132.673000 194.465000
-131.621000 196.301000 -131.034000 198.516000
-129.756000 200.306000 -129.061000 202.569000
-127.547000 204.190000 -126.857000 206.348000
-124.994000 207.898000 -124.180000 210.197000
-122.129000 211.424000 -121.210000 213.820000
-119.004000 214.748000 -117.980000 217.248000
-115.657000 217.895000 -114.571000 220.403000
-112.140000 220.829000 -110.929000 223.374000
-108.535000 223.465000 -107.263000 225.960000
-104.830000 225.798000 -103.415000 228.355000
-101.071000 227.793000 -99.615100 230.322000
-97.287500 229.454000 -95.691200 232.042000
-93.511700 230.819000 -91.829400 233.433000
-89.807100 231.913000 -87.959800 234.603000
-86.138400 232.764000 -84.200600 235.479000
-82.509700 233.373000 -80.580500 236.053000
-78.953000 233.774000 -76.885800 236.469000
-75.468200 233.979000 -73.269900 236.695000
-69.951200 234.094000 -67.609500 236.814000
-66.744400 234.090000 -64.431600 236.785000
-63.631300 234.073000 -61.270100 236.756000
-60.588200 234.081000 -58.190500 236.757000
-57.590000 234.130000 -55.185200 236.787000
-54.631300 234.221000 -52.164900 236.874000
-51.691800 234.381000 -49.156400 237.059000
-48.790000 234.601000 -46.281700 237.275000
-45.914700 234.881000 -43.424100 237.549000
-42.109700 235.348000 -39.560100 238.021000
-39.291200 235.758000 -36.728700 238.427000
-36.516500 236.243000 -33.992800 238.900000
-33.744500 236.786000 -31.237500 239.424000
-30.928000 237.349000 -28.444600 239.973000
-28.077900 237.945000 -25.599700 240.568000
-24.247700 238.792000 -21.822900 241.403000
-21.362900 239.490000 -18.915100 242.128000
-18.527600 240.269000 -16.068800 242.911000
-15.716500 241.163000 -13.281500 243.788000
-12.944200 242.152000 -10.601300 244.743000
-10.202200 243.217000 -7.908810 245.791000
-7.504110 244.352000 -5.275710 246.887000
-4.863900 245.543000 -2.646960 248.064000
-2.279280 246.794000 -0.034404 249.323000
0.218328 248.106000 2.484550 250.633000
2.670980 249.481000 4.934790 251.999000
5.864990 251.410000 8.111480 253.899000
8.235130 252.948000 10.473000 255.382000
10.583700 254.573000 12.904600 256.934000
12.953300 256.177000 15.294200 258.465000
15.346400 257.781000 17.709300 260.024000
17.751000 259.400000 20.118100 261.605000
20.188900 261.030000 22.612900 263.246000
22.647700 262.667000 25.119500 264.903000
25.099500 264.306000 27.534100 266.511000
27.525800 265.954000 29.943700 268.153000
29.936300 267.632000 32.341600 269.835000
32.286100 269.361000 34.672300 271.558000
34.606200 271.144000 36.956300 273.325000
36.885200 273.027000 39.198100 275.187000
39.097100 274.998000 41.420000 277.177000
41.290800 277.097000 43.563900 279.233000
43.439300 279.297000 45.682900 281.400000
45.513200 281.622000 47.752600 283.706000
47.514200 284.071000 49.773500 286.148000
49.431800 286.627000 51.705300 288.692000
51.294100 289.274000 53.577200 291.325000
53.101300 292.012000 55.388700 294.040000
54.875200 294.810000 57.146300 296.787000
56.646400 297.643000 58.924700 299.595000
59.648200 302.439000 61.995000 304.428000
61.454600 305.353000 63.819900 307.348000
63.200700 308.299000 65.591800 310.310000
64.834900 311.301000 67.221000 313.284000
66.336200 314.343000 68.758300 316.374000
67.697600 317.423000 70.107300 319.427000
68.911200 320.538000 71.368400 322.582000
70.064400 323.661000 72.545000 325.708000
71.185100 326.783000 73.656500 328.784000
72.239800 329.914000 74.730900 331.936000
73.225400 333.066000 75.733400 335.109000
74.153900 336.190000 76.656800 338.186000
75.041700 339.278000 77.580100 341.316000
75.962000 342.229000 78.543100 344.335000
76.940600 345.020000 79.561200 347.147000
77.905700 347.705000 80.555600 349.833000
79.076500 351.282000 81.779400 353.424000
79.788400 353.971000 82.520500 356.084000
80.289200 356.680000 83.056700 358.782000
80.544200 359.423000 83.353100 361.509000
80.554000 362.182000 83.399200 364.237000
80.325300 364.950000 83.213700 367.044000
79.815400 368.705000 82.746600 370.772000
79.426000 371.601000 82.386500 373.681000
79.075400 374.578000 82.061900 376.703000
78.730700 377.661000 81.744200 379.805000
78.363900 380.853000 81.404400 382.990000
77.980500 384.120000 81.056800 386.278000
77.592400 387.447000 80.700800 389.670000
77.144300 390.785000 80.285900 393.050000
76.588800 394.104000 79.766600 396.402000
75.936900 397.401000 79.150600 399.709000
75.201900 400.641000 78.453600 402.964000
74.425000 403.843000 77.704300 406.193000
73.595400 407.019000 76.915300 409.345000
72.695800 410.200000 76.054500 412.566000
71.763300 413.391000 75.154400 415.786000
70.831100 416.589000 74.258000 419.004000
69.879200 419.804000 73.342700 422.255000
68.897200 423.028000 72.395800 425.525000
67.907300 426.232000 71.432600 428.764000
66.944900 429.428000 70.490700 432.000000
65.999800 432.613000 69.566900 435.245000
65.091800 435.764000 68.678100 438.441000
64.209400 438.896000 67.816600 441.595000
63.347500 441.977000 66.980000 444.709000
62.511400 445.013000 66.159800 447.763000
61.681000 448.005000 65.340000 450.796000
60.859900 450.936000 64.534900 453.753000
60.047500 453.821000 63.739300 456.674000
59.227900 456.661000 62.942700 459.536000
58.411200 459.454000 62.162400 462.347000
57.595200 462.219000 61.392000 465.111000
56.784700 464.940000 60.621900 467.849000
55.975200 467.616000 59.846400 470.572000
55.190200 470.219000 59.101200 473.171000
53.957700 474.335000 57.920800 477.329000
52.582400 478.964000 56.626200 481.983000
51.956500 481.262000 56.037200 484.297000
51.412600 483.574000 55.524600 486.650000
51.013900 485.899000 55.156400 489.030000
50.782700 489.815000 54.970100 492.994000
51.076900 493.768000 55.330700 496.983000
51.889000 497.738000 56.198200 500.990000
53.407200 502.515000 57.806000 505.803000
55.518600 507.215000 59.988600 510.517000
56.765000 509.509000 61.275100 512.807000
58.703600 512.434000 63.249800 515.700000
60.356900 514.474000 64.932200 517.726000
62.148000 516.349000 66.746900 519.572000
64.063600 518.099000 68.716400 521.340000
67.496700 520.815000 72.225200 524.035000
72.067700 523.642000 76.905700 526.833000
76.272100 525.494000 81.171800 528.641000
78.958100 526.378000 83.877700 529.477000
81.759900 527.052000 86.716100 530.108000
84.662000 527.496000 89.664000 530.512000
87.635600 527.728000 92.662800 530.685000
90.686000 527.745000 95.805800 530.654000
93.772200 527.529000 98.947900 530.388000
96.892300 527.084000 102.079000 529.862000
100.017000 526.420000 105.242000 529.132000
103.153000 525.555000 108.410000 528.202000
106.271000 524.482000 111.533000 527.069000
109.362000 523.203000 114.612000 525.729000
112.433000 521.780000 117.676000 524.252000
115.524000 520.275000 120.765000 522.700000
118.673000 518.753000 123.880000 521.126000
121.856000 517.198000 127.035000 519.534000
125.078000 515.601000 130.229000 517.894000
128.358000 513.969000 133.473000 516.231000
131.674000 512.304000 136.772000 514.519000
135.027000 510.603000 140.109000 512.774000
138.449000 508.889000 143.492000 511.017000
141.927000 507.143000 146.941000 509.218000
145.478000 505.360000 150.483000 507.381000
149.083000 503.550000 154.047000 505.527000
152.738000 501.704000 157.694000 503.618000
156.448000 499.835000 161.385000 501.681000
160.202000 497.968000 165.119000 499.747000
163.964000 496.056000 168.861000 497.771000
167.729000 494.140000 172.608000 495.796000
171.492000 492.227000 176.367000 493.822000
175.255000 490.315000 180.092000 491.855000
179.042000 488.441000 183.841000 489.929000
182.791000 486.582000 187.577000 488.027000
186.535000 484.746000 191.296000 486.148000
190.260000 482.920000 194.992000 484.275000
193.959000 481.082000 198.663000 482.380000
197.613000 479.239000 202.286000 480.480000
201.204000 477.375000 205.838000 478.572000
204.750000 475.503000 209.389000 476.641000
208.185000 473.649000 212.831000 474.728000
211.460000 471.853000 216.071000 472.896000
214.577000 470.138000 219.178000 471.129000
217.532000 468.526000 222.127000 469.469000
220.383000 467.052000 224.968000 467.951000
223.214000 465.752000 227.767000 466.625000
226.038000 464.645000 230.563000 465.492000
228.916000 463.705000 233.451000 464.518000
231.845000 462.947000 236.378000 463.732000
234.791000 462.397000 239.341000 463.137000
239.802000 461.909000 244.331000 462.566000
242.887000 461.959000 247.359000 462.562000
246.015000 462.301000 250.426000 462.839000
249.116000 462.905000 253.529000 463.401000
252.218000 463.815000 256.638000 464.239000
255.284000 464.992000 259.641000 465.322000
258.284000 466.431000 262.636000 466.693000
261.213000 468.115000 265.541000 468.303000
264.039000 470.009000 268.361000 470.151000
266.771000 472.095000 271.110000 472.189000
269.445000 474.302000 273.803000 474.344000
272.080000 476.625000 276.459000 476.608000
274.679000 479.000000 279.087000 478.942000
277.233000 481.387000 281.689000 481.301000
279.748000 483.771000 284.254000 483.654000
282.202000 486.121000 286.757000 485.959000
284.600000 488.362000 289.217000 488.175000
286.935000 490.428000 291.615000 490.232000
289.240000 492.294000 293.979000 492.084000
292.944000 494.909000 297.721000 494.648000
297.158000 497.296000 302.040000 497.016000
299.275000 498.080000 304.160000 497.753000
301.409000 498.553000 306.322000 498.235000
304.383000 498.847000 309.290000 498.450000
306.550000 498.688000 311.503000 498.254000
308.665000 498.230000 313.637000 497.786000
311.472000 497.411000 316.522000 496.929000
313.551000 496.634000 318.666000 496.139000
316.287000 495.404000 321.466000 494.887000
318.242000 494.294000 323.457000 493.754000
320.068000 492.959000 325.309000 492.389000
321.692000 491.423000 326.960000 490.805000
323.425000 489.102000 328.745000 488.479000
325.381000 485.451000 330.709000 484.689000
326.713000 481.490000 331.974000 480.571000
327.200000 477.981000 332.413000 476.965000
326.987000 473.575000 332.140000 472.482000
326.102000 468.984000 331.155000 467.794000
325.013000 464.947000 329.999000 463.752000
324.271000 462.430000 329.223000 461.261000
323.503000 459.821000 328.412000 458.709000
322.702000 457.138000 327.553000 456.054000
321.867000 454.376000 326.650000 453.316000
320.998000 451.547000 325.719000 450.524000
320.102000 448.673000 324.765000 447.695000
319.195000 445.777000 323.801000 444.856000
318.246000 442.870000 322.813000 442.001000
317.322000 439.959000 321.831000 439.108000
316.441000 437.029000 320.894000 436.215000
315.615000 434.093000 320.014000 433.314000
314.867000 431.133000 319.196000 430.374000
314.214000 428.165000 318.466000 427.420000
313.695000 425.188000 317.902000 424.476000
313.294000 422.195000 317.449000 421.521000
313.027000 419.186000 317.130000 418.547000
312.882000 416.180000 316.919000 415.550000
312.854000 413.168000 316.817000 412.551000
312.938000 410.161000 316.832000 409.556000
313.204000 406.159000 317.009000 405.577000
313.520000 403.163000 317.264000 402.583000
313.924000 400.189000 317.603000 399.608000
314.411000 397.252000 318.021000 396.674000
314.957000 394.351000 318.506000 393.750000
315.564000 391.486000 319.048000 390.867000
316.211000 388.683000 319.638000 388.057000
316.876000 385.970000 320.263000 385.351000
317.575000 383.412000 320.910000 382.791000
318.941000 378.965000 322.201000 378.330000
320.052000 374.977000 323.321000 374.362000
320.668000 371.084000 323.970000 370.408000
320.471000 367.917000 323.787000 367.202000
319.295000 364.228000 322.605000 363.508000
317.527000 361.353000 320.796000 360.647000
314.660000 358.106000 317.867000 357.445000
312.411000 355.890000 315.562000 355.294000
310.550000 354.172000 313.648000 353.608000
308.615000 352.322000 311.669000 351.799000
306.605000 350.378000 309.638000 349.901000
304.523000 348.355000 307.509000 347.917000
302.392000 346.250000 305.315000 345.856000
300.222000 344.066000 303.100000 343.740000
298.038000 341.820000 300.884000 341.577000
295.864000 339.531000 298.679000 339.381000
293.721000 337.180000 296.497000 337.119000
291.614000 334.765000 294.343000 334.791000
289.625000 332.265000 292.299000 332.374000
287.765000 329.651000 290.386000 329.845000
286.027000 326.960000 288.552000 327.208000
284.368000 324.191000 286.803000 324.489000
282.783000 321.333000 285.148000 321.694000
281.254000 318.389000 283.550000 318.805000
279.770000 315.380000 281.991000 315.868000
278.276000 312.334000 280.428000 312.888000
276.767000 309.235000 278.829000 309.833000
275.261000 306.088000 277.242000 306.738000
273.733000 302.874000 275.638000 303.566000
272.150000 299.627000 274.014000 300.391000
270.558000 296.319000 272.366000 297.140000
268.928000 292.958000 270.672000 293.829000
267.209000 289.597000 268.894000 290.545000
265.371000 286.246000 266.977000 287.264000
263.426000 282.914000 264.957000 284.009000
261.398000 279.575000 262.850000 280.744000
259.310000 276.282000 260.682000 277.531000
257.219000 272.951000 258.509000 274.273000
255.063000 269.605000 256.306000 271.031000
252.900000 266.234000 254.079000 267.759000
250.694000 262.819000 251.827000 264.467000
248.445000 259.400000 249.538000 261.158000
246.199000 255.959000 247.212000 257.813000
243.945000 252.494000 244.885000 254.456000
241.668000 248.995000 242.551000 251.075000
239.340000 245.466000 240.172000 247.647000
236.972000 241.887000 237.762000 244.167000
234.567000 238.291000 235.321000 240.661000
232.145000 234.673000 232.899000 237.174000
229.678000 231.025000 230.448000 233.670000
227.177000 227.383000 227.938000 230.166000
224.660000 223.740000 225.399000 226.649000
222.131000 220.114000 222.849000 223.154000
219.599000 216.482000 220.279000 219.639000
217.082000 212.846000 217.708000 216.096000
214.589000 209.212000 215.126000 212.509000
212.128000 205.571000 212.605000 208.945000
209.697000 201.903000 210.128000 205.384000
207.297000 198.219000 207.671000 201.825000
204.947000 194.527000 205.234000 198.219000
202.671000 190.802000 202.869000 194.561000
200.464000 187.029000 200.581000 190.831000
198.335000 183.227000 198.376000 187.096000
196.246000 179.389000 196.217000 183.305000
194.226000 175.567000 194.126000 179.547000
192.262000 171.701000 192.055000 175.741000
190.351000 167.825000 190.032000 171.946000
188.444000 163.927000 188.007000 168.107000
186.577000 159.995000 186.017000 164.214000
184.717000 156.053000 184.050000 160.338000
182.856000 152.111000 182.090000 156.491000
181.008000 148.161000 180.127000 152.595000
179.193000 144.218000 178.207000 148.740000
177.399000 140.261000 176.287000 144.856000
175.581000 136.282000 174.385000 140.994000
173.757000 132.355000 172.465000 137.150000
171.869000 128.470000 170.449000 133.305000
169.891000 124.663000 168.344000 129.545000
167.789000 120.925000 166.121000 125.855000
165.552000 117.271000 163.783000 122.271000
163.184000 113.699000 161.329000 118.812000
160.696000 110.207000 158.759000 115.449000
158.119000 106.814000 156.094000 112.165000
155.477000 103.476000 153.351000 108.928000
152.774000 100.171000 150.568000 105.733000
149.997000 96.894700 147.750000 102.597000
147.172000 93.652900 144.860000 99.445300
144.267000 90.480100 141.872000 96.336700
141.308000 87.358200 138.808000 93.293900
138.314000 84.231400 135.723000 90.261800
135.310000 81.084900 132.638000 87.225000
132.298000 77.909800 129.568000 84.167400
129.267000 74.737400 126.462000 81.087800
126.238000 71.571900 123.375000 78.000800
123.190000 68.387600 120.255000 74.890400
120.130000 65.208400 117.106000 71.786400
117.037000 62.039400 113.978000 68.750900
113.916000 58.872500 110.813000 65.722000
110.730000 55.703200 107.595000 62.695600
107.554000 52.536200 104.355000 59.649300
104.355000 49.337900 101.081000 56.583200
101.186000 46.194800 97.842700 53.553000
98.007500 43.026800 94.608000 50.516200
94.811100 39.863800 91.369800 47.487900
91.616800 36.688200 88.169500 44.476100
88.468600 33.517600 84.951900 41.418600
85.315200 30.350600 81.737100 38.364400
82.168000 27.186900 78.536100 35.304400
79.038200 24.014000 75.322400 32.223700
75.922400 20.839200 72.119500 29.135300
72.815800 17.647800 68.939500 26.054500
69.680600 14.465400 65.722300 22.952000
66.523700 11.266600 62.570100 19.892900
63.362700 8.072660 59.389700 16.808900
60.240600 4.874800 56.247100 13.735500
57.127500 1.655680 53.075000 10.621600
54.028900 -1.555700 49.941100 7.555920
50.966800 -4.761090 46.825200 4.495870
47.942500 -7.950470 43.734600 1.428060
44.902400 -11.163000 40.725700 -1.539070
41.910700 -14.274200 37.712300 -4.515110
39.010100 -17.313700 34.772800 -7.420490
36.295700 -20.310000 31.988800 -10.300600
33.704900 -23.203000 29.300700 -13.107200
31.290100 -26.023800 26.766100 -15.853500
26.927900 -31.196400 22.251100 -20.853600
23.208400 -35.367700 18.322300 -24.955800
19.734300 -38.186500 14.727200 -27.746200
16.396600 -39.597700 11.279400 -29.149900
13.657400 -39.805600 8.449580 -29.370400
10.700500 -39.071200 5.377130 -28.571800
8.088430 -37.389900 2.734990 -26.689800
5.946330 -34.788200 0.663866 -23.815000
4.467980 -31.371800 -0.713745 -20.097300
3.550010 -27.354300 -1.490700 -15.757200
2.824130 -22.911900 -2.030010 -10.961200
2.119850 -18.119700 -2.572220 -5.861980
1.437820 -13.039500 -3.080180 -0.545715
0.914029 -8.934950 -3.450020 3.664730
0.572467 -6.591430 -3.680370 6.046210
-0.233814 -2.148100 -4.203050 10.596100
-1.128800 2.027760 -4.820830 14.805300
-1.682530 4.091750 -5.220950 16.835600
-2.326850 6.156890 -5.709260 18.877900
-3.006580 8.222650 -6.259210 20.932600
