0.000000 0.000000 0.000000 0.000000
0.417005 1.399470 0.421008 1.427660
1.399780 2.733370 1.438100 2.801670
3.131900 4.000370 3.242650 4.129620
5.789740 5.152040 6.037820 5.337370
9.421850 6.260270 9.760160 6.458030
13.862000 7.350290 14.186100 7.519640
18.672700 8.147360 18.943700 8.273490
21.156300 8.311050 21.480900 8.436580
23.668300 8.211110 23.966800 8.323910
26.168900 7.855570 26.411600 7.941840
28.631000 7.246690 28.881300 7.313580
31.011600 6.452450 31.279800 6.511830
33.310100 5.495460 33.598100 5.549460
36.249100 3.963230 36.525300 4.014000
39.707400 1.915650 40.043500 1.939650
44.016500 -0.795229 44.347900 -0.766978
48.961600 -3.622610 49.225100 -3.563360
53.399400 -6.170360 53.664500 -6.119520
57.889000 -8.733350 58.060500 -8.646790
63.209000 -11.720600 63.324900 -11.615000
65.794700 -13.245600 65.884600 -13.140200
68.306200 -14.789500 68.403300 -14.676800
70.774900 -16.359300 70.894900 -16.254200
73.207200 -17.930400 73.379300 -17.848900
75.585200 -19.500100 75.739500 -19.418100
78.773300 -21.545100 78.861500 -21.422200
81.144900 -23.055500 81.275100 -22.953300
83.517200 -24.535100 83.647800 -24.435200
85.944800 -25.905900 86.038700 -25.781000
88.405400 -27.177600 88.517600 -27.059600
90.880700 -28.339300 91.024600 -28.239400
93.409000 -29.395100 93.548200 -29.284600
95.936800 -30.363600 96.077300 -30.253700
101.038000 -32.195600 101.185000 -32.093300
103.588000 -33.023600 103.704000 -32.924700
106.171000 -33.809900 106.286000 -33.717600
108.752000 -34.534000 108.864000 -34.442200
112.222000 -35.432400 112.331000 -35.345100
115.715000 -36.218200 115.829000 -36.145900
118.337000 -36.794500 118.455000 -36.718200
120.956000 -37.311300 121.078000 -37.230500
123.575000 -37.808700 123.725000 -37.742700
126.178000 -38.305900 126.292000 -38.216900
128.749000 -38.789200 128.860000 -38.682100
131.294000 -39.254800 131.378000 -39.130600
133.800000 -39.697600 133.875000 -39.580500
136.267000 -40.152800 136.316000 -40.018400
141.108000 -40.918600 141.138000 -40.770100
144.276000 -41.248400 144.281000 -41.100900
146.590000 -41.366900 146.573000 -41.213100
149.647000 -41.364900 149.613000 -41.215900
153.394000 -41.216700 153.375000 -41.101100
156.393000 -41.138700 156.353000 -41.065100
159.364000 -41.123000 159.332000 -41.081600
161.542000 -41.143400 161.478000 -41.129700
164.399000 -41.185900 164.321000 -41.203800
167.853000 -41.036700 167.702000 -41.084700
170.511000 -40.718000 170.312000 -40.784800
173.035000 -40.234400 172.808000 -40.311900
175.466000 -39.643400 175.236000 -39.727200
177.841000 -38.998200 177.643000 -39.097200
179.650000 -38.468200 179.437000 -38.574200
181.442000 -37.953900 181.256000 -38.074000
183.883000 -37.195900 183.711000 -37.349500
186.937000 -36.097600 186.762000 -36.296700
190.658000 -34.453500 190.492000 -34.714800
193.922000 -32.984300 193.744000 -33.268200
196.669000 -31.788800 196.492000 -32.075700
200.096000 -30.282700 199.874000 -30.615900
202.149000 -29.377600 201.922000 -29.736500
204.205000 -28.490400 203.985000 -28.870900
206.280000 -27.683400 206.085000 -28.069700
208.395000 -26.949400 208.191000 -27.361000
210.511000 -26.248300 210.318000 -26.671100
212.653000 -25.542700 212.439000 -25.986200
214.826000 -24.841600 214.588000 -25.288100
217.764000 -23.852800 217.510000 -24.324000
219.973000 -23.037400 219.700000 -23.541800
222.925000 -21.881000 222.622000 -22.440600
225.152000 -20.985700 224.806000 -21.586800
227.344000 -20.081200 227.024000 -20.695600
229.508000 -19.129900 229.198000 -19.767600
231.651000 -18.149600 231.350000 -18.813400
233.843000 -17.155100 233.540000 -17.843100
235.999000 -16.152200 235.697000 -16.864300
238.137000 -15.117600 237.856000 -15.861800
241.017000 -13.683500 240.728000 -14.473900
244.598000 -11.832700 244.341000 -12.658400
246.748000 -10.721100 246.485000 -11.584600
248.917000 -9.608050 248.676000 -10.488400
251.088000 -8.470390 250.876000 -9.355320
253.243000 -7.325540 253.047000 -8.234090
255.392000 -6.152610 255.208000 -7.091040
258.918000 -4.128430 258.821000 -5.087010
262.344000 -1.883060 262.304000 -2.866470
264.303000 -0.414263 264.301000 -1.401830
266.252000 1.068530 266.312000 0.085838
268.266000 2.447330 268.372000 1.455960
271.717000 4.604380 271.893000 3.589880
273.843000 5.855790 274.036000 4.807390
275.985000 7.082600 276.208000 6.011080
278.138000 8.291750 278.423000 7.216000
281.098000 9.935070 281.418000 8.830670
285.578000 12.544900 285.921000 11.371400
288.581000 14.395100 288.960000 13.191100
290.838000 15.905200 291.250000 14.682500
293.039000 17.443800 293.480000 16.205600
295.227000 19.012700 295.717000 17.786800
297.464000 20.641900 297.919000 19.443800
299.779000 22.416900 300.100000 21.211200
302.128000 24.245000 302.236000 22.981400
304.394000 26.128700 304.399000 24.839000
306.583000 28.076300 306.534000 26.742100
308.736000 30.046500 308.638000 28.648900
310.836000 32.040100 310.712000 30.582500
312.863000 34.075800 312.764000 32.604000
314.844000 36.138000 314.731000 34.600700
316.781000 38.218000 316.680000 36.658000
318.687000 40.328600 318.597000 38.736900
321.198000 43.118800 321.128000 41.501000
323.106000 45.233500 323.043000 43.583800
325.044000 47.326800 324.992000 45.649400
327.056000 49.394800 327.036000 47.690200
329.139000 51.448600 329.166000 49.733400
331.267000 53.434100 331.308000 51.678500
333.479000 55.397200 333.574000 53.641700
335.739000 57.349500 335.863000 55.562000
338.040000 59.283100 338.206000 57.484500
340.389000 61.199400 340.587000 59.371400
342.763000 63.097600 343.010000 61.253300
345.151000 64.959200 345.468000 63.111900
347.581000 66.807200 347.923000 64.927900
349.993000 68.626800 350.352000 66.731200
352.436000 70.437000 352.831000 68.546500
354.885000 72.242200 355.295000 70.353000
357.324000 74.048500 357.734000 72.144100
359.770000 75.852600 360.196000 73.945800
362.213000 77.655900 362.640000 75.728800
364.647000 79.451700 365.085000 77.492500
367.053000 81.229800 367.499000 79.229600
369.402000 82.999500 369.862000 80.966200
372.393000 85.288200 372.861000 83.207600
374.498000 86.944500 374.995000 84.841400
376.478000 88.495600 376.996000 86.373400
378.371000 89.933700 378.902000 87.790900
380.183000 91.300900 380.751000 89.150300
383.079000 93.373000 383.667000 91.206400
385.476000 94.921900 386.046000 92.713900
387.359000 96.029300 387.939000 93.796200
389.298000 97.086300 389.934000 94.852100
391.334000 98.175000 391.986000 95.906300
393.414000 99.267000 394.070000 96.962900
396.276000 100.661000 396.957000 98.317400
398.414000 101.647000 399.105000 99.263700
400.526000 102.579000 401.227000 100.154000
402.603000 103.408000 403.322000 100.947000
404.617000 104.142000 405.328000 101.632000
406.632000 104.780000 407.361000 102.234000
408.702000 105.246000 409.461000 102.680000
410.873000 105.595000 411.636000 103.004000
413.113000 105.879000 413.886000 103.263000
415.389000 106.137000 416.142000 103.482000
417.643000 106.375000 418.361000 103.680000
419.950000 106.586000 420.680000 103.844000
422.230000 106.800000 422.983000 104.016000
424.501000 107.035000 425.195000 104.223000
426.689000 107.263000 427.404000 104.424000
428.797000 107.501000 429.533000 104.623000
431.467000 107.838000 432.183000 104.894000
435.200000 108.016000 435.948000 104.976000
438.179000 107.826000 438.952000 104.686000
440.891000 107.360000 441.638000 104.148000
443.347000 107.014000 444.054000 103.640000
446.013000 106.953000 446.713000 103.390000
448.605000 107.352000 449.243000 103.648000
451.038000 108.200000 451.727000 104.310000
453.964000 109.547000 454.693000 105.461000
457.354000 111.308000 458.037000 107.168000
461.202000 113.514000 461.843000 109.339000
465.440000 116.067000 466.112000 111.838000
469.987000 118.904000 470.689000 114.608000
474.892000 121.975000 475.587000 117.598000
477.467000 123.602000 478.191000 119.193000
480.118000 125.286000 480.879000 120.849000
482.772000 127.016000 483.570000 122.515000
485.516000 128.725000 486.346000 124.162000
488.350000 130.325000 489.253000 125.708000
491.286000 131.768000 492.269000 127.102000
494.335000 133.059000 495.370000 128.312000
497.446000 134.116000 498.562000 129.297000
500.656000 134.878000 501.837000 130.017000
503.934000 135.333000 505.095000 130.398000
507.272000 135.536000 508.454000 130.541000
510.642000 135.523000 511.787000 130.461000
514.044000 135.357000 515.117000 130.215000
517.472000 135.172000 518.530000 129.949000
520.959000 134.933000 521.982000 129.627000
524.535000 134.670000 525.523000 129.282000
528.167000 134.388000 529.218000 128.925000
531.880000 134.109000 532.899000 128.564000
535.661000 133.799000 536.690000 128.172000
539.509000 133.450000 540.517000 127.736000
543.463000 133.042000 544.450000 127.257000
547.493000 132.579000 548.372000 126.738000
551.575000 132.078000 552.450000 126.164000
555.712000 131.526000 556.568000 125.532000
559.908000 130.917000 560.664000 124.855000
564.166000 130.274000 564.911000 124.127000
568.489000 129.596000 569.219000 123.365000
572.871000 128.905000 573.564000 122.591000
577.301000 128.191000 577.955000 121.800000
581.746000 127.487000 582.378000 120.988000
586.219000 126.799000 586.835000 120.175000
590.706000 126.108000 591.280000 119.381000
595.189000 125.440000 595.697000 118.616000
599.666000 124.776000 600.157000 117.858000
604.119000 124.105000 604.573000 117.115000
608.555000 123.413000 608.938000 116.372000
613.002000 122.763000 613.332000 115.661000
617.444000 122.117000 617.720000 114.962000
621.878000 121.471000 622.069000 114.257000
626.288000 120.823000 626.385000 113.555000
630.638000 120.216000 630.671000 112.905000
634.910000 119.611000 634.951000 112.252000
639.108000 119.020000 639.071000 111.616000
643.181000 118.442000 643.145000 110.989000
647.050000 117.884000 647.083000 110.375000
650.669000 117.345000 650.712000 109.794000
654.016000 116.863000 654.072000 109.271000
657.051000 116.440000 657.104000 108.819000
661.293000 115.858000 661.322000 108.202000
665.139000 114.999000 665.176000 107.312000
667.731000 113.722000 667.734000 105.974000
668.816000 112.652000 668.919000 104.899000
669.722000 111.421000 669.753000 103.641000
670.375000 110.040000 670.333000 102.230000
670.744000 108.532000 670.601000 100.715000
670.854000 106.906000 670.574000 99.044100
670.480000 105.204000 670.210000 97.304000
669.886000 103.505000 669.493000 95.552700
668.934000 101.812000 668.407000 93.801300
666.784000 99.000000 666.075000 90.937100
664.141000 96.167000 663.343000 88.116000
662.337000 94.534600 661.488000 86.510200
660.361000 93.031900 659.501000 85.052700
658.250000 91.661500 657.346000 83.740900
656.027000 90.355500 655.099000 82.506900
653.733000 88.982200 652.780000 81.213800
651.392000 87.592500 650.403000 79.878700
648.984000 86.119100 647.962000 78.458100
646.531000 84.593900 645.463000 76.965500
643.981000 83.021900 642.844000 75.420900
641.393000 81.410500 640.255000 73.867000
638.831000 79.768000 637.687000 72.285900
636.315000 78.099100 635.163000 70.678400
633.852000 76.448600 632.689000 69.089700
631.457000 74.808400 630.271000 67.527200
629.106000 73.211000 627.912000 66.010100
626.111000 71.120900 624.892000 64.019000
623.995000 69.605800 622.765000 62.587900
620.226000 66.851200 618.992000 60.006300
618.154000 65.289100 616.915000 58.547500
615.820000 63.530900 614.555000 56.875500
614.153000 62.326400 612.850000 55.687400
612.671000 61.198100 611.322000 54.599300
610.882000 59.841100 609.478000 53.286400
609.427000 58.683200 607.961000 52.193500
607.855000 57.398100 606.368000 50.972300
605.799000 55.571100 604.337000 49.232100
604.157000 53.983600 602.709000 47.710200
602.824000 52.615000 601.370000 46.393400
601.378000 51.124600 599.918000 44.963400
599.850000 49.500700 598.359000 43.399100
597.061000 46.531100 595.485000 40.526300
595.276000 44.589700 593.631000 38.651900
593.444000 42.548700 591.736000 36.682900
591.620000 40.479200 589.864000 34.672800
589.812000 38.407600 588.021000 32.653200
587.971000 36.345800 586.163000 30.653200
586.102000 34.259400 584.268000 28.648000
582.910000 30.778500 580.999000 25.280100
580.956000 28.682900 579.002000 23.248000
578.982000 26.559700 576.975000 21.187100
576.990000 24.412100 574.941000 19.112500
575.013000 22.261800 572.940000 17.043200
573.061000 20.092300 570.923000 14.924000
571.135000 17.942000 568.966000 12.847600
569.253000 15.812400 567.036000 10.772100
567.403000 13.684500 565.152000 8.708750
565.597000 11.594800 563.302000 6.673020
563.777000 9.568870 561.441000 4.705000
562.016000 7.610880 559.627000 2.790790
560.358000 5.761760 557.930000 0.995590
558.301000 3.537410 555.835000 -1.157080
556.556000 1.653290 554.047000 -2.984440
554.419000 -0.707363 551.830000 -5.287920
552.556000 -2.730760 549.909000 -7.259610
550.948000 -4.451910 548.252000 -8.927430
549.472000 -6.063500 546.718000 -10.516100
548.258000 -7.479970 545.456000 -11.887800
547.312000 -8.609270 544.449000 -12.984100
546.412000 -9.667370 543.534000 -13.988600
545.286000 -10.994900 542.361000 -15.264100
